00001  10.422120  -9.315870   0.055100  13772.217  18300.444    249  223    786.379    -35.318     44.447   1.539704  -0.046277   0.058098  10.939866  -0.986420   1.238393   2.140753  -0.064342   0.080778  11.761433  -1.060499   1.331395   0.055492   0.002769  3.916
00002  14.071010  -1.251270   0.044200  11018.950  15467.927    264  244    651.400    -33.457     43.799   1.288006  -0.044170   0.057788   6.338263  -0.652075   0.853120   1.780642  -0.061064   0.079890   6.698947  -0.689182   0.901667   0.044143   0.002269  3.988
00003  49.946700  41.513100   0.017900   2962.951   7208.956    204  177    924.927    -38.182     40.857   1.479448  -0.040846   0.043693   9.373342  -0.776358   0.830477   2.103080  -0.058063   0.062111  10.770183  -0.892053   0.954237   0.017401   0.003139  1.901
00004 176.188510  19.699490   0.022000   4435.546   8468.286    549  435    629.229    -21.315     26.690   1.340308  -0.116301   0.228959   6.995944  -1.821152   3.585266   1.854846  -0.160948   0.316856   7.416798  -1.930707   3.800945   0.022013   0.002145  3.986
00005 194.952410  27.982700   0.023100   4358.308   9967.883    983  951    890.269    -20.257     21.813   1.681286  -0.142074   0.280202  13.822849  -3.504220   6.911123   2.343592  -0.198041   0.390582  14.975416  -3.796407   7.487381   0.023236   0.003039  3.975
00006 207.253490  26.584170   0.062500  17009.837  20194.838    232  165    608.669    -27.742     32.966   1.318972  -0.040252   0.047710   6.925914  -0.634086   0.751567   1.825097  -0.055698   0.066017   7.339874  -0.671985   0.796488   0.062594   0.002157  3.940
00007 227.744600   5.761700   0.077300  21560.363  25584.942    331  313    923.574    -27.222     30.023   1.901402  -0.037404   0.041245  21.047286  -1.242106   1.369655   2.662766  -0.052381   0.057760  23.122412  -1.364570   1.504694   0.078312   0.003322  3.996
00008 229.189540   7.002330   0.035500   8929.621  11830.611    519  225    477.775    -26.262     31.453   1.158986  -0.042523   0.050911   4.580436  -0.504170   0.603611   1.598074  -0.058634   0.070198   4.803116  -0.528681   0.632956   0.034164   0.001648  3.988
00009 230.757450   8.638400   0.034900   8544.802  11881.791    379  215    571.465    -33.023     38.288   1.237859  -0.047767   0.055361   5.577538  -0.645685   0.748337   1.709480  -0.065966   0.076453   5.875989  -0.680235   0.788380   0.034391   0.001972  3.994
00010 239.583340  27.233410   0.090900  24157.408  28976.344    366  308    840.807    -28.267     36.793   1.743713  -0.039111   0.050961  16.450227  -1.106910   1.442297   2.434526  -0.054605   0.071150  17.908111  -1.205009   1.570119   0.089851   0.003057  3.957
00011 247.154200  39.524400   0.030200   7053.394  11086.742    676  651    655.374    -16.373     18.698   1.484238  -0.116788   0.213802   9.572794  -2.259724   4.136835   2.060042  -0.162096   0.296746  10.238014  -2.416754   4.424306   0.030520   0.002253  3.996
00012 255.641710  34.078080   0.096800  27944.351  31995.560    216  173   1472.962    -53.224     69.371   2.470153  -0.059919   0.077703  47.037427  -3.422991   4.438909   3.501684  -0.084941   0.110151  53.599795  -3.900546   5.058197   0.097324   0.005392  3.991
00013 258.208500  64.052940   0.080600  21179.213  26283.674    248  218    878.250    -36.607     46.995   1.617206  -0.045049   0.057779  12.991660  -1.085692   1.392486   2.251761  -0.062725   0.080450  14.027986  -1.172296   1.503563   0.079942   0.003164  3.959
00014 230.461200   7.705000   0.044200  11735.094  14611.441    347  127    522.205    -25.224     33.613   1.106201  -0.035842   0.047588   4.015305  -0.390297   0.518211   1.523923  -0.049376   0.065559   4.199190  -0.408171   0.541943   0.044561   0.001820  3.962
00015 195.718960  -2.517780   0.084300  23624.221  26622.458    150  114    504.485    -31.419     41.014   1.194224  -0.049813   0.064910   5.250428  -0.657010   0.856140   1.648008  -0.068741   0.089575   5.519186  -0.690640   0.899964   0.083443   0.001823  3.981
00016 329.365170  -7.803580   0.057900  16331.926  18611.017    204  144    493.373    -23.567     30.566   1.100363  -0.035275   0.045531   4.003750  -0.385054   0.497002   1.515730  -0.048591   0.062718   4.185861  -0.402569   0.519608   0.058041   0.001741  3.962
00017 240.571700  15.895300   0.035000   8967.008  13576.125    803  773   1106.540    -24.945     27.514   2.121578  -0.159216   0.281338  28.083197  -6.322612  11.172173   2.984861  -0.224002   0.395817  31.282509  -7.042900  12.444936   0.037440   0.003829  3.990
00018 230.677500  27.722500   0.072600  19150.068  24389.355    287  233   1062.677    -41.599     47.148   1.902987  -0.049734   0.056351  21.004041  -1.646793   1.865905   2.665349  -0.069658   0.078926  23.084337  -1.809896   2.050709   0.072167   0.003801  3.986
00019 194.653170  -1.726170   0.083800  24162.451  27673.704    134  113    596.961    -43.207     59.808   1.367394  -0.066210   0.091393   7.877811  -1.144346   1.579594   1.894030  -0.091710   0.126592   8.374235  -1.216457   1.679133   0.083776   0.002158  3.944
00020 184.419200   3.662500   0.075000  20420.921  24947.133    214  210    754.237    -42.047     49.995   1.555220  -0.057862   0.068847  11.491590  -1.282643   1.526137   2.162817  -0.080468   0.095744  12.362995  -1.379905   1.641864   0.077428   0.002711  3.938
