"clusterID" "ra" "dec" "r" "zspec" "Vel" "Flag"
"772" 4 176.38885 19.507824 17.1208 0.015037 4507.976 0
"754" 4 176.33513 19.549509 17.2698 0.015997 4795.675 0
"731" 4 176.27439 19.636509 17.3306 0.01625 4871.687 0
"718" 4 176.19983 19.688506 14.5792 0.016278 4880.073 0
"748" 4 176.00811 19.784426 15.0786 0.016327 4894.846 0
"777" 4 176.26618 19.973681 12.897 0.016883 5061.411 0
"820" 4 176.51279 19.436993 14.6092 0.017307 5188.379 0
"883" 4 175.70872 19.272135 17.1964 0.017533 5256.339 0
"837" 4 176.59066 19.484322 16.2443 0.01763 5285.239 0
"821" 4 176.43591 20.030852 15.1461 0.017739 5317.898 0
"919" 4 176.90654 20.150173 17.0932 0.017744 5319.586 0
"766" 4 176.20677 19.941101 16.4482 0.017784 5331.608 0
"769" 4 176.44213 19.773761 12.568 0.017954 5382.516 0
"743" 4 176.00419 19.716048 17.5189 0.017962 5384.917 0
"869" 4 176.75344 19.458403 16.341 0.017966 5385.942 0
"839" 4 176.65198 19.809494 17.5581 0.018048 5410.609 0
"874" 4 176.7755 19.456196 17.29 0.018095 5424.718 0
"762" 4 176.42151 19.770238 14.9833 0.018103 5427.14 0
"768" 4 176.21764 19.454195 14.139 0.018239 5468.05 0
"815" 4 176.54988 19.852909 15.1905 0.01825 5471.212 0
"797" 4 176.49482 19.529025 14.2818 0.01831 5489.146 0
"862" 4 175.8053 20.131925 16.3181 0.018312 5489.77 0
"875" 4 175.8159 20.195071 17.6166 0.018376 5509.082 0
"739" 4 176.08646 19.825926 14.2386 0.018489 5542.965 0
"796" 4 176.32956 19.394157 17.1473 0.018549 5560.877 0
"834" 4 176.01582 20.098937 15.6907 0.01859 5573.172 0
"801" 4 176.45234 19.467055 17.7584 0.018592 5573.876 0
"932" 4 177.11844 19.76 17.4265 0.018652 5591.714 0
"809" 4 176.07617 20.04247 17.2696 0.018703 5607.123 0
"752" 4 175.99823 19.778955 14.4023 0.018706 5607.966 0
"730" 4 176.20485 19.795059 13.1152 0.018711 5609.492 0
"767" 4 176.22108 19.456621 16.0232 0.018817 5641.291 0
"757" 4 176.41791 19.717407 17.5537 0.018825 5643.461 0
"798" 4 176.02277 19.996102 14.1824 0.018843 5649.109 0
"868" 4 175.86865 19.203881 16.2645 0.01886 5654.224 0
"795" 4 176.52578 19.790226 14.3685 0.018884 5661.26 0
"785" 4 176.10953 19.997508 16.8564 0.018909 5668.866 0
"935" 4 175.85372 20.55758 14.7647 0.01895 5681.01 0
"784" 4 176.49417 19.803047 15.1547 0.018992 5693.796 0
"880" 4 176.3672 20.294285 15.118 0.01903 5705.065 0
"930" 4 175.71242 20.442187 15.7627 0.019049 5710.783 0
"722" 4 176.15231 19.751606 16.1275 0.019076 5718.889 0
"944" 4 176.67687 18.848666 15.788 0.019121 5732.475 0
"917" 4 175.45016 20.10373 12.3789 0.019123 5732.859 0
"894" 4 176.87914 19.872383 15.2348 0.01917 5747.147 0
"990" 4 177.26098 18.853224 16.4577 0.019243 5768.96 0
"852" 4 175.71642 19.949192 16.5785 0.019313 5789.877 0
"818" 4 176.05795 19.336497 17.3389 0.019359 5803.571 0
"887" 4 176.17148 19.052903 16.4399 0.019391 5813.371 0
"1046" 4 177.47167 18.560574 16.7915 0.019405 5817.395 0
"884" 4 175.98945 20.300577 14.6645 0.019414 5820.288 0
"863" 4 176.77332 19.837185 12.646 0.01943 5825.012 0
"763" 4 175.98743 19.833362 17.6935 0.01944 5828.103 0
"848" 4 176.16708 19.210816 16.9535 0.019496 5844.856 0
"1072" 4 176.86768 18.053669 15.1195 0.019501 5846.259 0
"939" 4 175.32378 20.162123 17.2934 0.01954 5857.825 0
"900" 4 176.85449 19.392048 16.8308 0.019574 5868.03 0
"885" 4 176.12564 20.329044 15.4652 0.019578 5869.247 0
"788" 4 176.52287 19.661802 16.5978 0.019673 5897.73 0
"733" 4 176.20061 19.580951 15.1916 0.019677 5898.977 0
"1119" 4 177.87063 18.581908 17.328 0.019714 5910.118 0
"860" 4 176.3489 19.157617 14.9667 0.01973 5915.037 0
"855" 4 175.99043 20.190045 16.7496 0.019733 5915.739 0
"941" 4 175.57643 20.452428 16.4944 0.019758 5923.32 0
"938" 4 175.47628 20.343141 15.9478 0.019766 5925.638 0
"902" 4 175.5609 20.09784 14.6938 0.019779 5929.529 0
"965" 4 177.07652 18.937943 17.0861 0.019824 5943.014 0
"776" 4 176.27899 19.966857 15.092 0.019872 5957.38 0
"1146" 4 177.96864 18.546437 15.5018 0.019906 5967.765 0
"934" 4 176.26874 20.607602 16.1761 0.019959 5983.456 0
"898" 4 175.60206 20.119303 13.8773 0.019961 5984.226 0
"864" 4 175.7461 20.086876 14.2474 0.020078 6019.227 0
"1001" 4 177.62495 20.085598 16.9319 0.020091 6023.013 0
"914" 4 176.81265 19.176013 14.3141 0.020092 6023.571 0
"940" 4 176.94573 19.081948 15.7427 0.020104 6027.037 0
"878" 4 176.62959 19.250285 17.0834 0.020106 6027.552 0
"991" 4 177.46136 19.145212 17.0326 0.020119 6031.444 0
"721" 4 176.23991 19.738382 15.8547 0.020121 6032.118 0
"1186" 4 178.38025 20.340287 17.0212 0.020145 6039.289 0
"957" 4 177.1986 20.166825 16.4873 0.020146 6039.517 0
"1053" 4 177.98185 19.645937 16.5679 0.020205 6057.181 0
"1083" 4 174.29105 20.025303 16.8257 0.020221 6062.037 0
"1126" 4 178.00476 20.658984 15.239 0.02023 6064.855 0
"877" 4 176.59069 20.177436 17.5028 0.020256 6072.563 0
"911" 4 176.16807 20.477182 16.3347 0.020265 6075.15 0
"870" 4 176.44029 19.163853 14.8798 0.020279 6079.536 0
"962" 4 177.31123 19.361589 17.3977 0.020286 6081.632 0
"906" 4 175.80195 20.336 16.1972 0.020293 6083.775 0
"1005" 4 177.67303 20.015197 12.9312 0.020364 6104.932 0
"896" 4 175.56511 20.04868 15.4473 0.02038 6109.839 0
"871" 4 175.95376 20.248347 15.928 0.020386 6111.536 0
"905" 4 176.64346 19.110099 13.7747 0.020392 6113.284 0
"1075" 4 177.74413 20.705773 17.4508 0.020416 6120.548 0
"1036" 4 177.78827 20.308038 17.6521 0.020426 6123.645 0
"1100" 4 174.22507 19.969453 15.6389 0.020444 6129.065 0
"947" 4 176.22245 20.686927 17.6895 0.020453 6131.598 0
"922" 4 176.69076 19.017558 16.4095 0.020454 6131.832 0
"1071" 4 174.31677 19.619508 16.3579 0.020481 6139.959 0
"843" 4 176.2774 20.15645 15.0928 0.020486 6141.644 0
"800" 4 175.96227 19.435575 15.1337 0.020488 6142.295 0
"904" 4 176.91393 19.939372 14.1374 0.020511 6149.112 0
"1012" 4 177.6469 20.213183 16.6357 0.020514 6149.901 0
"755" 4 175.97319 19.739382 15.521 0.02053 6154.739 0
"765" 4 176.43863 19.691868 17.3707 0.020531 6155.075 0
"1123" 4 176.70985 17.814061 16.7348 0.020603 6176.663 0
"1008" 4 174.94155 20.554146 15.3876 0.020618 6181.121 0
"1061" 4 177.86192 18.965189 16.5754 0.020629 6184.53 0
"946" 4 177.04883 19.157087 16.1856 0.020642 6188.346 0
"859" 4 176.78413 19.701877 16.9764 0.020652 6191.422 0
"774" 4 176.0508 19.942773 16.9009 0.020658 6193.104 0
"1212" 4 178.55807 20.027542 15.1993 0.020659 6193.322 0
"857" 4 175.69215 19.948531 15.2717 0.020676 6198.614 0
"1027" 4 174.51595 19.861647 15.8445 0.020685 6201.102 0
"1219" 4 178.33467 20.751718 13.0753 0.020701 6205.857 0
"1153" 4 178.32639 20.107385 16.3526 0.020713 6209.745 0
"812" 4 176.45133 19.425828 17.1177 0.02075 6220.84 0
"1023" 4 177.77259 20.146737 15.3477 0.020761 6224.096 0
"1085" 4 174.27055 19.923791 15.0723 0.020788 6232.029 0
"936" 4 177.09022 19.337407 15.5069 0.020795 6234.277 0
"783" 4 176.009 19.949827 11.9672 0.020796 6234.586 0
"1098" 4 174.22645 19.971696 14.0216 0.020802 6236.151 0
"813" 4 175.80442 19.613051 17.4755 0.020818 6241.223 0
"1097" 4 174.22503 19.926335 15.8786 0.020824 6242.779 0
"793" 4 176.52622 19.634342 14.9373 0.02083 6244.536 0
"723" 4 176.11918 19.693588 17.0752 0.020837 6246.671 0
"1246" 4 175.35574 17.425616 16.6811 0.020846 6249.408 0
"971" 4 177.2777 19.168423 15.9305 0.020884 6260.815 0
"1147" 4 174.143 20.364263 16.3593 0.020915 6270.288 0
"1079" 4 174.28981 19.897968 15.2657 0.020927 6273.703 0
"740" 4 176.20895 19.532849 13.7236 0.020928 6273.91 0
"1128" 4 176.4277 17.747739 14.1946 0.020964 6284.888 0
"1000" 4 175.68107 21.012981 17.1933 0.020967 6285.76 0
"823" 4 175.94449 20.039141 14.6461 0.020969 6286.213 0
"1115" 4 174.20675 20.161285 17.6075 0.020997 6294.7 0
"789" 4 175.98686 19.95581 16.1952 0.021006 6297.47 0
"1223" 4 173.9208 20.533329 16.9128 0.021014 6299.812 0
"909" 4 175.67457 20.299727 15.3807 0.021017 6300.786 0
"773" 4 175.98511 19.894579 12.9614 0.02102 6301.769 0
"889" 4 175.72169 20.179444 15.5653 0.021051 6310.853 0
"866" 4 175.68819 20.032317 13.8641 0.021084 6320.911 0
"792" 4 176.00901 19.971921 13.6913 0.021093 6323.441 0
"781" 4 176.0851 19.980864 14.0746 0.021114 6329.839 0
"744" 4 176.26551 19.859482 16.4922 0.021136 6336.413 0
"787" 4 175.92152 19.88644 16.2642 0.021158 6342.862 0
"1045" 4 177.69517 20.552319 17.0767 0.021166 6345.35 0
"845" 4 175.8234 19.384029 14.5354 0.02118 6349.673 0
"1080" 4 174.29297 19.972035 16.4274 0.021192 6353.241 0
"802" 4 175.99459 19.991185 17.308 0.021209 6358.235 0
"858" 4 176.0717 20.223308 13.8693 0.021209 6358.403 0
"840" 4 175.77636 19.939002 14.9646 0.021212 6359.213 0
"725" 4 176.26978 19.682078 15.475 0.021228 6364.126 0
"1164" 4 177.74015 21.188788 15.848 0.021232 6365.277 0
"756" 4 176.23265 19.493812 14.881 0.021239 6367.43 0
"1086" 4 178.12585 19.761351 16.9966 0.021245 6368.983 0
"1242" 4 178.47652 20.749655 14.9846 0.021254 6371.75 0
"746" 4 176.07898 19.844658 13.8224 0.021254 6371.789 0
"964" 4 175.99209 20.806388 14.9089 0.021256 6372.308 0
"786" 4 176.37477 19.444691 13.7546 0.02127 6376.616 0
"1095" 4 177.7594 20.799708 13.9649 0.02128 6379.524 0
"1224" 4 177.63922 17.858096 14.0683 0.021293 6383.46 0
"888" 4 176.36889 20.323795 17.5694 0.021296 6384.494 0
"780" 4 176.49295 19.649754 16.4639 0.021307 6387.702 0
"1094" 4 177.66454 20.90734 14.7871 0.021309 6388.277 0
"873" 4 175.57551 19.837768 15.6142 0.021311 6389.012 0
"1151" 4 177.731 21.145483 14.8213 0.021352 6401.151 0
"1180" 4 174.08329 20.521775 14.0537 0.021372 6407.036 0
"720" 4 176.19427 19.757886 14.9129 0.021396 6414.278 0
"844" 4 176.40028 19.279625 16.9406 0.021411 6418.874 0
"1244" 4 173.84042 20.644585 16.1973 0.021428 6424.001 0
"1183" 4 178.16577 20.768362 16.065 0.021434 6425.829 0
"1256" 4 178.54298 20.746768 15.7194 0.021441 6427.925 0
"799" 4 176.52171 19.576125 16.845 0.021447 6429.697 0
"966" 4 177.10347 18.940625 17.2679 0.021449 6430.347 0
"751" 4 176.29449 19.533182 15.1824 0.02147 6436.604 0
"1065" 4 177.58941 18.551471 16.0193 0.021478 6439.086 0
"833" 4 176.35554 19.298112 15.5771 0.021498 6444.974 0
"842" 4 175.75496 19.909803 16.7553 0.021499 6445.229 0
"1234" 4 174.27794 18.193933 15.2713 0.021519 6451.204 0
"1190" 4 178.00455 18.342947 15.2587 0.021539 6457.233 0
"1039" 4 177.75462 20.39933 13.6565 0.021539 6457.272 0
"736" 4 176.26834 19.570675 16.8431 0.021541 6457.889 0
"895" 4 175.66609 20.172769 16.925 0.021548 6460.045 0
"729" 4 176.21743 19.609949 14.901 0.021552 6461.049 0
"854" 4 175.99263 20.185535 14.7547 0.021571 6466.805 0
"1157" 4 178.23703 20.443042 16.8407 0.021575 6468.109 0
"969" 4 175.15269 20.313704 15.4915 0.021582 6470.214 0
"734" 4 176.27094 19.606347 12.467 0.021596 6474.303 0
"1156" 4 177.7763 21.122224 15.6265 0.021602 6476.081 0
"981" 4 175.02355 20.272858 17.5974 0.02164 6487.461 0
"1198" 4 178.31656 20.631288 16.8767 0.02164 6487.548 0
"1038" 4 175.43101 21.165651 14.9502 0.021647 6489.709 0
"1014" 4 177.71147 20.048862 14.5572 0.021653 6491.478 0
"1112" 4 178.10173 20.324662 15.597 0.021657 6492.704 0
"826" 4 175.92313 20.02696 17.1625 0.021669 6496.086 0
"1111" 4 178.10101 20.326209 17.134 0.021687 6501.635 0
"950" 4 175.91594 18.740579 15.6885 0.021716 6510.227 0
"1213" 4 178.11151 18.350626 16.8057 0.021731 6514.826 0
"1161" 4 178.23573 20.479107 13.2077 0.021747 6519.632 0
"968" 4 175.17366 20.34295 12.3041 0.021776 6528.155 0
"1026" 4 175.24879 21.0098 15.6267 0.021785 6530.862 0
"1064" 4 177.3762 21.043462 14.2232 0.021797 6534.48 0
"1122" 4 174.12417 19.832838 17.5597 0.021842 6548.115 0
"924" 4 175.343 19.962679 13.7656 0.021849 6550.066 0
"951" 4 176.58012 20.640447 16.7385 0.021864 6554.524 0
"918" 4 176.72404 20.331588 17.7395 0.021864 6554.704 0
"1032" 4 174.74683 20.560346 17.1009 0.02187 6556.392 0
"758" 4 176.06346 19.510991 16.5004 0.021896 6564.367 0
"749" 4 175.98608 19.670628 17.369 0.021897 6564.657 0
"1108" 4 177.92588 20.661232 17.5098 0.021902 6566.042 0
"847" 4 176.42238 19.267411 15.9811 0.021924 6572.707 0
"1104" 4 178.11304 20.217433 17.3177 0.021927 6573.633 0
"831" 4 176.196 20.125095 13.2924 0.021928 6573.915 0
"778" 4 175.90412 19.604646 14.5847 0.021949 6580.217 0
"807" 4 175.82355 19.782678 15.6659 0.021959 6583.095 0
"960" 4 175.22966 20.324603 15.5992 0.02202 6601.373 0
"1249" 4 178.33594 21.021517 14.1038 0.02202 6601.391 0
"1149" 4 178.12722 20.625473 14.4369 0.02204 6607.564 0
"865" 4 176.02398 20.248195 15.1445 0.022041 6607.836 0
"1087" 4 177.95175 20.45771 15.1554 0.022061 6613.578 0
"1200" 4 177.9993 21.108435 13.8414 0.022133 6635.256 0
"1024" 4 176.55055 21.227463 15.5743 0.022147 6639.591 0
"1102" 4 174.22598 19.997234 14.1786 0.022153 6641.317 0
"1125" 4 174.1183 19.811439 13.3496 0.022155 6641.983 0
"1042" 4 176.69456 21.27149 14.3741 0.022161 6643.596 0
"908" 4 175.43692 19.432301 15.4592 0.022177 6648.641 0
"805" 4 175.95446 19.968466 14.6285 0.02218 6649.466 0
"1165" 4 176.59822 21.75323 16.246 0.022184 6650.491 0
"1168" 4 178.17757 20.631311 12.5154 0.022213 6659.308 0
"954" 4 176.67655 20.648676 17.4187 0.022236 6666.332 0
"732" 4 176.09259 19.7745 15.5615 0.02224 6667.432 0
"1096" 4 174.52326 20.698685 16.4095 0.022245 6668.748 0
"1239" 4 175.79401 17.336044 20.8264 0.022248 6669.783 0
"1195" 4 178.36921 20.485502 15.5256 0.022265 6674.891 0
"1185" 4 178.27173 20.583045 16.6647 0.022275 6677.748 0
"1020" 4 177.5795 20.480315 15.8394 0.022288 6681.843 0
"1124" 4 176.3123 21.644417 15.0707 0.022297 6684.574 0
"996" 4 176.56299 21.024067 17.5413 0.022298 6684.697 0
"1073" 4 174.607 20.665357 16.5632 0.022316 6690.028 0
"901" 4 175.94902 20.36334 15.5055 0.02236 6703.446 0
"927" 4 175.49731 20.255376 16.0576 0.022361 6703.749 0
"1241" 4 173.7965 20.513783 17.4932 0.022362 6703.959 0
"838" 4 175.72636 19.647764 17.0249 0.022362 6703.992 0
"1132" 4 177.34058 21.355208 16.2655 0.022372 6706.996 0
"1049" 4 177.57737 20.745695 17.6584 0.022381 6709.724 0
"1174" 4 178.22396 20.591327 16.9255 0.022396 6714.218 0
"1158" 4 176.12808 17.626363 15.4381 0.022398 6714.692 0
"816" 4 176.12732 20.076679 13.7158 0.022409 6717.986 0
"1173" 4 178.20066 20.619143 17.3451 0.022411 6718.631 0
"1142" 4 177.98872 20.798166 16.0763 0.022428 6723.604 0
"961" 4 176.90906 20.565539 15.8394 0.022429 6724.063 0
"1013" 4 176.40738 21.153524 17.3442 0.022436 6726.252 0
"1127" 4 175.62133 21.587368 14.8928 0.022447 6729.294 0
"856" 4 176.06874 20.216865 14.1542 0.022451 6730.79 0
"995" 4 176.48159 21.025519 13.4747 0.022453 6731.198 0
"955" 4 175.10373 19.963393 15.5844 0.022464 6734.553 0
"1235" 4 175.81369 17.368545 15.6611 0.022474 6737.68 0
"1216" 4 178.08301 21.102315 14.0356 0.022479 6738.996 0
"1205" 4 178.28449 20.734602 16.9426 0.022531 6754.516 0
"775" 4 176.47098 19.611512 15.063 0.022533 6755.28 0
"829" 4 176.62454 19.774401 15.2828 0.022549 6760.131 0
"899" 4 175.57927 20.095899 16.3812 0.022558 6762.802 0
"982" 4 174.85193 19.534723 14.3478 0.022559 6762.973 0
"1232" 4 178.49867 20.572535 13.7344 0.022562 6764.004 0
"1178" 4 178.2056 20.670043 14.9684 0.02257 6766.268 0
"811" 4 175.82534 19.567052 16.5907 0.022578 6768.72 0
"1006" 4 174.67556 19.910047 17.366 0.022586 6771.244 0
"1040" 4 176.41229 21.318087 15.2403 0.022587 6771.487 0
"994" 4 174.96216 20.394928 15.128 0.022589 6772.033 0
"1010" 4 176.65932 21.088785 16.7138 0.022593 6773.331 0
"926" 4 177.05561 19.447918 14.6752 0.022598 6774.563 0
"980" 4 177.24326 20.376492 16.8285 0.022599 6774.932 0
"1220" 4 178.36626 20.694422 15.4358 0.022612 6778.814 0
"891" 4 175.83773 20.263292 15.777 0.022613 6779.3 0
"893" 4 175.9072 19.09046 13.5735 0.022614 6779.423 0
"1171" 4 177.58903 21.325884 15.8589 0.022619 6781.15 0
"1120" 4 175.44111 21.508344 15.4504 0.022634 6785.652 0
"1070" 4 177.18291 21.190009 15.4175 0.022651 6790.635 0
"794" 4 176.31531 19.39211 14.1893 0.022652 6791.019 0
"814" 4 176.0033 20.029338 13.6979 0.022683 6800.114 0
"997" 4 174.71244 19.601457 15.0422 0.022694 6803.64 0
"817" 4 175.98614 20.03084 16.5688 0.0227 6805.316 0
"1055" 4 177.11454 21.15664 14.5034 0.02272 6811.153 0
"1229" 4 175.80496 22.006468 17.7534 0.022739 6816.846 0
"1255" 4 173.72311 20.488084 14.3703 0.022756 6822.026 0
"931" 4 175.46862 20.249085 15.3364 0.022766 6825.162 0
"1209" 4 178.37946 20.590602 16.0152 0.022783 6830.235 0
"810" 4 176.39178 20.008645 17.4933 0.022834 6845.587 0
"1121" 4 177.84813 20.859005 17.1615 0.02285 6850.309 0
"741" 4 176.01263 19.740226 15.7337 0.022864 6854.494 0
"970" 4 176.25703 20.8519 17.2845 0.022864 6854.533 0
"907" 4 176.27458 20.437897 13.4058 0.022871 6856.688 0
"1218" 4 178.19516 20.965046 17.1109 0.022889 6861.884 0
"972" 4 175.47722 20.640489 17.6853 0.022889 6861.893 0
"1093" 4 177.97003 20.455549 17.493 0.02289 6862.138 0
"978" 4 176.61281 20.830501 17.6481 0.022912 6868.986 0
"973" 4 175.90872 20.831631 16.4757 0.022922 6871.891 0
"808" 4 175.94756 19.975061 15.0831 0.022939 6876.924 0
"882" 4 175.93323 20.272696 14.0001 0.02294 6877.254 0
"1196" 4 178.29573 20.658826 13.8571 0.022961 6883.415 0
"1060" 4 175.87736 21.412499 17.0355 0.022976 6888.154 0
"1114" 4 177.89975 20.73261 17.3776 0.022977 6888.181 0
"1145" 4 178.09045 20.651856 14.7018 0.023006 6897.097 0
"836" 4 175.83197 19.422875 15.8005 0.023021 6901.615 0
"989" 4 174.79678 19.586186 15.8144 0.023036 6906.016 0
"1215" 4 178.46026 20.451639 17.0755 0.023048 6909.656 0
"1116" 4 174.49261 20.778571 14.2833 0.023071 6916.47 0
"892" 4 176.38771 20.332123 17.9559 0.023081 6919.534 0
"1206" 4 177.82036 21.313643 15.1096 0.023082 6919.696 0
"1230" 4 174.29979 21.218638 17.395 0.023104 6926.519 0
"910" 4 176.55077 20.391647 12.5952 0.023125 6932.812 0
"1043" 4 177.71443 20.496883 13.8606 0.023126 6933.087 0
"771" 4 175.96389 19.862122 16.5893 0.023141 6937.584 0
"963" 4 176.36528 20.807171 13.7589 0.023143 6937.956 0
"1003" 4 174.90811 20.454691 13.4058 0.023154 6941.502 0
"759" 4 176.39609 19.591748 16.5916 0.023171 6946.527 0
"1228" 4 178.48266 20.551651 15.7361 0.023183 6950.134 0
"1054" 4 177.95204 19.35813 15.215 0.023185 6950.583 0
"1248" 4 178.42367 20.8825 13.0561 0.023199 6954.858 0
"1243" 4 176.20188 22.098853 16.0905 0.023217 6960.195 0
"822" 4 175.75896 19.649728 14.0464 0.023244 6968.418 0
"988" 4 176.40105 20.989574 17.7446 0.023272 6976.626 0
"1031" 4 174.98553 20.837191 16.7473 0.023277 6978.314 0
"1018" 4 174.61733 19.98058 15.998 0.023283 6979.963 0
"1034" 4 176.39843 21.30492 16.2814 0.023291 6982.331 0
"886" 4 176.34938 20.32543 13.3934 0.023311 6988.429 0
"1004" 4 175.55392 18.40383 14.4096 0.02332 6991.034 0
"1199" 4 177.95635 21.154115 17.5722 0.023337 6996.284 0
"872" 4 175.83595 20.191263 17.6118 0.023348 6999.647 0
"958" 4 176.79319 20.601916 17.178 0.023374 7007.475 0
"959" 4 176.69658 20.675422 13.2314 0.023375 7007.67 0
"1170" 4 177.80802 21.13329 14.801 0.023393 7013.081 0
"942" 4 176.45349 20.628617 14.3813 0.023417 7020.171 0
"846" 4 175.80456 20.004831 15.563 0.023423 7021.925 0
"1011" 4 177.33046 20.692441 17.0851 0.023426 7023.04 0
"782" 4 175.98936 19.935674 15.7812 0.023436 7025.831 0
"985" 4 175.69745 20.91045 17.6185 0.023473 7036.989 0
"850" 4 175.79567 20.029726 15.5878 0.023477 7038.15 0
"876" 4 176.32839 20.292623 17.0419 0.023496 7043.966 0
"1169" 4 177.9272 21.002734 13.851 0.023511 7048.552 0
"992" 4 177.13917 20.682556 17.2693 0.023518 7050.405 0
"1192" 4 175.63087 21.824968 17.1552 0.023538 7056.476 0
"1237" 4 178.53247 20.609099 16.9397 0.023571 7066.366 0
"1172" 4 177.81456 21.137623 17.523 0.023588 7071.466 0
"1155" 4 177.92061 20.958944 17.0938 0.023611 7078.343 0
"945" 4 175.294 20.188542 17.6103 0.023626 7082.861 0
"1035" 4 177.29736 20.937827 16.7329 0.02367 7095.947 0
"1019" 4 176.31461 21.204168 17.1157 0.023679 7098.762 0
"1262" 4 176.13593 22.15979 16.9338 0.023693 7103.121 0
"1159" 4 178.17957 20.593823 15.3247 0.023727 7113.272 0
"1175" 4 178.29513 20.442564 16.8347 0.02374 7116.989 0
"921" 4 175.72176 20.400703 17.7202 0.023764 7124.163 0
"1081" 4 175.95877 21.499575 16.0582 0.023769 7125.836 0
"920" 4 176.5375 20.447463 15.5533 0.023769 7125.848 0
"770" 4 176.45535 19.748323 17.2667 0.023779 7128.879 0
"1263" 4 173.76776 20.635236 16.2435 0.023887 7161.283 0
"791" 4 176.51524 19.78694 15.7213 0.023919 7170.721 0
"999" 4 175.32261 20.831469 15.2947 0.023943 7178.054 0
"998" 4 175.32285 20.830912 20.2754 0.02397 7186.004 0
"867" 4 176.06684 20.267824 16.5954 0.024013 7198.781 0
"825" 4 176.13385 20.106622 15.2425 0.024021 7201.195 0
"1193" 4 178.28629 20.647736 16.4642 0.024024 7202.268 0
"975" 4 175.27819 20.508533 17.5243 0.024046 7208.899 0
"1052" 4 174.62524 20.525835 15.4801 0.024049 7209.712 0
"925" 4 176.02235 20.526138 17.5282 0.024065 7214.482 0
"929" 4 175.56463 19.069955 16.2758 0.024084 7220.079 0
"1051" 4 174.58575 20.433276 15.5461 0.024085 7220.375 0
"912" 4 175.56625 20.215728 15.7018 0.024092 7222.495 0
"923" 4 177.01402 20.006338 13.639 0.024126 7232.772 0
"727" 4 176.1396 19.626709 16.7644 0.024132 7234.727 0
"849" 4 176.21837 20.188086 17.5785 0.024155 7241.487 0
"828" 4 176.10459 20.107818 14.6073 0.024161 7243.373 0
"1009" 4 176.92877 20.975342 17.3461 0.024176 7247.92 0
"835" 4 176.50366 19.384454 16.1482 0.024202 7255.526 0
"928" 4 175.89178 20.510569 17.3355 0.024206 7256.656 0
"819" 4 176.60947 19.719934 16.0432 0.024254 7271.034 0
"761" 4 176.01988 19.533503 16.377 0.024279 7278.631 0
"1007" 4 175.66347 18.344665 16.5919 0.02428 7279.021 0
"851" 4 175.73523 19.966222 15.4655 0.02429 7281.854 0
"790" 4 176.22736 20.017072 16.1851 0.024319 7290.527 0
"1101" 4 177.22416 21.294024 15.6978 0.024366 7304.689 0
"881" 4 176.18096 20.319827 17.1252 0.024396 7313.881 0
"1129" 4 177.05434 21.494502 17.6797 0.024426 7322.626 0
"1090" 4 177.2874 21.210695 17.4736 0.024449 7329.551 0
"987" 4 175.76359 18.461902 17.1509 0.024457 7331.943 0
"915" 4 176.49932 20.438933 14.3034 0.024463 7333.721 0
"861" 4 175.66385 19.968952 17.0393 0.024514 7349.073 0
"830" 4 175.99567 20.077028 13.649 0.024547 7359.041 0
"903" 4 176.09504 20.409368 17.5502 0.024599 7374.634 0
"824" 4 176.10805 20.102675 15.6794 0.024679 7398.47 0
"803" 4 176.39703 19.416513 15.027 0.024711 7408.141 0
"853" 4 176.59889 20.03866 16.4681 0.024721 7411.205 0
"1062" 4 176.6671 21.380847 16.7521 0.02475 7419.836 0
"1066" 4 177.10403 21.227978 17.4797 0.02477 7425.79 0
"1109" 4 177.76722 20.88261 17.7102 0.02483 7443.886 0
"1179" 4 177.55256 21.41496 16.9834 0.024852 7450.37 0
"832" 4 176.36943 20.093576 17.3444 0.024927 7473.05 0
"804" 4 176.37343 19.400163 12.9636 0.024946 7478.758 0
"806" 4 175.81762 19.748732 14.0254 0.025026 7502.543 0
"742" 4 176.28868 19.554159 15.6043 0.025073 7516.837 0
"1227" 4 178.38342 20.757945 17.3102 0.02518 7548.795 0
"1117" 4 177.61662 21.086026 17.6827 0.025185 7550.3 0
"1211" 4 178.31242 20.735686 16.0463 0.025225 7562.187 0
"1050" 4 174.50306 20.242304 19.5063 0.025253 7570.731 0
"1107" 4 177.86314 20.752126 17.4258 0.025298 7584.183 0
"779" 4 175.91293 19.579538 15.8557 0.025329 7593.494 0
"1103" 4 174.29642 20.274223 16.0806 0.025395 7613.107 0
"1030" 4 174.66051 20.404612 17.6909 0.02543 7623.689 0
"1184" 4 177.96064 21.050892 17.4366 0.025456 7631.598 0
"1177" 4 174.0628 20.419596 17.5933 0.025459 7632.434 0
"879" 4 176.07917 20.303595 15.8053 0.025465 7634.35 0
"1068" 4 175.51451 21.340208 17.2569 0.025546 7658.543 0
"1210" 4 177.86452 21.304517 15.8476 0.025568 7665.184 0
"1140" 4 177.5169 21.279844 14.9907 0.025584 7669.914 0
"1002" 4 176.69944 21.031885 16.898 0.025612 7678.377 0
"1092" 4 177.22774 21.255844 17.6408 0.025635 7685.15 0
"1261" 4 177.60827 21.764787 17.1114 0.025637 7685.77 0
"1154" 4 177.71963 21.168976 14.4696 0.025641 7687.023 0
"1029" 4 176.10135 21.290076 16.9464 0.02573 7713.609 0
"1063" 4 174.39978 20.16399 14.2837 0.025757 7721.739 0
"747" 4 176.31191 19.84554 13.7626 0.025772 7726.254 0
"1044" 4 176.33289 21.339508 15.6508 0.025807 7736.717 0
"1016" 4 174.81748 20.427644 14.0439 0.025814 7738.759 0
"719" 4 176.23733 19.731904 14.3096 0.025847 7748.793 0
"738" 4 176.03189 19.737531 14.3828 0.025859 7752.318 0
"827" 4 175.84148 19.951633 16.7444 0.025878 7757.894 0
"890" 4 175.56158 19.976529 15.057 0.02606 7812.657 0
"745" 4 176.19772 19.876385 14.4472 0.026077 7817.742 0
"897" 4 175.45761 19.767893 17.6204 0.026098 7824.13 0
"764" 4 176.43188 19.648519 16.8018 0.026162 7843.041 0
"750" 4 176.01339 19.80109 14.9344 0.026635 7984.906 0
"726" 4 176.22857 19.776473 14.3018 0.027417 8219.506 0
"728" 4 176.25756 19.763748 16.5126 0.027421 8220.729 0
"735" 4 176.30737 19.756154 15.477 0.027541 8256.536 0
"753" 4 176.35628 19.818144 15.4361 0.028166 8444.062 0
"724" 4 176.19916 19.773418 15.3396 0.028247 8468.286 0
