"Vel" "DistA" "Flag" "Vx" "Vy" "dist"
"946" 2.76410943168e-16 0.00127012686281058 1 0.11270785383745 0.0583051811750481 0.0634606182291304
"710" 2.17064992264e-16 0.00132405878572885 1 0.0189139930208357 0.0114723134072486 0.00654544840709767
"377" 1.91341758016e-16 0.00250831882586317 -1 -0.607290939312215 -0.317332434012269 0.468072571993226
"80" 1.55690495008e-16 0.00366451182131723 -1 -0.282532916640307 -0.145040259892619 0.224453636342094
"461" 1.96958388496e-16 0.00420055005964744 -1 0.382916991872342 0.197766749526828 0.260488141896428
"565" 2.0385215344e-16 0.00423882002976353 1 0.0573445497078895 0.0261629418964517 0.0186628075689087
"2" 1.17213513664e-16 0.00433717885452495 -1 -0.206918117199452 -0.104521409464448 0.167177007284563
"936" 2.55561191552e-16 0.00439551169754424 1 -0.152812930536792 -0.0759515123550725 0.12680512625988
"879" 2.36104983936e-16 0.00452870780930095 1 0.267175652589167 0.145501268393078 0.186599158706924
"284" 1.80528310288e-16 0.00475277690730337 -1 -0.494971108852677 -0.265402314972139 0.394638977415131
"795" 2.25221405296e-16 0.00506887596949408 1 -0.05225450380783 -0.032421783707182 0.0653698277973605
"558" 2.0343700696e-16 0.00688647032568496 1 0.0642781515278005 0.0409381690953047 0.039067202821455
"704" 2.16692786384e-16 0.00703961897461807 1 0.0842412896850202 0.0516111565461057 0.0540403616105058
"849" 2.31415125032e-16 0.00858855604478022 1 0.081564442994411 0.0345777610983901 0.0302013796525787
"597" 2.06713909472e-16 0.0103450358292466 1 0.198422230222108 0.0944019470402768 0.114390748593598
"442" 1.95678078048e-16 0.0119815840772036 -1 0.0104928857525494 -0.00626637937090686 0.0287143783037994
"526" 2.01015189528e-16 0.0122545616340732 1 0.0442573159660108 0.0357541141290412 0.0318356466445102
"188" 1.70896490648e-16 0.0125411825554932 -1 -0.193840036982508 -0.0894285319569038 0.145847177129115
"422" 1.94930944016e-16 0.0137006215994198 -1 0.10145784153677 0.0399505986241539 0.0376866066303149
"85" 1.56912341424e-16 0.0146968724311695 -1 0.234885884949871 0.138650324456081 0.176915396023904
"441" 1.95603247976e-16 0.0148311257354101 -1 -0.388854998070382 -0.219557626314891 0.329813171554345
"123" 1.62460072496e-16 0.0161298772843898 -1 0.194030190079156 0.118553280432686 0.148512075037482
"794" 2.24761730224e-16 0.0162587947055443 1 0.624844142757846 0.345706383771084 0.469677628163828
"379" 1.91377147552e-16 0.0167482797924084 -1 0.0391537861731472 0.0375568977216845 0.0343456610234374
"321" 1.84979451864e-16 0.0167836185248939 -1 0.365349153943939 0.209486035631261 0.277057854177016
"740" 2.19164836216e-16 0.0183616454109822 1 0.335900403885216 0.158834399724596 0.205446783334013
"912" 2.43784545656e-16 0.0198710953953088 1 0.113360775601483 0.0797831845024585 0.0937491318743395
"180" 1.69820771904e-16 0.0201150202495741 -1 -0.415754005293367 -0.198798382181685 0.300460147857954
"263" 1.78826728248e-16 0.0202019044381994 -1 -0.0279872350919864 -0.0347615752317782 0.0686663765429831
"261" 1.78693531368e-16 0.0211416307486929 -1 -0.0716703375214502 -0.0164517913676928 0.0429206542359026
"792" 2.24583162144e-16 0.0216508810367468 1 -0.597015814904683 -0.292781829925501 0.433355652371155
"44" 1.45909339304e-16 0.0226767829385744 -1 -0.187717168932517 -0.121407817252456 0.191045420744137
"189" 1.71066891912e-16 0.0234987105335717 -1 -0.176429798844853 -0.116281403267973 0.18379904833982
"247" 1.77631294352e-16 0.0255542844910537 -1 0.189939664330653 0.0747279179527295 0.0866147220862179
"951" 2.94187314512e-16 0.0278505167862533 1 0.250571155156579 0.160065036734894 0.207186479389997
"917" 2.4550810032e-16 0.0286017022660278 1 -0.15565444285974 -0.0532510444124822 0.0947467716174105
"384" 1.91786266144e-16 0.0292030667416668 -1 0.515631411734596 0.24270881390032 0.324033158815323
"342" 1.87331818952e-16 0.0305559974515907 -1 0.0993245635637077 0.0830677999064746 0.0983858053750035
"100" 1.5849278236e-16 0.0308936152736056 -1 -0.408238329305884 -0.184062997630233 0.279625337368823
"874" 2.35038890368e-16 0.0320046893345672 1 0.22907953759118 0.152892429536255 0.197047058829642
"203" 1.72090174512e-16 0.0328737118881233 -1 0.253037979408439 0.100661668931781 0.123232768571354
"389" 1.92081438208e-16 0.0340929247673554 -1 0.0756820872376562 0.0741447311477207 0.0857918393945331
"182" 1.70054141912e-16 0.0363724891452819 -1 0.244812188500404 0.165549293350078 0.214939461034071
"27" 1.38140590768e-16 0.0371331071633207 -1 0.00701773668758771 -0.033240518704089 0.0665232090717135
"732" 2.18511166856e-16 0.0404285211321109 1 0.19724142336995 0.0637065852451868 0.0710708307025488
"760" 2.20893835424e-16 0.0411118099842819 1 0.0188661469618551 0.0512211383969651 0.0534920097227453
"927" 2.50664990912e-16 0.0414411697468211 1 0.350492365211368 0.143452294768421 0.183702893867266
"529" 2.01096403976e-16 0.0419036884790452 1 -0.196729823114875 -0.0615989644470413 0.106532833958814
"428" 1.95169369672e-16 0.0422274295362349 -1 -0.0497995904339837 -0.068273875010751 0.115959728160808
"109" 1.59901947016e-16 0.0425430140562854 -1 0.0515201073228487 0.0698593703880768 0.0797463342460126
"717" 2.17559797608e-16 0.0432315369630696 1 0.531535835345532 0.323499540518414 0.438274974168925
"34" 1.42069607056e-16 0.0437427028721835 -1 0.586220890441028 0.265372431841015 0.356079684445607
"290" 1.81235809336e-16 0.0444308786156824 -1 -0.00368783457358433 -0.04617724515761 0.0847638717321507
"726" 2.18074631096e-16 0.0449706341677398 1 0.645514809411697 0.295390792732367 0.398527028068981
"276" 1.80052139544e-16 0.0466867386780935 -1 0.206083122803119 0.0621097980566056 0.0688204076255745
"173" 1.68668797136e-16 0.0470129675656548 -1 0.0195686041138836 0.0574904330394467 0.0623132992056364
"881" 2.36481564896e-16 0.048347253832206 1 0.74973180399493 0.346934131445512 0.471413793739099
"541" 2.02134432216e-16 0.0485399161141208 1 -0.339537740764502 -0.130219916266412 0.203502220766578
"22" 1.34958708512e-16 0.0491315882436997 -1 -0.504036214693544 -0.314542832000279 0.464127784291158
"63" 1.51617003856e-16 0.049204378339886 -1 0.787736979065542 0.36610473081503 0.498523175920022
"424" 1.94989796944e-16 0.0493857970736664 -1 0.0931606606381623 -9.46086288142084e-05 0.0202428679266623
"875" 2.35300034032e-16 0.0499076141012486 1 0.153007992122536 0.130702079225388 0.165681328508781
"48" 1.47807475864e-16 0.0505845515839947 -1 -0.270994255987653 -0.193190146351629 0.292530421820449
"687" 2.1503858484e-16 0.0510381359894606 1 -0.109721853161232 -0.108658529490088 0.17302437715672
"38" 1.43881667968e-16 0.0511813604683398 -1 0.186945649323251 0.0475319308351183 0.0483087362776555
"18" 1.32322252896e-16 0.0512917899896834 -1 0.0742240302668436 0.0905693225325193 0.108977913369832
"634" 2.09613064336e-16 0.0514840242585504 1 0.219068321675461 0.16708948218502 0.217116832177219
"314" 1.84183543792e-16 0.0530850539667655 -1 -0.057235651339064 -0.0830463073033286 0.13682895512507
"706" 2.16782556544e-16 0.0543092782350142 1 -0.275045201672562 -0.0904671784519717 0.14731489532891
"278" 1.80161646176e-16 0.055119211832761 -1 -0.385371777341447 -0.257996288711483 0.384166436093512
"163" 1.67463057496e-16 0.0568376388133399 -1 0.00174269171340588 0.0579180715348108 0.0629154724813124
"28" 1.39039491464e-16 0.0573792856202086 -1 0.305556874084252 0.218559223170974 0.289886592957148
"97" 1.57898873352e-16 0.0596298679954687 -1 -0.551122410203533 -0.230631676633342 0.345471932854035
"681" 2.14362197472e-16 0.0597201467578287 1 0.226588637731741 0.179285715640382 0.234359211442983
"843" 2.306631298e-16 0.0599670775612006 1 0.0739417543689004 -0.0207999490590561 0.0490205431939145
"583" 2.05567735736e-16 0.0606687045531323 1 -0.00566900050798561 0.0578421083738248 0.0628085023514747
"93" 1.57464184848e-16 0.0610488605647831 -1 -0.094244424957596 0.0115459116709009 0.00649781683930402
"126" 1.62978600496e-16 0.0615857494192788 -1 -0.14145543875487 -0.135925022791138 0.211567308812577
"241" 1.76768755432e-16 0.0618673485890697 -1 0.394024577445696 0.145973144041478 0.18726617052138
"850" 2.31743709744e-16 0.0634491048528879 1 0.510463175470553 0.205751094900563 0.27177702974644
"931" 2.53355178992e-16 0.066084601150758 1 -0.106905449420022 -0.122215660317544 0.192187360149329
"949" 2.89797099976e-16 0.06722743759374 1 0.12730549768595 6.30622798556205e-05 0.0200293331009517
"204" 1.72430782592e-16 0.0676334500678421 -1 0.203242190739752 0.0396732319045009 0.0372990704439118
"9" 1.27404954648e-16 0.0676709085775776 -1 -0.0252277031944212 0.0545351311539443 0.0581533058425783
"404" 1.92856832016e-16 0.0677339120108467 -1 0.174829412069477 0.0246002412101311 0.0165764173551099
"58" 1.50114082856e-16 0.0680429171597455 -1 -0.12248474257729 -0.132383056471239 0.206560139295518
"354" 1.88303572832e-16 0.0688288792911143 -1 0.10237282776869 -0.014676492468611 0.0404344420731547
"174" 1.69082679704e-16 0.0700660300057444 -1 0.168273895354487 0.0188143937074693 0.00935933418862431
"87" 1.57079825968e-16 0.0701033277454835 -1 0.738973744799028 0.319516426281627 0.432642499431286
"107" 1.59381863432e-16 0.0705167324553413 -1 0.492259097154992 0.189092976014815 0.248224763428628
"7" 1.23781318944e-16 0.0711263938139601 -1 0.0429519019854802 -0.048286012372474 0.087739370077973
"715" 2.17468763536e-16 0.0722934145390442 1 0.339960837718365 0.107060928214761 0.13227334948048
"790" 2.24532929744e-16 0.0724559758588517 1 0.251374604263428 0.205078512620895 0.270826072037804
"238" 1.7628801516e-16 0.0730685975964564 -1 0.215829389025583 0.0408729809556831 0.0389760363759454
"408" 1.93407994872e-16 0.073561410078867 -1 -0.538113786709305 -0.209849836076336 0.316086497030226
"341" 1.87261947304e-16 0.0745191003755907 -1 0.0244025552793057 0.0875344128439604 0.10469223182106
"586" 2.05691339848e-16 0.0745669707013598 1 0.205281001414365 0.182899026412062 0.239467673610417
"105" 1.59339895072e-16 0.0759662107280143 -1 0.383358355298259 0.278138464035985 0.374131301932777
"54" 1.4876633136e-16 0.0760119121339414 -1 0.0176435937361455 0.0854649683488546 0.101770216775988
"761" 2.20909488488e-16 0.0761254223481321 1 0.155949966279406 0.00626280029086961 0.0119106368127394
"5" 1.21452642104e-16 0.0771893339705348 -1 0.242794515990941 0.050963365205772 0.0531296261802798
"653" 2.1204489584e-16 0.0772986128854324 1 0.457350106288062 0.163917587779869 0.212632729851418
"500" 1.99044945168e-16 0.0795046921094621 1 -0.0737488224197993 0.040795864473513 0.0388681942254419
"374" 1.90938083968e-16 0.0803221430865889 -1 -0.0350521875929873 0.0620048378416947 0.068672500414431
"590" 2.05987160072e-16 0.0819177939236151 1 0.127655995111208 -0.0144375308083675 0.0401000214650658
"112" 1.60450679272e-16 0.0823827565643054 -1 0.159950817473604 0.166824660725353 0.216742451893157
"942" 2.6693545972e-16 0.0838760932508383 1 -0.515172862189792 -0.187449624657104 0.284413738728601
"480" 1.98100187152e-16 0.0847510226414569 1 -0.306080777211857 -0.0763906135803196 0.12742546275226
"939" 2.5911346484e-16 0.0856656493834886 1 -0.599629830084779 -0.230166621133696 0.344814337881296
"1" 1.12392207912e-16 0.0879902682758337 -1 -0.257133201876484 -0.0473587849033193 0.0864309825882252
"50" 1.48153852568e-16 0.0917219166008871 -1 0.325616579755095 0.263460797222818 0.353376586054985
"286" 1.8083242696e-16 0.0928701361225412 -1 -0.115585734577585 -0.153566177208723 0.236507285212483
"246" 1.77512583848e-16 0.093823282614914 -1 0.249728006528348 0.0379888620698405 0.0349479341159857
"941" 2.61496133408e-16 0.0957964376612593 1 0.743844096065139 0.296398680252216 0.399952245925911
"382" 1.91757779512e-16 0.0964913682184758 -1 0.103665577187613 -0.0416482126689393 0.0783750812985456
"612" 2.07729867864e-16 0.0975679038083977 1 -0.258365588123123 -0.0384338757684986 0.0738425462286198
"521" 2.00812996016e-16 0.0984177429258442 1 0.34914886958824 0.0857873824600973 0.102225441790486
"78" 1.55516788128e-16 0.0985950234698876 -1 -0.347267456954225 -0.0842553568326731 0.13853729229488
"763" 2.2118200736e-16 0.0986454990229916 1 0.294729597041826 0.0568826079617279 0.0614574864954039
"902" 2.40718295144e-16 0.098842765689841 1 -0.0916120034917768 0.0507139871619357 0.0527790730800479
"74" 1.54352530728e-16 0.0995356290271937 -1 -0.126712924663444 -0.166093021743415 0.2542179645321
"6" 1.2219549828e-16 0.100831682151918 -1 0.0476270215694307 -0.0755174344390468 0.126191892654485
"834" 2.28930824976e-16 0.101124959058281 1 0.195466540380177 0.00209576385263131 0.0172977890131133
"414" 1.94100813096e-16 0.105227054832107 -1 -0.731777842852892 -0.280249444262748 0.415633836892443
"227" 1.75053626848e-16 0.10588255039168 -1 0.0624854783810943 -0.0727366629173308 0.122263575194517
"675" 2.13938592504e-16 0.106494437208752 1 0.133066917229337 0.176761134511348 0.230790024440481
"76" 1.54702893616e-16 0.106670016436801 -1 -0.112685897001658 0.0474333185261238 0.0481702885676259
"160" 1.67284975536e-16 0.107999335038799 -1 -0.410457362958191 -0.108153207489679 0.172310147006129
"375" 1.91154828672e-16 0.108370816600624 -1 0.0367434334871103 -0.0887892494835796 0.144943814438674
"582" 2.055526012e-16 0.108780490153685 1 -0.339890205497876 -0.287671838441513 0.426129691022889
"449" 1.96037742032e-16 0.111885348536986 -1 -0.102482592805875 -0.165669928047116 0.253619775722177
"12" 1.30194343616e-16 0.113898888517661 -1 0.729934847600386 0.270972769857397 0.363998731093425
"20" 1.32647045872e-16 0.116486214874189 -1 0.408631014556579 0.0990701955111084 0.120984624506966
"481" 1.98125238536e-16 0.117221307880844 1 0.292915887929404 0.0373574385933157 0.0340676655484038
"35" 1.42299185328e-16 0.118647972533971 -1 0.252745183245358 0.0147626770768657 0.00601966187704867
"71" 1.5337183224e-16 0.119609940158632 -1 0.0337096331182945 0.137514223889767 0.175309578313589
"745" 2.19624673328e-16 0.119834748234577 1 -0.0655468826811829 0.0854341626684162 0.101726721766374
"495" 1.98777255088e-16 0.120423441710391 1 0.473998815476484 0.129580922846183 0.164096754662877
"433" 1.95341520968e-16 0.120585277725874 -1 0.0455836029133481 0.144746401602753 0.185532134368996
"514" 2.00276287128e-16 0.120631735580993 1 0.302067436471495 0.279951058607028 0.376694391965259
"327" 1.85822383944e-16 0.121405494862059 -1 -0.155478238069062 -0.203113687195563 0.306561796798049
"208" 1.73325210984e-16 0.121649844599456 -1 0.101574549040246 -0.0678999184781317 0.11543153838546
"419" 1.94560099272e-16 0.122041203545281 -1 -0.0414014935502146 0.100363652440707 0.122811778021579
"90" 1.57193999352e-16 0.123169143934104 -1 -0.30363290371616 -0.0366957875331971 0.0713923692270068
"718" 2.17569908904e-16 0.123498392786053 1 -0.853686885652007 -0.32622630299546 0.480649462236028
"385" 1.9188080028e-16 0.124622544449241 -1 -0.396865583257349 -0.333532509716869 0.490981262785601
"944" 2.756600174e-16 0.126269634000053 1 0.080830133556418 -0.0834497136907328 0.13739894753383
"144" 1.65349926264e-16 0.131489081716228 -1 -0.184045372053839 0.034639825137241 0.0302875232472631
"103" 1.59167938224e-16 0.132539423749798 -1 0.637942313846328 0.203861737623896 0.26910568930785
"249" 1.77659586536e-16 0.132970409511231 -1 0.357566682398519 0.055682524236732 0.0597680971894026
"476" 1.9807153848e-16 0.134768512701565 1 -0.23650842609406 -0.259172239378979 0.385829292845092
"738" 2.19003736048e-16 0.135608085003908 1 0.134336313365 0.206533676581151 0.272883516471454
"689" 2.15284788416e-16 0.135934427828575 1 -0.598066577272836 -0.179091387168733 0.272595969253753
"499" 1.98959063968e-16 0.137894388826177 1 -0.0561478631844289 -0.167253185181347 0.255858259285477
"360" 1.89010974656e-16 0.138446632938589 -1 -0.723840563011067 -0.242858640159428 0.362761150817576
"859" 2.33361679144e-16 0.138484206259367 1 0.109949898926044 -0.0803149549543884 0.132969810358387
"913" 2.44093296672e-16 0.142868341783237 1 0.357940162838731 0.0459848147461385 0.0461373494083009
"250" 1.77742842688e-16 0.144024426089566 -1 0.116898733039922 0.205758108032617 0.271786945555371
"833" 2.28901204064e-16 0.144933612565534 1 0.279226184136281 0.00244067897508641 0.0168390216913491
"209" 1.735294462e-16 0.148627723451348 -1 -0.0620858883658441 -0.181111956873196 0.275452846495729
"547" 2.02691914632e-16 0.150019341618406 1 -0.539753578763645 -0.134282370372209 0.209245129828342
"464" 1.97038468664e-16 0.150078109395658 -1 0.325568831143672 0.0217189464626553 0.0128384517825689
"355" 1.88340582768e-16 0.153709981966966 -1 -0.132302308750734 0.0841198929704353 0.0998711418399048
"201" 1.71985334632e-16 0.153796228954189 -1 -0.873393650888811 -0.306323700887064 0.452505108057053
"213" 1.73889304632e-16 0.154763320843272 -1 0.0698871127411846 -0.117700178098012 0.185804510996274
"453" 1.96294640248e-16 0.155083631381991 -1 -0.395687097616445 -0.0533017138206459 0.0948182947637741
"244" 1.77312140368e-16 0.155698462561323 -1 -0.0592591985295303 -0.186690690087248 0.283340667092832
"934" 2.55161212016e-16 0.157380317492325 1 0.321234708738472 0.0121353207020032 0.006166665301956
"15" 1.31294141504e-16 0.159933588666838 -1 -0.854966125031506 -0.290477780053066 0.430097527703043
"397" 1.92344526352e-16 0.161463471926307 -1 -0.0329407308109593 -0.178584779448329 0.271879680276802
"698" 2.16308524728e-16 0.163446184543186 1 0.148849782976317 0.242010284133054 0.323045447209624
"572" 2.0476330436e-16 0.164493018592321 1 -0.0504960662439508 0.138008307329039 0.17600793701616
"115" 1.6091576648e-16 0.165287122685805 -1 -0.406916781328363 -0.049019398732472 0.088774294051634
"668" 2.1310885048e-16 0.167175753827172 1 -0.132025916393561 0.0977266731376927 0.119086815237662
"665" 2.1296933404e-16 0.169621542476948 1 0.208343807828457 0.279534831648397 0.376105828006055
"394" 1.92309752568e-16 0.170934066889539 -1 -0.766003151627462 -0.232600646431572 0.348256087536917
"11" 1.29115124808e-16 0.171116862719177 -1 0.265494397539503 -0.0309697293048258 0.0633246694179753
"312" 1.84071736192e-16 0.17424711158934 -1 0.188796218852359 0.273857895176544 0.368078402453757
"817" 2.27103305448e-16 0.178610670122347 1 0.131345131584055 -0.109153032661868 0.173723319012457
"919" 2.46925723464e-16 0.178648025658735 1 -0.304469084967127 0.01832333428072 0.00882469984850967
"556" 2.03233549536e-16 0.179410470026478 1 -0.00356604115825229 0.177651136842806 0.232048282643553
"36" 1.43436220008e-16 0.180476294155234 -1 0.210728448945096 -0.0691857183120296 0.117247673843051
"318" 1.84438886424e-16 0.180939163078884 -1 0.0275636407906627 -0.166170022097137 0.254326831158491
"780" 2.22898367448e-16 0.181075711431285 1 0.0422105855217494 -0.15858808406174 0.243607261412301
"365" 1.89976117304e-16 0.181271236649649 -1 0.21002106768752 0.292064369344912 0.393823258913481
"679" 2.14188263736e-16 0.182435367007028 1 0.344604754081246 -0.000595878269249419 0.0209230501183062
"651" 2.11895073656e-16 0.184378308455734 1 0.0462528932995931 0.208870139029422 0.276187036229383
"431" 1.95284482888e-16 0.184604291723325 -1 -0.216747129486528 -0.298577314360079 0.441550984951077
"950" 2.92880267464e-16 0.186003151160892 1 0.215525423650766 -0.072182828732197 0.121481222399044
"854" 2.3242401848e-16 0.186542651339108 1 -0.0709799552035645 0.149256031140414 0.191906701668092
"136" 1.63896362648e-16 0.186941033700597 -1 0.757283297503984 0.212367497362911 0.281131976821323
"517" 2.00606232976e-16 0.187280770106043 1 -0.143670175300751 0.111688633649739 0.138811918394241
"149" 1.65979484072e-16 0.18761789990786 -1 -0.258899132848328 0.0513039244860479 0.0536083985524778
"643" 2.10969954888e-16 0.189978381895972 1 0.23039913100895 -0.0683187539107325 0.11602311715448
"4" 1.19573334592e-16 0.192060489715499 -1 -0.00499199486568815 0.189545367790602 0.248864367880844
"371" 1.907632104e-16 0.193544154521434 -1 0.127843553698538 0.261028315794582 0.349937005526977
"789" 2.2420842844e-16 0.196199862344583 1 -0.0310030222692916 0.179976391235952 0.235335676464906
"865" 2.33695027832e-16 0.198914636609124 1 -0.41893234299208 -0.0217352650101163 0.0503342365620236
"921" 2.47504400712e-16 0.19915234735242 1 0.248426659901973 0.330177751885348 0.447718582083965
"736" 2.1884927952e-16 0.201354753634758 1 0.551609378180636 0.0895756184153624 0.10757462019961
"923" 2.48769090504e-16 0.202096460005514 1 0.378074216809487 -0.00261293194513787 0.023677065398424
"548" 2.02722313336e-16 0.204871939939072 1 0.596043198305553 0.109474749036688 0.135683808563537
"416" 1.94368405952e-16 0.214333061083359 -1 -0.794378333251926 -0.204169360852202 0.308054479011769
"380" 1.91629832728e-16 0.214998297935706 -1 0.0736839276151417 -0.175913603334736 0.268102938131005
"752" 2.20331200136e-16 0.215797200495641 1 0.0860952753299081 0.261273776200857 0.350284091350706
"910" 2.4281969468e-16 0.219783426673262 1 -0.147433313824445 -0.297218312601677 0.439629232683717
"656" 2.12183537264e-16 0.223345740420933 1 -0.522195197441617 -0.0517285768251481 0.0925978069639383
"491" 1.98584913608e-16 0.223706776311436 1 -1.02323080065329 -0.315396305779512 0.465334684530243
"549" 2.0275060552e-16 0.22403767740335 1 -0.222172147794106 0.107065015802238 0.132279124645307
"664" 2.129140784e-16 0.226320511956708 1 0.862521304106801 0.228458424422458 0.303883505721496
"155" 1.66602851952e-16 0.230400427584612 -1 0.0171701875680932 -0.221091234286466 0.331981687719916
"811" 2.26330633912e-16 0.230483281608405 1 0.520514529707815 0.0440712071741978 0.0434538886019966
"895" 2.38390687768e-16 0.231478628783743 1 0.148309326778275 -0.153063219088737 0.235796209469881
"938" 2.5864565536e-16 0.232458867243632 1 -0.161128712486017 0.147651107551682 0.189638045667056
"807" 2.26162533616e-16 0.233192067068018 1 0.259060234599994 -0.0964141232304128 0.155718979629921
"598" 2.06795221144e-16 0.234795352944583 1 1.01135332527885 0.298415893260311 0.402804718215345
"313" 1.8417401584e-16 0.242168681483551 -1 0.194892904008355 -0.139201634184197 0.216199433686537
"344" 1.8738613476e-16 0.24266855432315 -1 -0.0116596970452609 -0.248547496731015 0.370805403395324
"308" 1.83932219752e-16 0.24409489715887 -1 -0.341817345905262 0.0640663921469662 0.071577990153667
"899" 2.40392627152e-16 0.245655863687328 1 0.100991300500586 0.298971844717952 0.40359087099796
"84" 1.5656158964e-16 0.248854235184309 -1 0.0719203684510293 0.286849726171443 0.386449454460102
"151" 1.66214020768e-16 0.249827172248599 -1 0.415473348040096 -0.0306191295774403 0.0628309459500505
"534" 2.01427613736e-16 0.25525558784983 1 -1.05323359907603 -0.299668817083887 0.443094470264651
"417" 1.94414068824e-16 0.255906067140501 -1 0.430039677659748 -0.0290199714423001 0.0605794056661973
"554" 2.03153793448e-16 0.256664676452704 1 -0.950384557095308 -0.244062283785345 0.364463143503787
"170" 1.67998113576e-16 0.258843391749253 -1 -0.132183476717931 0.189279688619909 0.248488742949788
"83" 1.56048311736e-16 0.261518383734621 -1 -0.214641430948436 0.148501234714378 0.190839748425548
"41" 1.44960108984e-16 0.262818781432897 -1 0.252135662352229 -0.129679639590051 0.202738465559799
"765" 2.21315495912e-16 0.262943024138098 1 0.684651094817687 0.0981170125753607 0.119638186816647
"747" 2.19978925176e-16 0.268761980282971 1 0.0485098075648239 -0.242924656825142 0.362854500557017
"945" 2.763195202e-16 0.270381344106307 1 -0.0827529009317597 0.226861888576212 0.301626077223915
"948" 2.85993210976e-16 0.270863023813541 1 0.110746518065854 -0.212228356678967 0.319449673046473
"114" 1.60738462312e-16 0.271621481668007 -1 0.492871570020088 -0.0116197095582071 0.0361614937846804
"3" 1.19078918144e-16 0.274079513098047 -1 -0.368331403703953 0.0800686714322317 0.0941521016698121
"827" 2.28144250408e-16 0.275714257534505 1 -0.074758261841746 0.23640586558961 0.315120911496483
"104" 1.59196198e-16 0.278264842536994 -1 0.454436234120769 -0.0385148892953691 0.0739567634274498
"191" 1.7136750852e-16 0.281879582953989 -1 0.198399974873731 -0.177050742675487 0.269710722089161
"199" 1.71819664936e-16 0.28373689752671 -1 -0.27806232040363 0.137291449441204 0.174994700357402
"882" 2.3683134444e-16 0.286440672935618 1 0.31690575343804 -0.119161765197585 0.187870511594923
"591" 2.06089374904e-16 0.286727921434025 1 -0.928116739966418 -0.202275021551311 0.305375957474307
"929" 2.52172675888e-16 0.288864599454064 1 0.206155986761269 -0.179946198558734 0.273804582798741
"483" 1.98234745168e-16 0.289258062524197 1 0.226153377840344 -0.169801584316336 0.259461327127911
"688" 2.1506289084e-16 0.290935505643994 1 0.557746593467354 0.00325984340970631 0.0157564487768978
"219" 1.74309895656e-16 0.292732964675735 -1 -0.763852570408579 -0.109710444202193 0.174511180723268
"940" 2.60280898224e-16 0.293463669771468 1 0.153847939894191 -0.212108236906857 0.319279826037739
"324" 1.85646732584e-16 0.29426189890545 -1 1.11329631716305 0.292690315532488 0.394708384760504
"46" 1.4725028512e-16 0.297250372084233 -1 -0.0689617861616713 -0.333306745413255 0.490662006126659
"463" 1.97036621408e-16 0.297506115110923 -1 0.24774909186928 -0.166666590908887 0.255028903466115
"767" 2.21466290336e-16 0.300481912472569 1 0.020975769209301 0.311613547011302 0.421467170834555
"935" 2.5555441828e-16 0.300668892300913 1 0.369526355793595 -0.105655821587751 0.168780352166765
"485" 1.98275741288e-16 0.30265128564403 1 -0.120443033238261 0.239259296483068 0.319155597578108
"458" 1.96892340992e-16 0.303489093241682 -1 1.17416999647437 0.31554465006629 0.427026070775214
"340" 1.87067953016e-16 0.303771156401496 -1 -0.818130679976053 -0.127278765655457 0.199344529726054
"924" 2.49713427216e-16 0.310348678589714 1 -0.0484890853958841 0.284871308044514 0.38365186598135
"926" 2.503218226e-16 0.310919342216138 1 -1.22409092766194 -0.334060220657801 0.49172750678729
"410" 1.93802853944e-16 0.312336479006308 -1 1.1956542461612 0.318021778958778 0.430528939699895
"253" 1.7801195872e-16 0.313072537582916 -1 1.17638534363055 0.307131920932273 0.415129803460028
"518" 2.00687285384e-16 0.314451582524844 1 0.410613467484817 -0.0977822578220829 0.157652488717307
"911" 2.4302564752e-16 0.315636640101441 1 0.114582365404208 -0.254965181141888 0.379880296485975
"345" 1.8747152984e-16 0.318894294688927 -1 -1.08380440606069 -0.252161814069597 0.375916203499357
"778" 2.22636348768e-16 0.320238676658797 1 0.942097295021488 0.176506456672737 0.23042996945934
"306" 1.8384475056e-16 0.321654633718012 -1 0.581378141738728 -0.0149956788720365 0.0408812254816524
"206" 1.72878401888e-16 0.322478380947222 -1 0.88909650696896 0.14633792025996 0.18778179531808
"856" 2.32645624384e-16 0.323775117994479 1 0.177459056974225 -0.229966986385325 0.344532051667159
"947" 2.77807954824e-16 0.326408536350421 1 -0.00354100439441935 0.324611733349895 0.439847715183601
"381" 1.91650152544e-16 0.327440347069088 -1 -0.195117447930927 0.224688949675539 0.298553651294799
"235" 1.75812719432e-16 0.333058115705281 -1 -0.718475061668372 -0.0454867949929716 0.0837897417261756
"52" 1.48478645544e-16 0.333924810560427 -1 0.547700845318037 -0.0450084110800417 0.0831148398164424
"353" 1.88285229904e-16 0.336631816409025 -1 -0.987518505710771 -0.183691026648006 0.279099404288246
"907" 2.41989660984e-16 0.342830880836865 1 0.301991513076271 -0.183391833028949 0.278676372079273
"561" 2.03587412488e-16 0.343431050096567 1 -0.267833310165659 0.20235536706513 0.266975858175842
"701" 2.16538880792e-16 0.34793258796896 1 -0.837003786669048 -0.0930780367155448 0.151004415073289
"178" 1.69442052016e-16 0.348113491911657 -1 -0.647123627767625 0.00716315962077987 0.0108161924892348
"413" 1.93993575024e-16 0.348477918106858 -1 -0.944836780713258 -0.149357197284738 0.230556724141083
"887" 2.37463041176e-16 0.34875230738748 1 0.518024646045194 -0.0754691404217742 0.126123666778959
"399" 1.92555437616e-16 0.353380496982784 -1 0.400796588133043 -0.141870915244498 0.219973032532729
"343" 1.87371648384e-16 0.35368242978708 -1 0.313352423589941 -0.188252830368508 0.285549407984147
"873" 2.34831155088e-16 0.355087402017375 1 -0.364054050338102 0.1633026597822 0.211763415079212
"364" 1.89895291752e-16 0.3622172403589 -1 0.0890722025003615 -0.314972711313651 0.464735678062063
"505" 1.99609038816e-16 0.365032442366015 1 -0.480003018762541 0.112143128643079 0.139454112941292
"888" 2.37573228376e-16 0.36560366304513 1 0.804976509193844 0.0588991373274766 0.0642971311463289
"883" 2.36999704e-16 0.370487302704925 1 -0.242358466053527 0.242826666918031 0.324199801477383
"239" 1.76314330456e-16 0.37272415335317 -1 1.09339318711678 0.203766833980868 0.26897150646461
"42" 1.45418876632e-16 0.375292808999514 -1 0.961254818748948 0.131566659219848 0.166903285707999
"128" 1.63022707784e-16 0.375867447265694 -1 0.474058442757014 -0.125743621607632 0.197174436948573
"272" 1.79541486688e-16 0.377269213280428 -1 -0.453864099809545 0.138149999128914 0.176208210834107
"190" 1.71156888928e-16 0.378090209686665 -1 1.11669371607596 0.210681209560263 0.278747717388239
"837" 2.2952787756e-16 0.378342965146161 1 0.416444350626414 -0.158578943931841 0.243594338979076
"695" 2.15798163544e-16 0.380022149739874 1 0.653148981729811 -0.0355222983840897 0.0697384180830472
"897" 2.40039930888e-16 0.382407322787269 1 0.407974191406768 -0.16710538522761 0.255649292314325
"915" 2.44754646728e-16 0.38459189057282 1 -1.24381168429145 -0.270805228574665 0.402279041941901
"694" 2.156663278e-16 0.389455286900647 1 0.198418403534501 -0.284579659050393 0.421757098058122
"51" 1.48213321248e-16 0.392778651987341 -1 0.572764737560547 -0.0906341536755578 0.147550851251629
"349" 1.88022206576e-16 0.397606832769178 -1 0.480561279117439 -0.144048742032165 0.223051889265081
"635" 2.09887138792e-16 0.398185656580559 1 -1.03390142893661 -0.1466006166386 0.22665958470961
"852" 2.317933588e-16 0.40053042989523 1 -0.171957890885637 0.309958136883826 0.419126290189481
"847" 2.31077044776e-16 0.401352188964414 1 -0.0837894731073506 0.357241355817186 0.485989340583302
"812" 2.26455177856e-16 0.40287633154489 1 -0.259010547857206 0.266429454740231 0.357574343180646
"943" 2.73584349816e-16 0.405634620489956 1 0.369060567432968 -0.210830827563772 0.317473596060977
"346" 1.87552744288e-16 0.405850997170129 -1 -0.257032014064033 0.270445714832048 0.363253457502207
"611" 2.07729090072e-16 0.406036078301329 1 0.510721239404976 -0.136581814019227 0.212495804479827
"172" 1.68548693088e-16 0.412662750621708 -1 1.02846980848508 0.129629599836924 0.164165551350783
"72" 1.53475991552e-16 0.413450549646991 -1 1.15340362635943 0.19467792483827 0.256120984982237
"333" 1.8617051068e-16 0.414932524923574 -1 -0.749122590173582 0.0202091957901513 0.0109759604744623
"99" 1.58485587784e-16 0.415454664912027 -1 0.847849476578293 0.0316579054249269 0.0261609168686053
"520" 2.00752846768e-16 0.415471495228814 1 -0.115883440336745 0.354443371874299 0.482032677713469
"361" 1.89618689472e-16 0.422517086581234 -1 -0.456982424664551 0.181739026978587 0.237827670992926
"871" 2.34769968784e-16 0.423975720601456 1 0.394902944776354 -0.21554755664073 0.324142968492847
"325" 1.85699395584e-16 0.425022454234207 -1 0.835215588153253 0.0154357862235248 0.00634196536371061
"473" 1.97935003576e-16 0.428707231688549 1 -0.993966368725713 -0.0950451489020759 0.153784317159521
"316" 1.84234165088e-16 0.448919250489555 -1 -0.891009288752484 -0.0205852335632003 0.0487190346777444
"835" 2.290386788e-16 0.452884077426189 1 1.06836530526394 0.110445698843124 0.137055697060739
"564" 2.03851472872e-16 0.461281643112406 1 -0.293433417909447 0.30667496059319 0.414483627093644
"225" 1.74979023632e-16 0.461648088764541 -1 1.17799241331984 0.159454447577407 0.206323315578144
"446" 1.9584575704e-16 0.469805393387183 -1 -0.928015353166596 -0.0192072204333859 0.0467846569041259
"636" 2.0992832936e-16 0.470747991355857 1 0.483112491687093 -0.21582029045491 0.324528610706727
"266" 1.78924470776e-16 0.474393235446906 -1 -0.411890412013456 0.257359246254627 0.344748880737656
"212" 1.73887262928e-16 0.479908435085627 -1 -0.691526885751827 0.115513679749293 0.144216805914825
"539" 2.01919891256e-16 0.481274504450304 1 -1.30760267004254 -0.207771606143822 0.313147935290635
"467" 1.9713008608e-16 0.491328649296078 -1 -1.05537038975439 -0.0648031346089484 0.111057771582949
"932" 2.54122989328e-16 0.498405597350734 1 0.459561820133116 -0.255878763254903 0.381172146690962
"434" 1.95350173904e-16 0.501332709598289 -1 -0.396383361817829 0.292461121145771 0.394384289956639
"863" 2.33550164072e-16 0.502956800508365 1 -0.880525087713054 0.0389585079065837 0.0363009268230095
"437" 1.95406045296e-16 0.509864888929686 -1 -0.678160465399793 0.152503455748473 0.196497205716006
"579" 2.05421543248e-16 0.516916713817281 1 -0.403178219961324 0.304459096256836 0.411350230697572
"130" 1.63247327632e-16 0.523191697087991 -1 -1.5386279971899 -0.287611312701567 0.426044102627021
"298" 1.82257503944e-16 0.529566045760319 -1 1.5352047936711 0.27979861572015 0.376478830724586
"192" 1.71396740536e-16 0.53273507718108 -1 1.16027072608115 0.0790532359594224 0.0927188271881541
"537" 2.0180477804e-16 0.534862989589755 1 0.697287637329856 -0.167050208763208 0.255571281090207
"154" 1.66403769608e-16 0.540266352933174 -1 1.05792942811233 0.0175941892848384 0.00807585302691779
"242" 1.76922920288e-16 0.541242594272278 -1 1.18002544940388 0.0809587150998112 0.0954084556488549
"462" 1.96970055376e-16 0.544785728990665 -1 -0.560431019093454 0.249451655130897 0.333567493071177
"29" 1.3994681824e-16 0.548978705350732 -1 0.42717107074477 -0.323503259078074 0.476798779098845
"885" 2.37225296088e-16 0.5548226247763 1 0.927091260668045 -0.0659043086507521 0.112612972132382
"878" 2.3589572548e-16 0.559050481774302 1 -0.491550629208552 0.300009103062252 0.405057624959232
"867" 2.33925383896e-16 0.561223224017033 1 -0.708654201170768 0.187774933374678 0.246361282141552
"283" 1.80412322056e-16 0.562527585553344 -1 -1.05866648707121 0.00463433207135301 0.0139673699273876
"510" 2.00032449336e-16 0.56720796994302 1 0.500905731382218 -0.302870594563711 0.447622083590715
"721" 2.1762150244e-16 0.568285893773519 1 -0.789587230734397 0.15218622820002 0.19604877403564
"447" 1.95855090544e-16 0.569248290533426 -1 -0.484676526429519 0.313825814362954 0.424595495404247
"587" 2.05715418992e-16 0.569274847191097 1 0.723120934138985 -0.187836941625231 0.284961374008881
"820" 2.27548494144e-16 0.569962148267369 1 0.594195192467637 -0.256463465750647 0.381998945415145
"207" 1.73165212688e-16 0.570464829718344 -1 -1.01878866535322 0.0335830898943378 0.028822137219914
"55" 1.48811994232e-16 0.572465322987823 -1 0.645686011197359 -0.231831875930066 0.347169033049768
"468" 1.9721548116e-16 0.587058810350613 -1 -0.754039727081634 0.189684994251956 0.24906177595241
"288" 1.81029662048e-16 0.592050635305916 -1 -0.710439694759248 0.21765082579807 0.28860218324243
"133" 1.6348118376e-16 0.597454445250682 -1 -0.871997382853323 0.137917392778704 0.175879434268301
"642" 2.10904847216e-16 0.606064498156797 1 -0.866736601504185 0.149296730191715 0.191964232546784
"135" 1.63560875032e-16 0.608116472378924 -1 1.25540115076077 0.0538283039934455 0.0571587697086105
"670" 2.13583660088e-16 0.6094485665695 1 -1.51428951899837 -0.188558625656032 0.285981778790182
"338" 1.8666473268e-16 0.61545671496325 -1 -1.47668283152267 -0.162735108867046 0.249470417572411
"25" 1.37128586152e-16 0.634178544226988 -1 -1.50381107671606 -0.158315390270795 0.243221723590316
"484" 1.98243787e-16 0.643667625558375 1 0.716264538448368 -0.265817166509852 0.395225602847108
"26" 1.38018250568e-16 0.653211217623996 -1 -0.594292051189359 0.339996167844403 0.46160278955931
"291" 1.81314722816e-16 0.656608016128747 -1 -0.64891783772954 0.314605872916768 0.42569856218185
"13" 1.30476195992e-16 0.662582655331839 -1 -1.47432923098558 -0.114385143548099 0.181118686738895
"619" 2.08292114256e-16 0.666230222797252 1 1.69472325145428 0.227242316251851 0.302163983955922
"638" 2.102614836e-16 0.66956242194157 1 1.71487679826455 0.23453149599834 0.312470605205328
"108" 1.5975669436e-16 0.671850701554466 -1 -0.668602379939129 0.319470223862656 0.432577165213324
"746" 2.19698725608e-16 0.681643217555224 1 0.982398839671914 -0.163535988278226 0.250602727494088
"523" 2.00890029832e-16 0.691662729702753 1 0.702082902959754 -0.321268966250702 0.473639247107273
"146" 1.65823342328e-16 0.700634535257133 -1 -1.71163013256817 -0.201395843891093 0.304132837580906
"420" 1.94724861544e-16 0.712895510254054 -1 0.732136335180282 -0.326657297129985 0.481258935687369
"900" 2.40494809576e-16 0.719736592756072 1 -0.701252079354473 0.350134335229292 0.475939226211827
"930" 2.52889411216e-16 0.723374213044475 1 -0.829840567292819 0.28600896306302 0.38526057013511
"252" 1.77956767896e-16 0.737631932995014 -1 1.2426642813286 -0.0823544136394175 0.135851355057626
"16" 1.31954324872e-16 0.74701232682668 -1 1.19515626501806 -0.116766675537745 0.184484986633003
"217" 1.7427628856e-16 0.75834736566663 -1 -1.1190539467774 0.168564494721626 0.219202077943551
"445" 1.9579552464e-16 0.75971456483874 -1 -1.61866079051883 -0.09334451031426 0.151380988403445
"762" 2.2102450448e-16 0.762966095047622 1 1.78579918651853 0.178533689651108 0.233296013147416
"67" 1.5258788272e-16 0.777266974414797 -1 -0.877818291687362 0.314600528970703 0.42569100540198
"229" 1.75426513296e-16 0.785525141996833 -1 -1.1601255584498 0.174089568384815 0.227013071891875
"743" 2.19545111688e-16 0.79298507072418 1 -1.2203645872068 0.149803016489118 0.192679903994049
"574" 2.0515025588e-16 0.799503779958795 1 1.82912967569981 0.164842284580137 0.213939965246325
"592" 2.06254947376e-16 0.81776641589694 1 -1.80257277067393 -0.132227995506138 0.206340936486485
"230" 1.75444888632e-16 0.853071942278295 -1 -1.15434906568316 0.244657102734889 0.326788017840519
"14" 1.31006164016e-16 0.875174678014098 -1 2.04212323622845 0.201437794251413 0.265678521852102
"402" 1.92759089488e-16 0.888180984147782 -1 -1.32975721731517 0.187319942684388 0.245718006854264
"362" 1.89679519288e-16 0.899068802674492 -1 -1.31743878643546 0.204695400792305 0.270284394539096
"77" 1.5527952916e-16 0.90092731793797 -1 -1.72804639804223 -0.00982290362643795 0.033655773781665
"232" 1.75610623144e-16 0.922910574756953 -1 -1.35915376155552 0.206546589421377 0.272901773862346
"613" 2.07750284904e-16 0.926654392507277 1 2.06460821951737 0.161824640187649 0.209673971278159
"148" 1.65962469872e-16 0.953471185029433 -1 -1.61132211689686 0.10421256126685 0.128249144226843
"331" 1.86139107328e-16 0.983910528453983 -1 2.38345819850577 0.27261128023534 0.366315642522174
"91" 1.57281436136e-16 0.99168371476625 -1 2.27204139868978 0.206127927050149 0.27230982981346
"504" 1.99607580456e-16 1.01484506036447 1 -2.52002517135982 -0.313290171615233 0.462356393772976
"786" 2.23871190792e-16 1.04815623051999 1 1.71840718915287 -0.142071433709312 0.22025651005372
"506" 1.9963603468e-16 1.05006323818305 1 1.92717422668238 -0.0339646897801311 0.0675435026701232
"221" 1.74573891224e-16 1.05284724825319 -1 1.90664830176335 -0.0475642013083617 0.0867208329589237
"724" 2.17783834112e-16 1.0549432425031 1 -2.53046205691619 -0.27870569145466 0.413450854323024
"749" 2.20226360256e-16 1.07190091866257 1 -1.42807763934358 0.319165055169168 0.432145630321422
"707" 2.1690982276e-16 1.09099689526384 1 -2.22093402069617 -0.0795537674744758 0.131894361069391
"450" 1.96235560464e-16 1.1101727477949 -1 -1.95799227782144 0.0781767887171209 0.0914818026670028
"438" 1.9546188428e-16 1.11527755029319 -1 -2.00071522623806 0.0607662980356004 0.0669273591375792
"392" 1.922637008e-16 1.1200118595542 -1 1.58759185267306 -0.282837509298202 0.419293560479344
"186" 1.70672745816e-16 1.16677521011474 -1 2.11208260005616 -0.0531960428952946 0.0946691336487771
"185" 1.70494080512e-16 1.18441404298149 -1 -1.58205864822518 0.350496671987434 0.476451609779074
"432" 1.95331215224e-16 1.20245200995472 -1 -2.46766772469947 -0.0981572962200063 0.158182515440599
"359" 1.88510724768e-16 1.20302743228426 -1 1.7986106666512 -0.254624766883736 0.379398934182324
"200" 1.71861924968e-16 1.22919180584178 -1 -2.01262716188603 0.168364109679698 0.218918789994657
"465" 1.9707888144e-16 1.28277935702879 -1 -2.36470255473332 0.0364014916089039 0.0327362872509347
"222" 1.74577747776e-16 1.29350837320124 -1 -2.68877612865273 -0.123648888514653 0.194213337792952
"175" 1.69117939608e-16 1.29966166717005 -1 2.40494025529597 -0.0317107240825916 0.0643682633324818
"429" 1.95224722536e-16 1.31600126171137 -1 2.31389663665395 -0.0960215628159119 0.155164201769097
"601" 2.07064045504e-16 1.34454112681096 1 -2.07679333766123 0.24986029334332 0.334145307603346
