"ID" "ra" "dec" "zspec" "Vel"
"11273" 151 -0.130534804884484 0.14335144011797 0.0640941507287292 -1642.80853886265
"11246" 151 -0.170354565318511 0.0775236429321637 0.0641927437409125 -1615.18365899511
"11245" 151 -0.257078694402804 0.219822922730834 0.0642043790833303 -1611.92354015513
"11257" 151 -0.101412766980294 -0.0207599102298632 0.0642089142042909 -1610.65283983929
"11248" 151 -0.240105434908734 -0.0503028540718523 0.0644596488922344 -1540.39922368858
"11205" 151 -0.254596034178575 0.0839854303809828 0.0647356367640148 -1463.06989137585
"11218" 151 -0.188905910632717 -0.214917229072343 0.0648579503382884 -1428.79872224679
"11252" 151 -0.184797650102926 -0.268145550247929 0.0648632701638791 -1427.30815471462
"11210" 151 -0.111253871163833 0.122142867312185 0.065045669273402 -1376.20155621501
"11208" 151 -0.163387389683008 0.222892430301872 0.0650994169895467 -1361.14192705092
"11238" 151 -0.0459642335844704 -0.00411584942447622 0.0651137187737636 -1357.13469507641
"11232" 151 -0.308883975030425 0.0921077664116316 0.0651492041960019 -1347.19199726573
"11256" 151 -0.098641064883336 0.0931800968139395 0.0654665751689337 -1258.26749027949
"11274" 151 -0.145139722156754 0.105289777944631 0.0655562018443407 -1233.15489775169
"11202" 151 -0.106380486072111 -0.120334424629884 0.0656283086288293 -1212.95122190266
"11222" 151 -0.0150840338717375 0.0765592540284398 0.0656581836374606 -1204.58051178632
"11251" 151 -0.132618342495358 -0.00966131809967799 0.0656815069456658 -1198.04552950905
"11220" 151 -0.0512360013751937 -0.112161944019338 0.0657052012881506 -1191.40658674639
"11230" 151 -0.0596014365904414 0.0153189530843131 0.0659793457837136 -1114.59375195644
"11203" 151 -0.0448364807223699 0.0788639943517532 0.0661000396818063 -1080.77640160145
"11223" 151 -0.161335614197697 -0.0624869151481923 0.0661680125055141 -1061.73102457519
"11265" 151 -0.121674636140349 -0.0349802732424596 0.0667210264403715 -906.781468037497
"11237" 151 -0.110464867574593 0.159116651401667 0.0667695086737559 -893.197180030725
"11264" 151 -0.0460807574967423 0.032007611805512 0.0672921319024858 -746.762827433672
"11260" 151 -0.0597069136484913 0.11517014492935 0.0676372329806886 -650.068593061459
"11209" 151 -0.148334557372709 0.0294506549536548 0.0676759427853798 -639.222452137163
"11268" 151 -0.0876949850520878 -0.000550741028818408 0.0677400213652162 -621.268207400506
"11213" 151 -0.0294686294507851 0.007264598586633 0.0680806891482177 -525.81614267744
"11212" 151 -0.105833167335979 -0.164328236164088 0.0681714205433699 -500.394017561383
"11226" 151 -0.00859006025000526 -0.00640430967902963 0.0687184979242279 -347.107830337893
"11233" 151 -0.02125656333531 -0.0852172411827442 0.0690083663644172 -265.889286951302
"11244" 151 -0.0237026703971522 0.0615710576750452 0.0692483868858016 -198.637684407063
"11201" 151 -0.0259806389028052 0.0689027587083898 0.0693670656519433 -165.384955994667
"11242" 151 -0.0146925525218334 0.14345376798233 0.0696461332063015 -87.1927241786345
"11227" 151 -0.000462122313466464 -0.116059572892573 0.0699290295396787 -7.92770273891729
"11267" 151 0.00206417992283613 0.0840506555847459 0.0701905532841756 65.348910524576
"11206" 151 0.00641068008011438 -0.122315493334486 0.0703525249175436 110.731912977345
"11247" 151 0.0108213867340999 0.0543092348782691 0.0707161340730477 212.611945011152
"11249" 151 0.00856719222233649 -0.0481800188252548 0.0708423164151407 247.967108267999
"11240" 151 0.0321821693641778 0.280679810234582 0.0709834359981833 287.507552790189
"11263" 151 0.0529752038048927 0.120705086033321 0.0710019689029532 292.700306886336
"11204" 151 0.0362675554577233 0.172093862668088 0.0715156604054633 436.632069711865
"11266" 151 0.0399024897375437 0.0148818240747385 0.0716173785525035 465.132584404637
"11272" 151 0.016686565787603 -0.0129006947110209 0.0720172988720151 577.186679704635
"11221" 151 0.105071547691139 -0.00567816900211753 0.0723039728153456 657.510153653662
"11271" 151 0.142855274429729 -0.105542461825264 0.0724467047729445 697.502371100052
"11229" 151 0.0455864923724575 -0.0300287715613578 0.0730502323423239 866.605396067619
"11214" 151 0.00992719192116959 -0.0122939820426148 0.0732687781011537 927.839962286282
"11216" 151 0.0610049599246329 -0.0365262383257379 0.0733187769981177 941.849205857963
"11262" 151 0.013501922241828 0.0142062012834797 0.0735843080971337 1016.2486440025
"11259" 151 0.0282869593374679 -0.0229929749324385 0.0736451963783153 1033.3089956008
"11217" 151 0.0897793039329862 0.163374624196695 0.0737064376091619 1050.46824053728
"11225" 151 0.102633233005752 -0.0613951400204686 0.0737806191615126 1071.25324777762
"11239" 151 0.181216905498438 0.00790913042146291 0.0738905002472217 1102.04094484875
"11253" 151 0.0243405921019403 -0.00638849716334894 0.0739531606822291 1119.59783809298
"11207" 151 0.137242919027604 0.116212807929756 0.0740134995037009 1136.50423599681
"11254" 151 0.183494625892004 0.064989063462992 0.0741956908230327 1187.55261354404
"11241" 151 0.282154603906907 -0.0638144278572138 0.074425573704952 1251.96374021516
"11243" 151 0.0294282906514757 -0.0227244779913089 0.0745122368997197 1276.2459919831
"11236" 151 0.0581565772763239 -0.0118248381978511 0.074682469704032 1323.9437006189
"11269" 151 0.0563907392322882 0.0517639500673539 0.0748755448904956 1378.04164035468
"11261" 151 0.0577218641801484 -0.00322928057794493 0.0749906202522051 1410.28472708612
"11270" 151 0.178616098146595 -0.293179180511744 0.0750689505023814 1432.23216233733
"11211" 151 0.143481262962752 -0.151050237704491 0.075120942333795 1446.79980831028
"11219" 151 0.0379834747903478 0.140908790167809 0.0752522770966107 1483.59863375313
"11228" 151 0.0384644677968669 -0.0750198611814952 0.0752803603203552 1491.4673017759
"11224" 151 0.122009664570949 0.391629981669147 0.0753915324688149 1522.61674307815
"11234" 151 0.133395466441819 -0.0209165094355043 0.0755573050945217 1569.06474957547
"11235" 151 0.0296102439407209 0.089918791257539 0.0755956993863158 1579.82248660901
"11215" 151 0.234989311362833 0.000254655366664121 0.0756421946130128 1592.85003312043
"11255" 151 0.101412478390029 0.0251700393587339 0.0756430927018077 1593.10166956522
"11275" 151 0.172306834749231 0.129404560203234 0.0756842990923264 1604.64733150056
"11231" 151 0.327689772870068 0.00833754382233485 0.0758278458687196 1644.86785388267
"11250" 151 0.289091767275881 -0.0222608265173155 0.0758306125749089 1645.64306020221
"11258" 151 0.118666461647345 0.0525066093108579 0.0758331076427278 1646.34215588082
