"clusterID" "ra" "dec" "r" "zspec" "Vel" "Flag"
"5768" 16 329.32996 -8.012767 15.2678 0.054208 16251.009 0
"5747" 16 329.38035 -7.938891 17.389 0.054477 16331.926 0
"5729" 16 329.44277 -7.804232 17.7885 0.054505 16340.044 0
"5721" 16 329.33004 -7.778868 16.802 0.055085 16514.002 0
"5767" 16 329.18887 -7.684762 18.3215 0.055137 16529.51 0
"5789" 16 329.1265 -7.671979 16.7863 0.055161 16536.777 0
"5764" 16 329.21019 -7.686477 15.9217 0.055229 16557.379 0
"5803" 16 329.68869 -7.879157 17.6104 0.055264 16567.61 0
"5741" 16 329.32115 -7.920265 17.3647 0.055331 16587.873 0
"5755" 16 329.20631 -7.759046 16.5466 0.055363 16597.329 0
"5775" 16 329.1771 -7.662097 16.2666 0.05547 16629.611 0
"5830" 16 329.035 -8.157222 17.0009 0.055563 16657.509 0
"5738" 16 329.2551 -7.756427 16.8992 0.055767 16718.595 0
"5802" 16 329.46641 -7.495808 16.7737 0.055837 16739.38 0
"5795" 16 329.17073 -7.582452 16.2896 0.055972 16780.109 0
"5723" 16 329.35966 -7.860487 15.8087 0.056044 16801.521 0
"5724" 16 329.34159 -7.856909 16.4799 0.056046 16802.3 0
"5746" 16 329.25591 -7.879992 17.0844 0.05609 16815.263 0
"5780" 16 329.12065 -7.754497 15.4755 0.056179 16842.073 0
"5788" 16 329.20787 -7.584419 17.6144 0.056185 16843.767 0
"5794" 16 329.09168 -7.908054 17.0141 0.0562 16848.447 0
"5801" 16 329.17972 -7.549971 15.3724 0.056237 16859.407 0
"5797" 16 329.49444 -7.527123 17.6713 0.056244 16861.533 0
"5757" 16 329.34755 -7.970565 15.0288 0.056279 16872.113 0
"5813" 16 329.54776 -7.474318 16.1666 0.056299 16877.986 0
"5798" 16 329.07921 -7.921011 16.0487 0.056302 16878.936 0
"5719" 16 329.3412 -7.787648 17.0288 0.056318 16883.682 0
"5756" 16 329.43773 -7.950514 15.8657 0.056331 16887.606 0
"5804" 16 329.19076 -7.519614 17.3291 0.056353 16894.309 0
"5807" 16 329.25353 -7.474223 17.451 0.056365 16897.745 0
"5769" 16 329.38882 -7.590777 16.2239 0.056487 16934.482 0
"5791" 16 329.59658 -7.652189 16.5697 0.056564 16957.317 0
"5749" 16 329.25512 -7.904246 15.4819 0.056609 16970.948 0
"5818" 16 329.42988 -7.396526 15.1534 0.056621 16974.543 0
"5761" 16 329.54497 -7.802402 17.6657 0.056637 16979.477 0
"5841" 16 329.94701 -7.719211 17.7258 0.056683 16993.193 0
"5717" 16 329.38948 -7.794238 14.6715 0.056743 17011.028 0
"5820" 16 329.76127 -7.658346 16.0267 0.056767 17018.232 0
"5825" 16 329.00353 -8.072246 17.5449 0.056771 17019.641 0
"5760" 16 329.54184 -7.800401 15.7695 0.056833 17038.135 0
"5872" 16 330.09465 -7.497015 16.5667 0.056856 17044.958 0
"5765" 16 329.31845 -7.9923 17.1044 0.056955 17074.754 0
"5828" 16 329.68757 -7.449324 17.2298 0.057186 17144.051 0
"5770" 16 329.57731 -7.756976 17.4209 0.057218 17153.552 0
"5810" 16 329.63237 -8.03721 16.85 0.057255 17164.731 0
"5908" 16 328.46481 -7.490497 16.1432 0.057259 17165.78 0
"5823" 16 328.94394 -7.926337 17.8305 0.057278 17171.548 0
"5902" 16 329.88569 -7.062131 17.4872 0.05734 17190.103 0
"5853" 16 329.50368 -7.141118 17.1016 0.057341 17190.321 0
"5720" 16 329.40413 -7.82058 16.9015 0.05738 17202.202 0
"5762" 16 329.55285 -7.829631 17.3405 0.057399 17207.805 0
"5781" 16 329.60607 -7.733435 16.9643 0.057417 17213.043 0
"5846" 16 329.91869 -7.51717 16.8869 0.05752 17243.978 0
"5743" 16 329.34676 -7.930328 16.7436 0.057567 17258.263 0
"5890" 16 330.18857 -7.5541 15.3506 0.05758 17262.113 0
"5885" 16 328.5429 -7.617052 16.9568 0.057593 17265.893 0
"5790" 16 329.36939 -7.532068 15.8117 0.057596 17266.697 0
"5905" 16 329.78744 -6.980832 15.4935 0.0576 17268.115 0
"5865" 16 329.74143 -7.167032 17.1874 0.057606 17269.832 0
"5742" 16 329.49267 -7.80252 17.7477 0.057661 17286.255 0
"5799" 16 329.11317 -7.982723 16.5346 0.057664 17287.286 0
"5839" 16 329.16681 -7.268095 17.0387 0.057678 17291.546 0
"5806" 16 329.39054 -7.45815 14.9398 0.057729 17306.698 0
"5808" 16 329.52762 -8.111793 15.7666 0.057739 17309.681 0
"5745" 16 329.47467 -7.728472 17.7018 0.05774 17309.873 0
"5739" 16 329.32014 -7.914027 15.4387 0.057797 17326.955 0
"5843" 16 329.01703 -7.327251 15.9914 0.057806 17329.737 0
"5809" 16 329.03606 -7.66904 16.7548 0.057834 17338.152 0
"5812" 16 329.49941 -7.463733 15.1622 0.057866 17347.832 0
"5837" 16 329.85171 -7.578534 15.7694 0.057886 17353.906 0
"5754" 16 329.50237 -7.88996 16.1184 0.057889 17354.773 0
"5894" 16 329.84682 -7.072563 16.5984 0.057897 17357.231 0
"5728" 16 329.43018 -7.762538 15.3454 0.057917 17362.945 0
"5906" 16 329.82474 -6.996358 15.3275 0.05794 17370.044 0
"5714" 16 329.37261 -7.795741 14.479 0.057954 17374.115 0
"5734" 16 329.29438 -7.895675 16.5063 0.057962 17376.525 0
"5819" 16 329.14506 -8.15462 17.0757 0.057975 17380.348 0
"5816" 16 329.54731 -7.448328 15.9117 0.058044 17401.081 0
"5722" 16 329.32213 -7.813778 16.7737 0.058184 17442.983 0
"5815" 16 329.51045 -7.446549 17.7098 0.058208 17450.22 0
"5715" 16 329.35704 -7.79354 17.2337 0.0583 17477.759 0
"5772" 16 329.58979 -7.767941 17.2633 0.058309 17480.464 0
"5796" 16 329.6619 -7.845057 15.318 0.058425 17515.272 0
"5856" 16 330.0177 -7.595269 16.9202 0.058537 17549.077 0
"5783" 16 329.1483 -7.938051 15.6945 0.058597 17567.083 0
"5718" 16 329.33923 -7.813024 15.3486 0.058661 17586.242 0
"5867" 16 329.01578 -7.131217 17.0586 0.05867 17588.785 0
"5778" 16 329.5722 -7.674404 17.0596 0.058689 17594.663 0
"5824" 16 329.28797 -7.368261 16.5317 0.058698 17597.134 0
"5879" 16 328.85093 -8.448958 16.63 0.058731 17607.108 0
"5911" 16 330.16478 -7.266105 15.2948 0.058793 17625.737 0
"5784" 16 329.5333 -7.997527 16.8006 0.058824 17634.917 0
"5785" 16 329.54104 -7.99963 17.6839 0.058828 17636.209 0
"5716" 16 329.3568 -7.824046 17.4191 0.058837 17638.862 0
"5730" 16 329.29915 -7.853453 17.0245 0.058849 17642.369 0
"5777" 16 329.36376 -7.566 15.7133 0.058984 17683.063 0
"5858" 16 329.77578 -8.357732 17.6311 0.059039 17699.435 0
"5895" 16 328.93694 -7.038787 16.9113 0.059061 17706.096 0
"5736" 16 329.46102 -7.870509 16.3404 0.059085 17713.138 0
"5829" 16 329.7587 -7.526494 16.5326 0.059105 17719.173 0
"5821" 16 329.03376 -8.075753 17.1917 0.059163 17736.75 0
"5916" 16 328.63418 -7.156715 15.8527 0.059174 17739.985 0
"5889" 16 328.93762 -7.063205 17.0938 0.059177 17740.899 0
"5850" 16 328.71144 -7.945163 17.3924 0.059217 17752.663 0
"5727" 16 329.29226 -7.815799 16.7512 0.059229 17756.348 0
"5766" 16 329.53128 -7.929287 14.9989 0.059246 17761.561 0
"5855" 16 329.12023 -7.169269 16.9153 0.059251 17762.886 0
"5805" 16 329.40774 -7.472614 16.493 0.059265 17767.095 0
"5898" 16 328.7488 -8.44461 16.2279 0.059275 17770.291 0
"5877" 16 328.69086 -7.341437 15.4064 0.059276 17770.513 0
"5735" 16 329.46291 -7.739575 17.5874 0.059296 17776.527 0
"5869" 16 329.05716 -8.512164 17.1919 0.059367 17797.74 0
"5863" 16 330.04709 -7.575829 17.0045 0.059373 17799.638 0
"5726" 16 329.38877 -7.739078 15.5063 0.059384 17802.887 0
"5752" 16 329.24089 -7.714523 17.0666 0.059399 17807.459 0
"5851" 16 328.73642 -7.570656 17.2519 0.05941 17810.73 0
"5731" 16 329.43107 -7.859886 17.5075 0.059417 17812.744 0
"5744" 16 329.48802 -7.761963 16.4939 0.059489 17834.306 0
"5793" 16 329.07564 -7.823959 16.6633 0.059516 17842.499 0
"5874" 16 328.98992 -8.507936 16.1488 0.059654 17883.834 0
"5852" 16 328.69189 -7.736023 16.5123 0.059684 17892.756 0
"5751" 16 329.50731 -7.854045 17.4149 0.059689 17894.417 0
"5725" 16 329.41344 -7.76265 17.4147 0.059699 17897.187 0
"5779" 16 329.46486 -7.578803 17.6442 0.05983 17936.517 0
"5792" 16 329.18082 -8.018887 16.9498 0.05988 17951.605 0
"5861" 16 328.66095 -7.852116 17.0942 0.059905 17959.196 0
"5782" 16 329.61887 -7.830738 16.9386 0.059923 17964.469 0
"5750" 16 329.47527 -7.702034 16.2765 0.060025 17995.066 0
"5811" 16 329.12414 -7.530932 17.6486 0.060047 18001.626 0
"5732" 16 329.25564 -7.781475 15.8169 0.06013 18026.595 0
"5840" 16 329.27205 -7.236469 16.1739 0.060143 18030.409 0
"5842" 16 329.85234 -7.470553 17.5785 0.060196 18046.385 0
"5835" 16 329.74761 -7.445545 16.991 0.060485 18132.875 0
"5832" 16 329.60952 -7.365015 15.3789 0.060597 18166.557 0
"5748" 16 329.24127 -7.863625 16.9701 0.060898 18256.632 0
"5800" 16 329.61765 -7.982679 17.1671 0.060902 18257.852 0
"5776" 16 329.20834 -7.626289 17.5385 0.061216 18351.966 0
"5787" 16 329.09417 -7.804975 17.2868 0.061225 18354.727 0
"5771" 16 329.57259 -7.891775 17.4594 0.061249 18361.844 0
"5740" 16 329.24382 -7.811987 15.5063 0.061358 18394.609 0
"5763" 16 329.52704 -7.906601 16.9852 0.061437 18418.49 0
"5753" 16 329.20844 -7.811825 16.4555 0.061543 18450.013 0
"5737" 16 329.4266 -7.905482 16.4295 0.061739 18508.845 0
"5733" 16 329.25716 -7.839593 14.1148 0.062034 18597.364 0
