"ID" "ra" "dec" "zspec" "Vel"
"17997" 193 -0.35325630720061 -0.31918026577305 0.04803821917541 -2095.8785481704
"17973" 193 -0.190113742590438 0.364948192248429 0.0480540623219428 -2091.37828223107
"17989" 193 -0.300223689971212 0.336809560350297 0.0481734913793365 -2057.45430645745
"17923" 193 -0.523950844046658 0.230361536595511 0.0482097013036169 -2047.16883137411
"18000" 193 -0.290785965068019 -0.0597455293329951 0.0482376388523604 -2039.23313509187
"17921" 193 -0.240494521560208 -0.208877276314067 0.0482996767792919 -2021.61118297906
"18019" 193 -0.381692707760004 -0.390385663213401 0.0484485804338294 -1979.31491036864
"17976" 193 -0.562905214225378 0.234497959463086 0.048571469729675 -1944.40804945823
"17991" 193 -0.64166697761982 -0.0581677055628484 0.0486118381940193 -1932.94133577631
"18010" 193 -0.0504834709359487 0.147465482608996 0.0489392028024738 -1839.95300204328
"17975" 193 -0.0958053367447287 0.070420705476583 0.0489631481672943 -1833.15129068604
"18007" 193 -0.280186631028988 -0.0221357250485222 0.0490704071982553 -1802.68422641183
"17985" 193 -0.21060867113797 0.143940058292673 0.049349320429335 -1723.45856809573
"17958" 193 -0.137497147495959 0.0845810946034847 0.0493560592669374 -1721.54439269691
"17943" 193 -0.149196712622542 -0.0400941708048775 0.0493870607320405 -1712.73838707269
"17933" 193 -0.381992865757345 0.302633078216673 0.0494526426271961 -1694.10976627473
"17964" 193 -0.261556091560213 -0.11060104117537 0.0494835023336762 -1685.34402736781
"17920" 193 -0.111171440770226 0.122521017140057 0.0496300260114532 -1643.72379018565
"18002" 193 -0.108267867279136 0.0246941991332016 0.0496552783574792 -1636.55082915334
"17961" 193 -0.0417379992255187 -0.0495886350674371 0.0499210288274492 -1561.06406988529
"17945" 193 -0.248703783046914 0.554649787763495 0.0499295423639474 -1558.64578900611
"17927" 193 -0.289162633627053 -0.308142193494857 0.0500154245033033 -1534.25085800294
"18016" 193 -0.0483596933198997 0.275485228122248 0.0504590877875801 -1408.22773736629
"17928" 193 -0.0968475608143084 0.1325912985447 0.0504844726234062 -1401.01714243759
"17931" 193 -0.161047877489012 0.0760457644509309 0.0506091574401456 -1365.6002615318
"17941" 193 -0.0465057149196997 0.0392525029115681 0.0506937418319519 -1341.57395737197
"17918" 193 -0.0751111865540371 0.0699119415059378 0.0510076333985796 -1252.41265831964
"17947" 193 -0.024505420187239 0.156591832648421 0.0510782100667976 -1232.36526587547
"18012" 193 -0.211529416776732 -0.0867866390113056 0.0512418456315148 -1185.88437542628
"17963" 193 -0.16300254952881 -0.0639681587526493 0.051262092916353 -1180.13310839526
"17979" 193 -0.388689757291817 -0.000870903678198951 0.0514220385416714 -1134.70034992921
"18018" 193 -0.111460364638749 -0.00941115297147611 0.0514753898312512 -1119.54584821335
"17974" 193 -0.12666922221895 0.591552565812672 0.0518543931471731 -1011.88947389343
"17939" 193 -0.0945717047817524 -0.036435684440422 0.0521312532328672 -933.247014137558
"17968" 193 -0.0306496582412586 0.0716737401869632 0.0523062135366842 -883.549317131823
"17962" 193 -0.0143650853245971 0.018602580815694 0.0524955257300613 -829.774947628084
"17953" 193 -0.0409805369742923 0.0977044379757245 0.052956152820441 -698.933236274748
"17992" 193 -0.00695202970629768 0.0016118296755495 0.0532498856784479 -615.498044066111
"17980" 193 -0.040867938120196 0.28524408939587 0.0534860601830097 -548.412375419415
"17924" 193 -0.0320581300410561 0.0426576740338696 0.0537037961301966 -486.564202465486
"18021" 193 -0.106975977878396 -0.246179995776643 0.0537096237426341 -484.908861734668
"17957" 193 -0.0207081536826566 0.135791672714205 0.0541139165019398 -370.068988830689
"18020" 193 -0.0525310257133138 -0.199624022842583 0.0544013934978703 -288.410782207951
"17981" 193 -0.00950138276606876 0.0986602351538504 0.0544922424760365 -262.605014318406
"17987" 193 -0.0214363857130415 -0.160442625304946 0.0546141519427824 -227.97647511101
"17919" 193 -0.0146742250790187 -0.516289409415089 0.0548748189969867 -153.933666561868
"17986" 193 -0.0303536048662428 0.0668996583468644 0.0548996365687389 -146.88420371543
"18008" 193 -0.00912320929918805 0.109459743299187 0.0551702351133636 -70.0203426706208
"17944" 193 0.00431012851001673 0.369192637092935 0.0555150007719469 27.9107815012411
"17983" 193 0.00136631692125702 0.0877557928103935 0.0555499652924303 37.8424980508064
"17971" 193 0.00224699681789571 -0.104887215609165 0.0556328157688928 61.3762813501188
"18005" 193 0.000928565673452407 0.0808024886435138 0.0558292279254662 117.167404437313
"18017" 193 0.0124819710241996 -0.117415825244109 0.0559212195981493 143.297756158913
"17984" 193 0.0135514772739808 -0.0929249640550416 0.0561315645726438 203.046513911632
"17999" 193 0.00471546368677002 0.00271908575943506 0.0563571176917893 267.115164510875
"17970" 193 0.0568592773865289 -0.291117078821486 0.0565752371040049 329.072261194336
"17952" 193 0.114822708533184 -0.0552539264104201 0.056762001709171 382.122985023915
"18015" 193 0.0466341372479432 0.0131334895365774 0.0570356969771768 459.866474286959
"17937" 193 0.0797436466993202 0.00621149305139738 0.0570958327301215 476.948111457532
"17929" 193 0.0150692566297583 0.0268794789952935 0.0571537964859617 493.412790085845
"17926" 193 0.143670421020974 0.17481941238036 0.0572889963252925 531.816476543266
"18022" 193 0.151187958078906 -0.274103919324941 0.0572963092311606 533.893716763699
"17972" 193 0.173536946667779 -0.154912319065629 0.0574486747902366 577.173347764938
"17977" 193 0.0538186109200091 0.0204212879630978 0.0574509179572346 577.810522206054
"17990" 193 0.114868587728976 0.179181592064947 0.0575489179369604 605.647541191067
"17960" 193 0.0380271971596521 -0.0463168923616933 0.057635448129896 630.22655263847
"17959" 193 0.108164936307643 0.0673213374980713 0.0577888419554447 673.798264040176
"17951" 193 0.185320059860261 0.0783140331427523 0.0578164787945754 681.648543374104
"17965" 193 0.0217283930447858 -0.0178507788293058 0.0578244900335339 683.924145997765
"18011" 193 0.0302398885715912 0.00996806705153347 0.0579611333666969 722.737858715636
"17978" 193 0.125923096529267 -0.276494589951301 0.0580666927698012 752.722141533709
"17948" 193 0.0737921031564378 0.0333428114452008 0.0582265986207298 798.143602033697
"17949" 193 0.17975906878586 0.431515641036654 0.0582874635013969 815.432348861953
"17998" 193 0.0505912483284202 0.0335358679251527 0.05862885475285 912.404968393193
"18013" 193 0.0746030814894967 0.0469248729317238 0.0586562056189478 920.174016723116
"17993" 193 0.205904331792402 0.149591208258119 0.058798289354129 960.533082559355
"17966" 193 0.0297052345364572 0.0103626081088924 0.0591626029322165 1064.01681814889
"17938" 193 0.117450993429267 -0.0743936040060307 0.0591720471353191 1066.69945606169
"17995" 193 0.191273740112497 0.296855823497352 0.0592259515813926 1082.01108258368
"17922" 193 0.135623079966267 0.417952796058751 0.0593919221408035 1129.15523124784
"18001" 193 0.179292262174678 0.10882587056774 0.0595124066724261 1163.37901581969
"17982" 193 0.199395674526875 0.0397738130306217 0.0600822725021939 1325.25013014593
"17955" 193 0.0925494088993545 -0.0281947412545937 0.0602761172056475 1380.3119649063
"17935" 193 0.134809547108599 0.631414694298095 0.0607580147218907 1517.19556780128
"17954" 193 0.0404920590258512 0.0487218206976046 0.0608078503149314 1531.35143144006
"17932" 193 0.100798023171283 -0.0784827682275703 0.061047679302068 1599.47516051391
"18004" 193 0.286717760853501 0.29237182976591 0.0610993837841841 1614.16188447349
"17950" 193 0.530899662538589 -0.0573198195729054 0.0612493285031176 1656.75387275078
"17967" 193 0.409609686773263 0.109225342730062 0.061333181337515 1680.5723770974
"17940" 193 0.150541391006703 -0.165417752466429 0.0613838443624843 1694.96327382874
"18014" 193 0.456117317841128 0.0243681416904266 0.0615674867277176 1747.12712143115
"17969" 193 0.360606412390402 -0.21022180283717 0.0615700922579366 1747.86722560642
"17930" 193 0.270479976524211 -0.134541646857616 0.0616345797917859 1766.18499168233
"17996" 193 0.177107726271953 0.0103516140477018 0.0616429906775649 1768.57411449405
"17956" 193 0.348464152708912 0.445459824625939 0.0619041184857794 1842.74780080626
"17936" 193 0.224255151178898 -0.171975986665472 0.0620603402155983 1887.12278201554
"18003" 193 0.0131129705026198 0.129140817238584 0.06209537018216 1897.07308860695
"17946" 193 0.224426639327103 -0.0724994362197004 0.0623669897659566 1974.22697712822
"18006" 193 0.522312073917533 0.129035004807104 0.0624111471040739 1986.7699252282
"17988" 193 0.636219101036611 -0.136207130544688 0.0624553214582237 1999.31770675386
"17942" 193 0.231403313605198 -0.299464643875138 0.0627511556963342 2083.34979865576
"18009" 193 0.236131685972322 0.220741571161872 0.0627542707462753 2084.23463255667
"17994" 193 0.0804641113217991 -0.229383663983331 0.0627640752313276 2087.0196090159
"17934" 193 0.27146699427892 0.0898194338236446 0.0628294592927103 2105.59203487885
"17925" 193 0.0793892450204592 0.318352320796986 0.0628549197364217 2112.82410632358
