           1   370.17483074299395        584.25162750446214        128.10109783851226       -599.58021158399538        379.88683795024417        0.0000000000000000                0
           1   507.37127835228625        234.10954199390210        232.02072688354914       -303.04586740794065        656.77275619183968        0.0000000000000000                0
           1   561.60131721193750        82.730345144961930       -143.87582090363293       -105.79987231563378        718.20500143209063        0.0000000000000000                0
           1  -347.83877889492084       -446.66063554980400        153.16994642219444        572.67113965756118       -445.96996930712885        0.0000000000000000                0
           1   113.21965434840432       -157.61033905803612        238.16242727489893        611.35063072221305        439.16476234823983        0.0000000000000000                0
           1   98.785265530965162        107.10798148694028        22.336386072153669       -525.68872672759574        484.84062285080427        0.0000000000000000                0
           1  -202.12842089517915       -12.721456267011499       -295.85515700322992        47.180755515881742       -749.64464829363465        0.0000000000000000                0
           1  -36.410782828075554       -12.729328247159744        102.07136370251196        224.32886068866031       -641.66696545255047        0.0000000000000000                0
           1  -218.23642536194498        186.04640238108107        67.020358979641543       -488.25636164703650       -572.73519757624638        0.0000000000000000                0
           1   107.86653663260485       -31.273725435978346       -116.77338775754588        201.62327363736216        695.42096212081412        0.0000000000000000                0
           1  -44.276156646052193       -35.161811297202782        107.91352803818658        431.51350730207747       -543.36676466135521        0.0000000000000000                0
           1  -111.72638425706435        333.46942978043222       -85.495046948012472       -712.02452740573722       -238.55837700555571        0.0000000000000000                0
           1  -102.10108753423728        388.93608845773844        508.32527480616307       -693.89378350933941       -182.15668854613986        0.0000000000000000                0
           1   417.74138112408338        11.632531311143731        356.72383161827781       -20.342009120073200        730.51159350995727        0.0000000000000000                0
           1   151.84895974847899        207.36313141862911       -39.791330040482478       -605.73466008967375        443.57054886735835        0.0000000000000000                0
           1  -571.11881526623063        259.79498256883954       -53.029225125339131       -298.10121224732512       -655.32909636931481        0.0000000000000000                0
           1   204.09999491426058        150.42760240547477        32.792214741319718       -445.18366139202749        604.02467082542432        0.0000000000000000                0
           1  -401.83634401651886       -176.42061761391810       -102.53212415025492        298.67615366982568       -680.29992899271122        0.0000000000000000                0
           1  -55.325602705807171        56.139548043641383        51.861791762911011       -469.61126465573864       -462.80255470381979        0.0000000000000000                0
           1   32.701200555117047        161.06914686865088        5.9764726815021838       -710.86864647907259        144.32471164582302        0.0000000000000000                0
           1  -29.840394731555733       -3.1274724268095069       -66.932146336473693        64.626865797391403       -616.62931673702690        0.0000000000000000                0
           1   259.10827037746577       -320.43831374352879       -237.33469068614335        575.51420099831023        465.36410536005337        0.0000000000000000                0
           1   302.49663311181513       -1424.5187871752989       -319.10308621203251       -5.7313366296747663       -134.38813808469436       -122.48589947092216                1
           1  -34.173092763127379       -944.46973956414524        429.68940126202835        10.990708524628579       -274.40285358121730        451.59587692651695                1
           1   265.70076799724922       -701.68601109287920        897.27686604352766       -31.938674720918357       -176.77871949777563        452.11670208137929                1
           1  -1429.2609116212905       -48.733587584688046       -155.18028822026463        312.47650366658439        266.24974945735477        322.64897938171612                1
           1   899.97258955982920       -353.27294506540187        553.82927343759695       -398.00848429620305       -10.502391496562209       -193.14632294507618                1
           1   875.19173238156782        552.38879525893969        4.3426193759603580        232.10733839464964        38.925805588535944        131.34096600378950                1
           1  -1333.4647498286986       -250.76261196416542       -577.76182503819132       -9.5288101276442845       -168.60756703820013       -278.16392502006215                1
           1   858.65032004251509       -464.12833126961698        478.53514401861025        251.34327399689664        21.502414526818736        59.445704536353972                1
           1  -938.33702177561941       -42.425661137640525       -483.13223172748565        189.56005336097866        50.681005439280320       -475.94171067747146                1
           1  -303.68346779685754       -519.30581627725837        1310.7365795382275       -60.808475683938205        87.276175417862987        23.490281690965602                1
           1  -873.99141314459587       -398.44144483807287       -890.81509020055285        118.45851550662202       -98.761594572711900        287.41671830736271                1
           1   474.69221597890595       -732.83066746413112        450.52310622675088        28.154378990925895        35.789339173311397       -66.041348610236611                1
           1  -471.62900499701828        960.16059812854655        141.08454051420966       -60.800009535408549       -111.53621583594209       -649.10703931695650                1
           1   61.967883992442943       -1685.1783848752007       -257.26583577221254        53.116277063641917        651.25262446362888       -10.157550493718189                1
