"ID" "ra" "dec" "zspec" "Vel"
"14790" 175 -0.117013687037511 0.120150125853976 0.0787797905793133 -1903.63913422486
"14757" 175 -0.212176410360836 0.105698241577444 0.078996688306951 -1843.74608580427
"14739" 175 -0.0609279493527495 0.0916859144036608 0.0790145576327101 -1838.8117399972
"14817" 175 -0.220813245129795 -0.206047868004617 0.0790713927055518 -1823.11758862564
"14812" 175 -0.298247961073332 -0.210669177409231 0.0791623714103372 -1797.99518632894
"14813" 175 -0.179052190308671 0.0914416673078076 0.0793012143318063 -1759.65579979421
"14818" 175 -0.0814910574018721 -0.0224393573261877 0.0793580537089269 -1743.96045986069
"14777" 175 -0.0821006714760002 -0.207328816911356 0.0795019488493306 -1704.22597898095
"14823" 175 -0.220735342817569 -0.132096786348015 0.0795355982239573 -1694.93420978728
"14789" 175 -0.0782147475708774 0.0177867312177174 0.0797058701535101 -1647.9161749169
"14787" 175 -0.0959677091467236 0.111197749496252 0.0797898527214086 -1624.72565069883
"14798" 175 -0.0769596727574242 -0.0452901759792047 0.0798870749173788 -1597.87920212502
"14799" 175 -0.254428529990832 0.100478408871833 0.0804261019241848 -1449.03499351919
"14772" 175 -0.204319455371988 0.080375832475419 0.0806631767022011 -1383.57035581331
"14824" 175 -0.298833885138471 -0.0184479442391417 0.0807031949459497 -1372.51991910915
"14769" 175 -0.115807456399304 -0.0199162758211259 0.0808413878566331 -1334.36002328594
"14763" 175 -0.119746863935624 0.253037581159565 0.0809235290221561 -1311.67797466528
"14752" 175 -0.127897875884254 -0.237164583250681 0.081112460267412 -1259.50745013503
"14746" 175 -0.123879489157319 0.0611222822365212 0.081467009889166 -1161.60389948704
"14784" 175 -0.116438282543049 -0.0408106686284739 0.0815755001983697 -1131.64593075647
"14754" 175 -0.0300526506486422 -0.110113580828998 0.0817439503594998 -1085.13094986248
"14744" 175 -0.0158309643305589 0.0034763102599108 0.0817444800411596 -1084.98468623103
"14771" 175 -0.0584190059982764 -0.0428338574300715 0.0818939117368649 -1043.72136879601
"14797" 175 -0.056476288719093 0.00880681602565288 0.082234387776004 -949.704026519979
"14788" 175 -0.0291387557304416 -0.0776819149611124 0.0825878352942742 -852.104805189035
"14745" 175 -0.0338725308229424 -0.125436493935667 0.0828201887904573 -787.943878520246
"14760" 175 -0.0372386405756267 -0.0148962064180066 0.0828351748465416 -783.805704310371
"14748" 175 -0.0552933816821752 0.235671167615173 0.082961812915027 -748.836504539151
"14753" 175 -0.0811104411452372 -0.0768396185063879 0.0831690404756643 -691.613727433521
"14742" 175 -0.0270878939686081 -0.0489456145823469 0.0834363943048454 -617.787984716125
"14793" 175 -0.0398224093776652 -0.111527191525243 0.0835082526617316 -597.945379192854
"14749" 175 -0.00536988846730672 -0.00218589865276704 0.083738428540166 -534.385768944868
"14803" 175 -0.0610600494882334 0.104547071150766 0.0837606868413645 -528.239473518188
"14751" 175 -0.0270673257896915 0.062730570996673 0.0839427730308211 -477.959108294325
"14762" 175 -0.0220423465677115 -0.194252663237933 0.0840466055734074 -449.28731182838
"14776" 175 -0.020597267803727 0.00732494231959722 0.0845764379998317 -302.982048438864
"14767" 175 -0.00343786154204139 0.0267981129202981 0.0853599933420684 -86.6150142429803
"14810" 175 0.00139803471429482 0.00990602691501524 0.085831138028878 43.484511683467
"14759" 175 0.0071865445707803 -0.0515757159709733 0.0858819569010097 57.5173796273203
"14782" 175 0.00417689351320507 -0.0221212074891589 0.0859801636927137 84.6357095186468
"14820" 175 0.0021552980639322 -0.0342091168155337 0.0860583544752464 106.226919234289
"14802" 175 0.00760846532911837 -0.241040867005099 0.0861524557139008 132.211562340277
"14783" 175 0.00230494706331736 0.000761101185338169 0.0864292263780181 208.63762252966
"14770" 175 0.0452086370465127 0.0145064190023191 0.086543853648957 240.290221030502
"14801" 175 0.0167010339162574 -0.122298354021172 0.0866811788727755 278.210518163655
"14766" 175 0.0314382400806259 -0.337222590728444 0.086725612785123 290.48027540238
"14809" 175 0.0842813900905786 -0.138556485208346 0.0876314764508245 540.620915339988
"14764" 175 0.0696910616274571 -0.0226293131527856 0.0878260024754608 594.33635412996
"14808" 175 0.0636195249557611 -0.220874620013723 0.0880337843806564 651.712205155875
"14804" 175 0.00754130731750136 0.00585271351921216 0.088243275184964 709.559942993981
"14758" 175 0.0246510912137805 -0.055008791201722 0.0884083068916563 755.130969060071
"14807" 175 0.0710786404464255 0.0428258436995454 0.0884696152111601 772.060340283161
"14735" 175 0.074934059642382 0.176333498814252 0.0885355894641864 790.278138939031
"14737" 175 0.0386152229600487 0.00285101306111258 0.0885952676546843 806.757374531182
"14816" 175 0.0340858083963532 -0.0358774269213651 0.088800248018782 863.359622078365
"14779" 175 0.164137403897028 0.00353672785991729 0.089229264273142 981.826014398173
"14795" 175 0.0280305835751388 -0.0477770816183768 0.0893752708115478 1022.14352611073
"14821" 175 0.153991340034717 0.00603517011946201 0.0895746119493986 1077.18858606386
"14761" 175 0.00978482300770761 -0.151641747948679 0.0896321208000651 1093.06879105767
"14786" 175 0.073705230699595 -0.0501876158675812 0.0897870486772362 1135.84979641981
"14778" 175 0.027292320019453 0.0117644533021006 0.0899379582288096 1177.52120154681
"14815" 175 0.0688285323392357 -0.0313185445002545 0.0901564801475144 1237.86274592579
"14806" 175 0.258148485078059 -0.00915636530176616 0.0902930495210348 1275.57432635639
"14791" 175 0.174096123663672 -0.120685227817753 0.0904305371036076 1313.53945641997
"14775" 175 0.135408662938828 0.171981760718251 0.09071540562502 1392.20161822443
"14814" 175 0.0248920764401114 0.0246210866409432 0.0908280067833524 1423.294736173
"14743" 175 0.112043762173605 -0.322764189197052 0.0909485742537682 1456.58763150302
"14780" 175 0.0492534975905912 -0.178340367744799 0.0909733723624552 1463.43525660496
"14765" 175 0.0608030556779933 -0.0136884942137964 0.0910550238551965 1485.98208944473
"14781" 175 0.00785806067866241 -0.0537039310682912 0.0910712443889229 1490.4611461064
"14755" 175 0.109800002342141 0.108697118190077 0.0911424522559022 1510.12412861603
"14734" 175 0.174883021348227 0.283253938087259 0.0912593253453036 1542.39687614005
"14811" 175 0.28876994134707 -0.0696731836214113 0.0913149769429327 1557.76422861434
"14794" 175 0.30028816776648 0.0210940702771846 0.0913623359593078 1570.8417093782
"14738" 175 0.124309214629748 -0.1109414466012 0.0913942418050233 1579.65202926099
"14756" 175 0.204578096190446 -0.122152958473662 0.0914528645408342 1595.83981690039
"14740" 175 0.300221205806826 -0.150361005620735 0.0915169726541207 1613.54230910739
"14822" 175 0.208957495882919 0.0270837541372013 0.0918710955342234 1711.32802146051
"14805" 175 0.058944589482781 0.135808882646551 0.0919263964935407 1726.59855043364
"14773" 175 0.186989742636863 -0.147284368568598 0.0919399952836018 1730.35365197602
"14796" 175 0.250323771569872 0.259959657328584 0.0921256645371326 1781.62342650546
"14736" 175 0.371969769039042 0.0737759255072928 0.0921545728669861 1789.60602742311
"14819" 175 0.298899435863934 -0.216937507497967 0.0922040913127826 1803.27980217446
"14785" 175 0.13088830559447 -0.0129811846818616 0.0922324170054785 1811.10151659564
"14792" 175 0.187626271066529 -0.0841198009109579 0.0922735302504127 1822.45432142393
"14741" 175 0.22720726256148 -0.316679328741759 0.0923184686563399 1834.86338698427
"14750" 175 0.119725250637952 0.358011528726516 0.0923514516030276 1843.97113211618
"14774" 175 0.240224601595463 0.180981282244781 0.0924273728801474 1864.93565201327
"14768" 175 0.132115963119535 0.000757278374568387 0.0924376526127063 1867.77424569797
"14800" 175 0.216585285267491 -0.213048524132772 0.092507476787277 1887.05514234006
"14747" 175 0.195945538062177 0.0808052325333772 0.0926098027836925 1915.31092871805
