"Vel" "DistA" "Flag" "Vx" "Vy" "dist"
"45" 6.91081608912e-16 0.186174214724717 -1 -0.0673981044231089 -0.122347976196463 0.17917118629223
"262" 7.62939316376e-16 0.261273028036955 1 -0.100130251585282 -0.103544140657945 0.155999913835085
"157" 7.308757486e-16 0.413304073991288 1 -0.0463305680983633 -0.0776556379016245 0.126323258702664
"210" 7.48174588064e-16 0.561196152747951 1 -0.128891833180964 -0.174036255237418 0.246450372702557
"285" 7.73097441936e-16 0.60310544941733 1 -0.0527273786110051 -0.332698025801675 0.464096905934424
"4" 6.68797057912e-16 0.82612073248621 -1 -0.159033876298289 -0.294004635179585 0.410350332842447
"32" 6.85288840952e-16 0.993930740102627 -1 -0.00865713491352416 -0.160544144299603 0.228544130616979
"309" 7.87016321448e-16 1.18779202502702 1 0.0272685070848365 0.0961937195513031 0.170711886428369
"49" 6.92695106008e-16 1.48799158364009 -1 -0.186430944457447 -0.0101156150978149 0.0819733327735749
"124" 7.21632144392e-16 1.56298202712624 1 0.0729565357500222 0.302645713471955 0.449252830286064
"19" 6.81131704752e-16 1.62269346085281 -1 -0.217293318926856 -0.260378927093348 0.363878860708377
"193" 7.42965844672e-16 1.79901721441683 1 -0.205707657435399 0.0452967298195888 0.11298954508112
"77" 7.06515821688e-16 1.93621141106285 1 -0.234041232710695 -0.171835188757577 0.24351702000735
"225" 7.52535765032e-16 1.97645593348561 1 0.0564790409344297 -0.283923271515699 0.39639071575446
"46" 6.91143994312e-16 2.2541362096621 -1 0.0987520103497595 -0.0280801198066626 0.0859974623642321
"219" 7.5024325552e-16 2.26491786687782 1 0.104990384936782 0.0378541576456799 0.106020805031536
"107" 7.1623997172e-16 2.28841393175952 1 0.109706785676587 0.0733831645947427 0.143255036330855
"53" 6.95275755048e-16 2.31158413987717 -1 -0.25145057573326 -0.0336279101994535 0.0886858976133445
"44" 6.9069890284e-16 2.35090497525242 -1 0.117320814616925 0.107821911967025 0.185305110812083
"200" 7.46081063672e-16 2.36364938574941 1 0.11275493658994 0.0403080388545003 0.108254967229305
"16" 6.80634533624e-16 2.88763871269506 -1 -0.318777289603271 -0.316239911522769 0.441206699507651
"109" 7.172473744e-16 2.89575720602685 1 -0.283418262145778 0.122076955191074 0.203580502770006
"164" 7.32493296696e-16 2.99382542041279 1 -0.318129439300604 -0.209257605799177 0.293892286961188
"12" 6.7830802812e-16 3.11083211757209 -1 0.187707537642694 0.256126353315732 0.384756198715355
"117" 7.19557675904e-16 3.12826506881323 1 -0.319041010473617 -0.0949072567393668 0.145749033582418
"13" 6.78513721696e-16 3.60637282607691 -1 -0.342607922527065 0.0641582331891196 0.132765879133048
"26" 6.82549684384e-16 3.63602651837425 -1 0.215138525112277 0.100192890444066 0.175693893721217
"38" 6.87359550112e-16 4.00589089111463 -1 0.210460606545862 -0.30193946511957 0.421351670351452
"30" 6.83284017256e-16 4.00947748466559 -1 0.258285706164242 0.277315291549402 0.414083145334618
"108" 7.16924817576e-16 4.16598097264685 1 -0.394491623425374 -0.0456754912467292 0.0964831029365563
"143" 7.27328271696e-16 4.556123087763 1 0.259275727321713 -0.220737591361178 0.309516282343328
"177" 7.37253027248e-16 4.57401970345883 1 -0.412553725203177 0.115062861814564 0.194541708444335
"98" 7.14318112504e-16 4.78800746395751 1 0.319279274899274 0.293833446894077 0.437005525123012
"84" 7.09695467792e-16 5.22574346385629 1 -0.467922536112819 0.048733318965153 0.116387898231943
"251" 7.59930460432e-16 5.30744842771124 1 -0.479379641800402 -0.0145916386849449 0.0822635616492715
"236" 7.54924947608e-16 5.39976096540107 1 0.343952005416903 0.0235247609088978 0.0944768891204674
"34" 6.8624815016e-16 6.47664656512345 -1 0.440029539564532 0.189016568491363 0.292726686320833
"244" 7.58558143672e-16 6.54858371389536 1 0.423033211813501 -0.0851609639682869 0.134575641016642
"51" 6.9354772808e-16 6.81634750742737 -1 -0.582249888667155 0.140310246353396 0.227420763877353
"170" 7.33974180256e-16 7.78545818225113 1 -0.673221375650564 -0.0635524103654988 0.111898625923524
"246" 7.58794722072e-16 7.85384158071003 1 -0.657462605702415 0.192233035866436 0.29709620311028
"3" 6.60628913184e-16 10.6230144165004 -1 -0.89176658251251 -0.0779310097581643 0.126619821497454
"138" 7.26125546e-16 10.7024019186557 1 -0.879150464100356 0.14983959773417 0.240040603333311
"137" 7.25657347624e-16 13.0379831812872 1 0.944174697859561 0.207631736521989 0.318084712587931
"62" 7.01271105416e-16 13.6684906416322 -1 0.965020177078481 -0.126800858918682 0.18479328432894
"294" 7.76236772488e-16 14.7406870934246 1 -1.17982442126357 0.255459077533952 0.383834245729803
"75" 7.05767618192e-16 16.1833480385233 1 1.17184261953992 0.0459047871348357 0.113583098636395
"96" 7.13278431456e-16 16.3491267513489 1 -1.33266113068389 -0.105438337473235 0.158285349846667
"291" 7.75547551552e-16 18.9157329493325 1 -1.54391124107205 -0.283791065600186 0.396207791626402
"116" 7.19455849968e-16 21.0179287443868 1 -1.70105732048999 -0.236426507792332 0.330963688077298
"257" 7.60866371064e-16 22.5927293449027 1 -1.82347782004094 -0.258186968028583 0.36085931704973
"174" 7.35668211232e-16 25.8688814347565 1 1.91008490822317 0.000866541380054282 0.0833198888201417
"302" 7.8053663352e-16 28.0454317770424 1 2.10036932545215 0.28780521886888 0.428634625477581
"127" 7.22291744416e-16 29.3723081738167 1 -2.31100469533747 0.129297572103311 0.212967341432117
"121" 7.20917872072e-16 29.8072645444032 1 -2.34211008725341 0.156262307584594 0.248597016680448
"81" 7.08642110568e-16 36.5881166589715 1 2.72521139695133 -0.0721938080596032 0.120550365343311
