"clusterID" "ra" "dec" "r" "zspec" "Vel" "Flag"
"5565" 15 195.70608 -2.514417 17.2662 0.078802 23624.221 0
"5592" 15 195.8493 -2.465221 15.7452 0.079316 23778.324 0
"5627" 15 195.45513 -2.596192 16.6258 0.079596 23862.397 0
"5635" 15 195.62106 -2.816551 17.4894 0.07969 23890.452 0
"5588" 15 195.58953 -2.501699 15.4161 0.079691 23890.671 0
"5641" 15 195.39677 -2.605229 17.1779 0.079996 23982.084 0
"5601" 15 195.56247 -2.53857 16.911 0.080289 24069.968 0
"5570" 15 195.72257 -2.463289 17.4609 0.08032 24079.417 0
"5624" 15 195.45234 -2.56846 16.4811 0.080438 24114.652 0
"5629" 15 195.44638 -2.586988 15.6529 0.080473 24125.18 0
"5577" 15 195.64708 -2.575969 17.5734 0.080551 24148.726 0
"5626" 15 195.50892 -2.34082 17.6062 0.081004 24284.439 0
"5636" 15 195.52069 -2.764349 16.789 0.081007 24285.204 0
"5622" 15 195.58323 -2.698366 17.3992 0.081212 24346.766 0
"5623" 15 195.49793 -2.423465 15.7714 0.081347 24387.157 0
"5637" 15 195.91972 -2.763821 17.1257 0.081495 24431.46 0
"5638" 15 195.63542 -2.824576 17.1501 0.0816 24463.092 0
"5609" 15 195.73369 -2.338228 17.5514 0.081692 24490.768 0
"5652" 15 195.34064 -2.619525 17.5859 0.081789 24519.707 0
"5564" 15 195.72036 -2.520557 16.2672 0.081833 24532.805 0
"5600" 15 195.59264 -2.611141 17.3012 0.081845 24536.439 0
"5599" 15 195.79735 -2.383832 16.9693 0.081896 24551.803 0
"5597" 15 195.87092 -2.5186 16.9657 0.081986 24578.695 0
"5634" 15 195.68248 -2.822749 16.8504 0.082108 24615.23 0
"5630" 15 195.49828 -2.697291 16.5103 0.082139 24624.56 0
"5631" 15 195.94629 -2.689553 16.2907 0.082167 24632.918 0
"5615" 15 195.60201 -2.665111 17.0089 0.082239 24654.779 0
"5617" 15 195.67857 -2.708655 16.4973 0.082331 24682.219 0
"5590" 15 195.69607 -2.384438 16.6523 0.082333 24682.729 0
"5668" 15 195.1919 -2.468804 16.396 0.082445 24716.317 0
"5573" 15 195.70841 -2.443926 15.542 0.08253 24741.953 0
"5664" 15 195.99954 -2.915437 16.8848 0.082596 24761.625 0
"5669" 15 195.30889 -2.857413 16.5282 0.082617 24767.957 0
"5616" 15 195.89382 -2.597636 17.6371 0.082651 24778.137 0
"5585" 15 195.59986 -2.512855 17.4481 0.08266 24780.836 0
"5594" 15 195.58669 -2.580307 17.6272 0.082676 24785.635 0
"5618" 15 195.78414 -2.708027 16.9522 0.082686 24788.495 0
"5589" 15 195.69313 -2.64703 16.2191 0.082756 24809.487 0
"5672" 15 195.2627 -2.823409 16.468 0.082762 24811.286 0
"5583" 15 195.72961 -2.411628 16.9256 0.082789 24819.473 0
"5657" 15 195.89619 -2.904741 15.3054 0.082792 24820.297 0
"5663" 15 195.53618 -2.942575 16.7857 0.082803 24823.667 0
"5644" 15 196.06562 -2.587427 17.5016 0.082835 24833.227 0
"5683" 15 195.11993 -2.401185 17.0812 0.082842 24835.491 0
"5688" 15 195.95726 -1.936978 17.4548 0.082846 24836.585 0
"5646" 15 195.41697 -2.729032 17.3506 0.082849 24837.517 0
"5662" 15 195.71502 -2.979802 17.6303 0.082921 24859.18 0
"5658" 15 195.36314 -2.770407 15.868 0.082962 24871.292 0
"5647" 15 195.42607 -2.741747 17.3447 0.08305 24897.803 0
"5645" 15 195.422 -2.727531 17.6126 0.08311 24915.616 0
"5575" 15 195.67195 -2.445004 16.1968 0.083183 24937.54 0
"5681" 15 195.20208 -2.834051 17.5473 0.083207 24944.696 0
"5698" 15 196.36738 -2.642968 16.4102 0.08326 24960.855 0
"5621" 15 195.51052 -2.602219 16.8985 0.083317 24977.862 0
"5642" 15 195.86379 -2.820012 16.6411 0.083318 24978.123 0
"5675" 15 196.28308 -2.394894 16.4421 0.083329 24981.445 0
"5708" 15 195.14738 -2.151919 16.0138 0.08336 24990.786 0
"5611" 15 195.7473 -2.337461 16.4618 0.08345 25017.711 0
"5700" 15 195.10746 -2.252514 17.624 0.083461 25021.122 0
"5703" 15 195.21354 -2.081188 16.6079 0.083543 25045.696 0
"5650" 15 195.94434 -2.21293 16.3858 0.083562 25051.203 0
"5699" 15 196.01692 -1.92356 16.4204 0.08358 25056.765 0
"5632" 15 195.4692 -2.670107 15.7566 0.083608 25065.144 0
"5686" 15 196.18882 -2.115123 16.5216 0.083609 25065.327 0
"5648" 15 195.45812 -2.788206 16.2321 0.083619 25068.417 0
"5578" 15 195.82048 -2.511135 17.3023 0.083712 25096.307 0
"5628" 15 195.43918 -2.511735 17.1626 0.083723 25099.389 0
"5586" 15 195.75234 -2.396383 17.4659 0.083738 25103.946 0
"5567" 15 195.73564 -2.491735 16.8872 0.083807 25124.707 0
"5595" 15 195.57311 -2.542252 16.4727 0.083875 25145.107 0
"5660" 15 195.46082 -2.89398 16.8688 0.083891 25149.742 0
"5649" 15 195.7361 -2.896348 17.1095 0.084022 25189.123 0
"5581" 15 195.62918 -2.572073 16.9479 0.084057 25199.577 0
"5670" 15 196.15137 -2.191156 17.09 0.084091 25209.914 0
"5673" 15 195.68489 -1.963269 16.7065 0.084159 25230.168 0
"5579" 15 195.62505 -2.477976 17.0924 0.084184 25237.635 0
"5674" 15 196.27508 -2.459199 17.6037 0.084199 25242.084 0
"5666" 15 195.61192 -2.008949 17.5292 0.084207 25244.522 0
"5640" 15 195.8782 -2.233361 16.0199 0.084252 25258.246 0
"5591" 15 195.81703 -2.419789 16.5458 0.084361 25290.798 0
"5665" 15 195.58273 -2.041139 15.9312 0.084376 25295.21 0
"5606" 15 195.5472 -2.526126 16.6535 0.084383 25297.447 0
"5596" 15 195.85398 -2.582787 17.3388 0.084509 25335.185 0
"5571" 15 195.76973 -2.555473 17.0538 0.084531 25341.894 0
"5620" 15 195.93806 -2.54911 17.5862 0.084577 25355.58 0
"5593" 15 195.57754 -2.526358 17.6033 0.084635 25372.905 0
"5598" 15 195.71724 -2.365792 16.0753 0.084649 25377.087 0
"5605" 15 195.78664 -2.363112 16.9476 0.084697 25391.606 0
"5661" 15 195.62409 -2.065739 17.3131 0.084824 25429.673 0
"5608" 15 195.85918 -2.409836 17.3047 0.084947 25466.548 0
"5712" 15 195.67571 -3.210495 17.6452 0.084958 25469.777 0
"5655" 15 195.62244 -2.913601 16.8605 0.084961 25470.643 0
"5678" 15 195.35852 -2.049118 16.8637 0.084994 25480.461 0
"5704" 15 195.09873 -2.259908 16.577 0.085089 25509.043 0
"5711" 15 195.14273 -2.134062 14.9538 0.085158 25529.693 0
"5713" 15 195.02445 -2.592503 17.1209 0.085251 25557.535 0
"5566" 15 195.70459 -2.51099 17.4738 0.085346 25586.18 0
"5580" 15 195.76094 -2.421878 18.2218 0.085389 25598.987 0
"5680" 15 195.19119 -2.236714 17.4593 0.085436 25613.131 0
"5654" 15 196.0711 -2.316169 15.3758 0.085452 25617.877 0
"5651" 15 195.35774 -2.388137 16.4061 0.085527 25640.496 0
"5701" 15 195.15549 -2.160015 16.9732 0.085615 25666.587 0
"5574" 15 195.70574 -2.594164 17.0305 0.085619 25667.859 0
"5604" 15 195.65985 -2.359921 16.7221 0.085626 25670.152 0
"5584" 15 195.66067 -2.421271 17.0178 0.085658 25679.574 0
"5568" 15 195.69386 -2.484058 17.6059 0.085896 25750.955 0
"5677" 15 195.38806 -2.028511 17.5619 0.086008 25784.412 0
"5667" 15 196.15075 -2.8111 17.0125 0.086086 25807.976 0
"5587" 15 195.78872 -2.411573 16.3409 0.086135 25822.632 0
"5607" 15 195.54457 -2.495214 17.2588 0.08656 25949.936 0
"5612" 15 195.66011 -2.344046 16.5515 0.086562 25950.575 0
"5603" 15 195.78102 -2.365318 16.4232 0.086657 25978.992 0
"5639" 15 195.67312 -2.835812 15.8155 0.086924 26059.037 0
"5602" 15 195.84162 -2.625037 17.3926 0.088126 26419.426 0
