"Vel" "DistA" "Flag" "Vx" "Vy" "dist"
"111" 7.07784120278276e-17 0.00890846651370871 1 1.07199044917743 0.258729107016056 0.346767300320084
"92" 6.18596490270517e-17 0.0102145314528987 1 0.551689328188275 0.111844635212667 0.140457711307916
"61" 1.09644008475201e-17 0.0128613694753123 -1 -0.00874933145933488 -0.000464163101273146 0.0330170666495792
"94" 6.27573157870692e-17 0.0216541982676028 1 0.426244321439338 0.0692524667031474 0.0819829680177543
"18" -6.33394541833183e-17 0.025824713130169 -1 -0.397396051606182 -0.0815412438445376 0.137816106811057
"22" -5.80611038334025e-17 0.0368468284971325 -1 -0.3335934508142 -0.13186958108626 0.208166846805993
"71" 2.35226446389618e-17 0.0439042889404876 -1 0.0413150809887927 -0.0479323423662157 0.0915487546987116
"45" -2.50165784369545e-17 0.0555389333008224 -1 -0.0864348345145814 -0.0912911023490975 0.151384635900658
"40" -3.2598710719284e-17 0.0614185973009752 -1 -0.490346378865202 -0.0667773468883289 0.117367312554451
"67" 1.99784133953296e-17 0.0614857564320173 -1 0.00162256785721288 0.0531733158723729 0.0608077962253334
"69" 2.08757100250394e-17 0.0620548662264911 -1 0.112257465918326 0.0807303738816356 0.0975303826924222
"70" 2.16244271525241e-17 0.0621251314841472 -1 0.577843209964228 0.063653333890531 0.0745047303909228
"20" -6.13667094563797e-17 0.0657307467855087 -1 -0.837508830277308 -0.146839239673687 0.229190202172895
"54" 1.22902264478755e-18 0.080042750172228 -1 -0.00425851579071917 0.0712458948958418 0.084664726373055
"49" -1.60958172357066e-17 0.0813209012222784 -1 -0.193467396968037 0.0264840901903939 0.0310112458784459
"99" 6.45227972193419e-17 0.0871049610589336 1 1.56493672105647 0.277925592393947 0.373846038251742
"95" 6.31470556370658e-17 0.0971463164719263 1 0.361188134950305 0.178273682192613 0.233451047355928
"9" -6.78452609280691e-17 0.0997508876254881 -1 -0.512091080983596 -0.0317840898735799 0.0699235345806381
"19" -6.27068040445119e-17 0.101898654030744 -1 -0.843965049352792 -0.324611242820404 0.479841632858876
"79" 4.41953760078772e-17 0.110606063966803 1 0.276382807088438 0.171756647465271 0.224292835693475
"16" -6.46178132252436e-17 0.110802211622867 -1 -0.620863751629505 -0.27960596064074 0.416299781122495
"86" 5.89200633090369e-17 0.117992019368562 1 0.257364951930651 0.174886022615957 0.228689877200618
"64" 1.2960803376745e-17 0.123758175893788 -1 0.0333099093888241 -0.133819095688779 0.21090307589854
"26" -4.76365252240076e-17 0.13052845450456 -1 -0.22379270282694 -0.203584715200863 0.309065622706357
"75" 4.08162439040631e-17 0.133375096375268 1 0.0275510569832338 0.135055813803524 0.17283386209952
"33" -4.36918835839964e-17 0.13814193788398 -1 -0.135251421676925 0.100395600337029 0.124574662676415
"1" -7.08300215923205e-17 0.150688781237212 -1 -0.872608688106653 -0.0660909870318419 0.116420384690026
"87" 5.90963464420539e-17 0.153575793214645 1 0.136479860948223 -0.140021179689659 0.219611432968532
"58" 9.60489578352738e-18 0.169521555623374 -1 0.0416895283081527 -0.17988005120194 0.275672258113603
"62" 1.11033844539253e-17 0.171728028003122 -1 0.0309824178187792 0.176205520788163 0.230544213350494
"74" 2.94809177542444e-17 0.171776793139079 -1 0.383128125933713 0.262065553072756 0.351472955194142
"44" -2.63312939035016e-17 0.174051817833933 -1 -0.191240469703585 0.124498152059146 0.158084510807312
"60" 1.0755168227807e-17 0.189254261692093 -1 0.101865391073875 0.211900055602681 0.280765880775505
"42" -2.89190244889398e-17 0.196930576867025 -1 -0.151057704138219 0.158337994642714 0.20545237978991
"50" -5.90863321321347e-18 0.205011022127885 -1 -0.0845800098941908 0.183030410286076 0.240138362682957
"12" -6.684192347686e-17 0.205072864440161 -1 -0.471270686566074 0.0888689270946269 0.108675874883989
"82" 4.59018633343889e-17 0.20884322040478 1 0.255799431590778 -0.169038851054237 0.260411123774878
"85" 4.8593705398058e-17 0.213484712393851 1 0.187884408142501 0.258329795213155 0.346204142500751
"27" -4.75309183882483e-17 0.220516085895886 -1 -0.430425734230513 0.115054477429102 0.144922918337887
"32" -4.40857449653474e-17 0.221159016422151 -1 -0.240586496094725 -0.302940617433193 0.449241690585064
"81" 4.51252057352002e-17 0.223119840630732 1 0.752504677065546 -0.063011123417642 0.112176283568154
"36" -4.08857162601078e-17 0.225171267931881 -1 -0.30271447723394 -0.322296956782189 0.4765734643482
"102" 6.65296475000179e-17 0.227066457268665 1 0.439145831067071 -0.143516917278445 0.224521955789341
"72" 2.45897484420417e-17 0.240435056396909 -1 0.295781424325765 -0.192503120066041 0.293451004590869
"98" 6.42174658177729e-17 0.243153371959921 1 0.254761046067312 0.305811249344025 0.413197977556092
"105" 6.72763574518162e-17 0.251450517837415 1 1.65808131373394 0.127875440932915 0.162799080440159
"14" -6.66221522528859e-17 0.258481853558131 -1 -0.527377585560983 0.131336443411801 0.167634131716548
"41" -2.9583261311886e-17 0.260793471297427 -1 -0.239772529013881 0.203848125108134 0.269428513485591
"47" -2.09129497732302e-17 0.278494924696441 -1 -0.168380373574806 0.239850911536197 0.320148975077648
"25" -5.33316680523157e-17 0.290150847763984 -1 -0.41469547196208 0.192082097572412 0.252869627821936
"38" -3.60511036023784e-17 0.292002858719354 -1 -0.0661901560034657 -0.334910206442189 0.494386292855491
"103" 6.68537080552268e-17 0.309567435413702 1 0.492152965341563 -0.217318967595545 0.328425542273976
"17" -6.33856742157373e-17 0.319274691549281 -1 -0.324892552676853 0.244577424421295 0.326812158964958
"48" -1.81131547700184e-17 0.327053467261532 -1 -0.183975476572937 0.287091695217986 0.38677924865122
"96" 6.3803986773586e-17 0.334446318073153 1 0.251712329260211 -0.302058830455458 0.447996701802639
"90" 6.09906208742942e-17 0.362569683384113 1 1.22219351919097 -0.0951388002375095 0.156749898795201
"43" -2.64190758351717e-17 0.371417028651508 -1 -0.2338331361502 0.321574149676594 0.435449163750264
"15" -6.57155889254684e-17 0.382358031024197 -1 -1.60074316613772 -6.04848485861946e-06 0.0326139905469312
"68" 2.03864167074291e-17 0.392970416718206 -1 0.38207331579807 -0.331809151071423 0.490006716150169
"3" -7.02269977386335e-17 0.409537709819246 -1 -0.709877542208122 0.245643926775814 0.328315775375401
"29" -4.53493097941462e-17 0.412879032930655 -1 -0.606074976145722 0.274450054454644 0.368942658691171
"91" 6.16993128028293e-17 0.423408138150504 1 1.65875068312196 -0.0527097237234014 0.0980518623106292
"21" -5.83090680034842e-17 0.46411723727449 -1 -1.12464640055163 0.20194520495195 0.266749762590882
"7" -6.86720253429516e-17 0.519381494860105 -1 -1.85070310602592 0.0831134439979043 0.100785447175649
"109" 6.90155247270166e-17 0.535267992556586 1 1.69649160464724 -0.16109148660784 0.249229143820315
"100" 6.5595055702565e-17 0.553925220630356 1 1.11551751721058 -0.322270805912155 0.476536535208615
"110" 6.92196750912634e-17 0.616727179253336 1 1.41738069802447 -0.314727039266268 0.465883906976787
