"clusterID" "ra" "dec" "r" "zspec" "Vel" "Flag"
"3379" 9 230.92381 8.561101 15.7761 0.029649 8888.646 0
"3417" 9 231.13649 8.545058 15.8504 0.029652 8889.326 0
"3363" 9 230.74935 8.755384 14.3333 0.029872 8955.385 0
"3381" 9 230.94386 8.648101 15.6091 0.030087 9019.877 0
"3353" 9 230.71062 8.712081 16.3248 0.03017 9044.711 0
"3395" 9 230.92925 8.458057 15.9928 0.0305 9143.724 0
"3359" 9 230.84124 8.580087 16.7212 0.03053 9152.604 0
"3347" 9 230.81359 8.663173 15.6402 0.030755 9220.078 0
"3435" 9 231.14531 8.283193 17.5954 0.030886 9259.252 0
"3439" 9 230.21497 8.623124 16.2135 0.030932 9273.21 0
"3447" 9 230.22181 8.396847 14.2403 0.031015 9298.111 0
"3401" 9 230.72836 8.348948 16.0481 0.031141 9335.966 0
"3385" 9 230.65468 8.47223 15.1718 0.031338 9394.926 0
"3460" 9 230.1911 8.319564 17.2948 0.031372 9405.221 0
"3383" 9 230.63235 8.778629 15.7419 0.031455 9429.987 0
"3454" 9 230.18398 8.392486 17.837 0.03149 9440.462 0
"3350" 9 230.76073 8.561312 16.3044 0.031546 9457.259 0
"3391" 9 230.72993 8.400254 15.628 0.03181 9536.404 0
"3428" 9 230.62478 8.195865 16.1565 0.031968 9583.693 0
"3388" 9 230.56024 8.543432 17.6576 0.031994 9591.452 0
"3472" 9 231.24173 9.156394 17.4104 0.032051 9608.624 0
"3336" 9 230.74631 8.664601 16.5197 0.032083 9618.295 0
"3345" 9 230.78959 8.595824 16.9614 0.032123 9630.296 0
"3484" 9 231.36123 9.097393 15.4773 0.032181 9647.585 0
"3461" 9 230.17942 8.941255 14.9924 0.032223 9660.254 0
"3390" 9 230.90195 8.459641 16.5157 0.032313 9687.185 0
"3593" 9 231.59246 9.396447 14.4038 0.032339 9694.898 0
"3394" 9 230.83495 8.40437 15.4342 0.032406 9715.212 0
"3398" 9 230.67546 8.368863 16.3327 0.032437 9724.395 0
"3407" 9 231.09054 8.636267 15.963 0.03265 9788.239 0
"3433" 9 231.26504 8.718527 14.433 0.0327 9803.306 0
"3426" 9 230.75661 8.188881 17.5613 0.032717 9808.457 0
"3344" 9 230.70463 8.646043 16.7364 0.032719 9808.888 0
"3443" 9 230.70732 8.081676 14.8337 0.032764 9822.448 0
"3665" 9 232.03694 8.01263 15.8115 0.032774 9825.413 0
"3629" 9 229.91581 7.67833 15.6526 0.032803 9834.161 0
"3684" 9 229.66331 9.702743 17.0354 0.03289 9860.153 0
"3487" 9 231.52615 8.684477 15.9019 0.032893 9860.983 0
"3485" 9 230.43146 9.319626 17.5849 0.032905 9864.809 0
"3427" 9 230.98993 9.025066 15.9603 0.032954 9879.295 0
"3348" 9 230.73747 8.573038 16.6293 0.033051 9908.512 0
"3438" 9 231.29805 8.636915 15.6339 0.03308 9917.069 0
"3495" 9 230.49343 9.400327 15.556 0.033106 9924.899 0
"3690" 9 229.22917 8.899044 16.7719 0.033137 9934.145 0
"3488" 9 231.45212 8.979781 17.1804 0.033161 9941.463 0
"3406" 9 230.93043 8.913983 14.9063 0.033217 9958.245 0
"3498" 9 230.35658 9.35961 16.2304 0.033224 9960.437 0
"3374" 9 230.81404 8.783946 17.075 0.033259 9970.92 0
"3669" 9 229.3747 8.177601 16.612 0.033297 9982.261 0
"3409" 9 230.42956 8.713998 17.5499 0.03331 9986.162 0
"3468" 9 230.83346 9.317739 17.5883 0.033313 9987.061 0
"3508" 9 230.23889 7.954281 17.4361 0.033314 9987.415 0
"3572" 9 229.72348 8.574199 17.4948 0.033326 9991 0
"3486" 9 230.93274 9.377031 14.8522 0.033395 10011.629 0
"3334" 9 230.73533 8.650253 15.0246 0.033411 10016.468 0
"3604" 9 229.6298 8.318561 16.1219 0.033435 10023.57 0
"3535" 9 229.97306 8.099229 14.1854 0.03344 10025.033 0
"3364" 9 230.65242 8.579882 15.4468 0.033482 10037.6 0
"3367" 9 230.81652 8.748455 14.9289 0.033533 10052.821 0
"3489" 9 230.97025 9.39025 17.4626 0.03355 10058.031 0
"3607" 9 229.9605 9.516123 16.9505 0.033556 10059.92 0
"3580" 9 229.70182 8.514407 17.5346 0.033565 10062.396 0
"3532" 9 229.8148 8.706124 16.0912 0.033566 10062.792 0
"3566" 9 231.7829 8.652997 17.1994 0.03357 10063.913 0
"3372" 9 230.68428 8.503711 16.2894 0.033586 10068.764 0
"3357" 9 230.74544 8.541625 15.7972 0.03359 10070.164 0
"3556" 9 230.10621 7.887802 16.5402 0.033655 10089.626 0
"3586" 9 231.46912 7.819623 13.8149 0.033683 10097.804 0
"3405" 9 230.60355 8.353179 14.5903 0.033691 10100.383 0
"3465" 9 231.42246 8.718701 16.7089 0.033706 10104.811 0
"3662" 9 229.61462 7.838802 16.1942 0.033729 10111.814 0
"3500" 9 231.26374 9.302952 17.6839 0.033746 10116.73 0
"3448" 9 230.36241 9.082911 17.3483 0.033759 10120.754 0
"3710" 9 230.95208 7.069789 16.4484 0.033769 10123.742 0
"3591" 9 229.76411 8.138726 13.9272 0.033779 10126.743 0
"3340" 9 230.77904 8.676481 15.3442 0.033789 10129.768 0
"3467" 9 231.37509 8.935096 16.3341 0.033793 10130.776 0
"3442" 9 230.34652 8.258841 16.2943 0.0338 10133.054 0
"3555" 9 229.77068 8.480396 16.5658 0.033801 10133.177 0
"3356" 9 230.66617 8.607447 16.9662 0.033816 10137.65 0
"3501" 9 230.15511 8.051586 16.1778 0.033826 10140.762 0
"3445" 9 231.21654 8.308976 16.3807 0.033859 10150.667 0
"3617" 9 231.58811 7.720868 15.4046 0.033859 10150.742 0
"3410" 9 230.49352 8.851565 16.679 0.033869 10153.539 0
"3687" 9 229.23987 8.891946 17.0656 0.033875 10155.547 0
"3657" 9 231.49934 9.790164 16.0293 0.033891 10160.203 0
"3537" 9 231.27434 7.838522 17.2059 0.033909 10165.695 0
"3416" 9 231.12525 8.759649 16.675 0.033911 10166.244 0
"3573" 9 231.79983 8.623889 17.807 0.033913 10166.715 0
"3697" 9 230.57977 7.108357 19.2713 0.033954 10179.024 0
"3466" 9 230.13335 8.372783 16.1249 0.033959 10180.781 0
"3387" 9 230.81186 8.829001 16.5035 0.03402 10198.984 0
"3463" 9 231.41208 8.702979 15.6226 0.034027 10200.939 0
"3507" 9 230.1378 8.050971 17.6702 0.034035 10203.406 0
"3528" 9 231.15539 9.46792 17.1774 0.03404 10204.998 0
"3338" 9 230.77209 8.609218 13.1667 0.034124 10230.208 0
"3490" 9 231.17601 9.302806 15.9037 0.034126 10230.843 0
"3695" 9 229.21411 8.439013 16.2461 0.034166 10242.757 0
"3450" 9 230.41021 8.144946 16.3933 0.034194 10251.16 0
"3584" 9 231.42739 7.796633 16.7983 0.034223 10259.791 0
"3497" 9 231.58392 8.727663 15.592 0.034234 10263.041 0
"3396" 9 230.59906 8.444937 16.8087 0.034269 10273.483 0
"3386" 9 230.91331 8.759089 14.4467 0.034282 10277.413 0
"3449" 9 230.74039 8.040166 15.863 0.034294 10280.969 0
"3380" 9 230.7622 8.456607 15.8198 0.034311 10286.047 0
"3671" 9 229.78106 7.563324 14.9504 0.034319 10288.451 0
"3663" 9 229.35036 8.483911 15.9659 0.034326 10290.691 0
"3499" 9 230.61164 7.819037 17.0762 0.034342 10295.506 0
"3642" 9 232.08922 8.822466 16.9556 0.034349 10297.493 0
"3441" 9 231.26686 8.413621 15.6306 0.034351 10298.072 0
"3673" 9 229.42899 8.016031 15.7572 0.034364 10302.17 0
"3509" 9 231.08618 7.847558 17.5105 0.03437 10303.867 0
"3514" 9 231.65236 8.711433 17.0375 0.034374 10304.976 0
"3601" 9 229.59318 8.630047 16.2666 0.034382 10307.608 0
"3355" 9 230.79793 8.552417 15.5724 0.034393 10310.807 0
"3616" 9 231.5758 7.710226 16.9958 0.034424 10320.163 0
"3667" 9 229.8965 7.494471 17.639 0.034461 10331.01 0
"3702" 9 229.7746 7.420269 16.4891 0.034481 10337.156 0
"3576" 9 231.77696 8.901351 16.0329 0.034498 10342.357 0
"3511" 9 231.62275 8.590605 14.0842 0.034525 10350.473 0
"3670" 9 231.39368 7.339266 17.2277 0.034533 10352.763 0
"3696" 9 231.26148 7.182279 17.794 0.034542 10355.428 0
"3430" 9 230.88697 8.179892 15.8691 0.034577 10365.96 0
"3459" 9 230.82038 8.000694 17.2859 0.0346 10372.849 0
"3352" 9 230.8126 8.573775 14.3893 0.034612 10376.378 0
"3611" 9 229.93281 7.754345 17.2429 0.034628 10381.267 0
"3680" 9 229.25233 8.829655 17.8536 0.034649 10387.482 0
"3480" 9 230.37604 8.012134 17.3018 0.034664 10392.069 0
"3421" 9 230.53182 8.310516 15.833 0.034671 10394.032 0
"3619" 9 231.3438 9.731202 14.6587 0.034672 10394.302 0
"3478" 9 230.6722 9.36201 17.4947 0.034716 10407.49 0
"3654" 9 229.81836 7.650824 17.7918 0.034722 10409.535 0
"3701" 9 231.20611 7.145918 16.3018 0.034757 10419.83 0
"3615" 9 229.5522 8.331573 15.9975 0.034798 10432.25 0
"3653" 9 229.48928 8.148157 16.9801 0.034825 10440.389 0
"3370" 9 230.62577 8.677618 15.7359 0.034874 10454.842 0
"3520" 9 229.84285 8.563394 15.9323 0.034877 10455.751 0
"3429" 9 230.85278 8.184468 16.8336 0.034945 10476.107 0
"3339" 9 230.79527 8.634344 14.6013 0.03495 10477.857 0
"3624" 9 232.00097 8.39689 15.88 0.034956 10479.536 0
"3606" 9 229.57319 8.654449 16.9536 0.03497 10483.811 0
"3516" 9 231.59352 8.98736 14.2953 0.034971 10483.997 0
"3354" 9 230.70505 8.560529 15.441 0.035009 10495.293 0
"3342" 9 230.73536 8.594759 17.4263 0.035009 10495.422 0
"3613" 9 229.57438 8.348603 16.5923 0.03505 10507.705 0
"3564" 9 231.76875 8.761182 16.0107 0.0351 10522.67 0
"3343" 9 230.80831 8.645442 14.5786 0.035111 10526.058 0
"3418" 9 230.98684 8.9532 16.9225 0.03512 10528.666 0
"3432" 9 230.40352 8.273369 17.613 0.035266 10572.544 0
"3534" 9 229.84027 8.403559 17.5662 0.035268 10573.188 0
"3392" 9 230.55289 8.767453 14.8761 0.035323 10589.62 0
"3389" 9 230.61155 8.803991 16.9455 0.03533 10591.778 0
"3335" 9 230.78477 8.63927 17.1308 0.035359 10600.392 0
"3444" 9 230.22713 8.443866 15.4806 0.035361 10600.856 0
"3659" 9 231.85166 9.476254 17.6682 0.035382 10607.275 0
"3542" 9 231.72218 8.53547 16.8719 0.035384 10607.817 0
"3373" 9 230.60129 8.630108 17.3351 0.03539 10609.721 0
"3482" 9 231.20213 9.234006 16.037 0.035453 10628.485 0
"3519" 9 229.85461 8.79904 15.7525 0.035531 10651.818 0
"3651" 9 229.46207 8.228901 14.5906 0.035609 10675.451 0
"3399" 9 231.03945 8.680632 16.084 0.03565 10687.736 0
"3475" 9 230.89686 9.346151 13.5656 0.035703 10703.397 0
"3453" 9 230.31263 8.219135 16.9166 0.035718 10708.032 0
"3434" 9 231.15676 8.962535 16.4263 0.035728 10710.988 0
"3704" 9 229.73035 7.450732 16.6276 0.035734 10712.697 0
"3512" 9 231.57883 8.955847 16.204 0.035739 10714.25 0
"3351" 9 230.83385 8.618041 14.5202 0.03576 10720.653 0
"3470" 9 230.16155 8.989747 14.4047 0.035856 10749.316 0
"3371" 9 230.79326 8.505347 14.8179 0.03587 10753.669 0
"3628" 9 229.53753 8.2475 15.0588 0.035913 10766.45 0
"3437" 9 230.52473 9.111979 16.9997 0.035948 10777.041 0
"3404" 9 231.03075 8.795942 15.5794 0.03595 10777.395 0
"3384" 9 230.57513 8.579889 14.9636 0.035954 10778.831 0
"3375" 9 230.59307 8.645022 15.6314 0.036009 10795.374 0
"3362" 9 230.8354 8.722818 15.4414 0.036201 10852.643 0
"3707" 9 229.37408 7.861707 14.5526 0.036227 10860.611 0
"3554" 9 229.97759 8.023654 17.3714 0.036261 10870.735 0
"3481" 9 231.37484 8.226913 17.4868 0.036323 10889.502 0
"3469" 9 230.08217 8.488367 16.7619 0.036329 10891.139 0
"3496" 9 231.57039 8.579905 14.9278 0.036331 10891.709 0
"3366" 9 230.70052 8.530004 16.4162 0.036452 10928.155 0
"3414" 9 231.08457 8.833775 16.035 0.036536 10953.355 0
"3369" 9 230.66341 8.540756 16.009 0.03661 10975.318 0
"3431" 9 231.21305 8.425127 14.2583 0.036651 10987.642 0
"3368" 9 230.62597 8.650733 17.3028 0.036667 10992.394 0
"3402" 9 230.99959 8.806707 16.7806 0.036705 11003.84 0
"3462" 9 230.47529 9.224549 17.1592 0.036758 11019.837 0
"3456" 9 230.47365 9.19333 16.999 0.036819 11038.094 0
"3425" 9 230.70452 8.207137 16.5749 0.036877 11055.539 0
"3676" 9 229.7236 7.575922 15.5064 0.036953 11078.327 0
"3382" 9 230.8216 8.813142 15.7817 0.036971 11083.618 0
"3337" 9 230.76903 8.612252 15.1325 0.03698 11086.292 0
"3403" 9 231.05243 8.544806 14.8265 0.037115 11126.74 0
"3419" 9 230.94864 8.986446 15.0601 0.037176 11145.066 0
"3476" 9 230.1196 8.285169 15.3407 0.037214 11156.456 0
"3358" 9 230.69932 8.71861 14.5025 0.037272 11173.85 0
"3361" 9 230.71995 8.744934 14.7099 0.03765 11287.216 0
"3360" 9 230.86118 8.658128 17.6629 0.037676 11294.867 0
"3346" 9 230.72111 8.677664 15.651 0.037785 11327.703 0
"3413" 9 230.9038 8.987024 14.7889 0.038076 11414.937 0
"3333" 9 230.75433 8.651584 16.1896 0.038078 11415.56 0
"3411" 9 230.58972 8.334506 17.4378 0.038121 11428.337 0
"3423" 9 230.88936 9.018338 17.2744 0.038123 11429.135 0
"3377" 9 230.78044 8.807922 17.3247 0.038146 11435.955 0
"3408" 9 230.47016 8.811059 17.3218 0.038225 11459.534 0
"3400" 9 230.96437 8.84241 15.7906 0.038327 11490.143 0
"3422" 9 230.46066 8.364415 15.2115 0.038376 11504.73 0
"3332" 9 230.76492 8.643161 16.0029 0.038425 11519.54 0
"3365" 9 230.73261 8.521287 15.5504 0.038565 11561.502 0
"3393" 9 230.53202 8.548374 15.7157 0.038683 11596.995 0
"3412" 9 230.48031 8.423782 13.199 0.03905 11707.006 0
"3378" 9 230.75082 8.465479 15.7929 0.03907 11712.759 0
"3376" 9 230.87305 8.757963 17.0115 0.03921 11754.817 0
"3424" 9 230.53382 8.27517 17.6161 0.039371 11803.273 0
"3397" 9 230.9643 8.792967 17.0954 0.039633 11881.791 0
