"Vel" "DistA" "Flag" "r" "Vx" "Vy" "dist"
"428" 3.052478691114e-16 0.0224279200612902 -1 15.098 -0.0382441677859396 0.227869515450416 0.142612774138374
"195" 2.837509327686e-16 0.0833541525545883 -1 15.424 -0.164391552292332 -0.113170724621216 0.221141685685896
"24" 2.602976347632e-16 0.101226198494198 -1 13.4502 -0.0785491680236373 0.0174631242324824 0.0752133943508281
"7" 2.503036525836e-16 0.112466074246018 -1 14.3114 0.0581665944377059 0.480235251823753 0.412676479718462
"585" 3.246951417354e-16 0.122639316674769 1 17.3015 -0.234846730183196 -0.321481279463422 0.440908060249175
"41" 2.671606345692e-16 0.14165482949998 -1 15.052 -0.0701574500174854 0.0100665974746345 0.0834921550699777
"589" 3.26123418297e-16 0.164355666141917 1 14.5778 0.0717671375279667 0.480530467715123 0.417805583580062
"20" 2.594316659394e-16 0.215202029825854 -1 15.1852 -0.27223981712415 -0.367431004887255 0.49728994427211
"15" 2.53942335552e-16 0.227578953157975 -1 14.556 -0.142238598327011 -0.316673070360543 0.413440179595749
"527" 3.17532110517e-16 0.22876657331514 1 17.5598 -0.21498272917776 -0.157158586696596 0.282327474506551
"530" 3.182271606036e-16 0.230256703325575 1 17.3514 -0.131468264568381 -0.281831059316333 0.377460241931553
"409" 3.030272866554e-16 0.237447519517434 -1 14.5757 -0.155491528409994 -0.371405720000531 0.469534205995837
"92" 2.747984724654e-16 0.288624039787298 -1 15.8221 -0.214646525210988 -0.102068228432768 0.234828001038781
"504" 3.146943863256e-16 0.312984420637051 1 14.7926 -0.056109438332324 0.468257011440659 0.376701422523665
"638" 3.42528732774e-16 0.362807761270599 1 17.4698 -0.253789008219668 -0.17062729635657 0.313606770512053
"221" 2.859212831346e-16 0.469644525549732 -1 17.1101 0.0806073770164194 0.236064648624876 0.217803795762931
"405" 3.028253860614e-16 0.485792117146646 -1 14.8942 -0.0142309370012571 -0.106528008263601 0.21067326520308
"512" 3.15418959918e-16 0.514614506757882 1 16.2874 -0.283689103135272 -0.137284065709812 0.304969461672585
"534" 3.190286054976e-16 0.563254940910309 1 15.5827 -0.215324184039504 0.143011179557808 0.141427590131792
"161" 2.815522903932e-16 0.580299908920286 -1 16.693 -0.345619372217217 -0.292322258644715 0.465800648785979
"642" 3.463143202998e-16 0.584363169414529 1 16.9712 -0.0673786022090515 -0.37917095118314 0.471968452777919
"12" 2.528689568082e-16 0.62088330336477 -1 15.8527 -0.0656932128834876 -0.406243317689869 0.499082725377377
"375" 3.000168937056e-16 0.630857777680231 -1 15.1626 0.0177478345867516 -0.126607866041179 0.2412780978858
"264" 2.896167121608e-16 0.642528698064589 -1 17.4726 0.0693242779791114 0.0412798531793597 0.160916489278498
"474" 3.111427183002e-16 0.69656234209085 1 16.9667 0.0903669923672899 0.0653858238797825 0.175688963706801
"324" 2.950512409584e-16 0.732626975834619 -1 16.9583 -0.0340379675925572 -0.39742144611021 0.492414780650318
"651" 3.592969173876e-16 0.733325895915137 1 16.8046 0.040807188780166 -0.139162465179943 0.262798472114301
"186" 2.832191855862e-16 0.750419361520134 -1 13.9037 -0.0210034227143912 -0.368364790965227 0.465075932320848
"414" 3.032343076818e-16 0.795829786566197 -1 14.8897 0.0478391068911493 -0.171150806584257 0.294453661607187
"646" 3.483060388722e-16 0.806305805725908 1 14.243 0.110948571282409 0.0377060420569083 0.201752916321875
"172" 2.82352633422e-16 0.828910116081859 -1 16.6456 -0.306565372789705 0.0667457210715519 0.22483683478077
"453" 3.085703167674e-16 0.87577836835028 -1 17.6094 0.0182809490130103 -0.34542031947318 0.449558597997042
"612" 3.30615139377e-16 0.882878328940329 1 16.3944 -0.20311065697964 0.473216187594827 0.399119324991903
"83" 2.739136747098e-16 0.901836427472184 -1 16.7293 0.0632012952592774 -0.21351779046068 0.339268714540133
"489" 3.132962814258e-16 0.961657616356127 1 15.5602 0.116122321084028 -0.0843592312578033 0.266504534233862
"197" 2.839055827902e-16 0.992650601608305 -1 17.0327 0.261010670512646 0.388885610526157 0.454218982472003
"374" 2.997342652818e-16 1.0225809098867 -1 16.5594 0.0541970333066064 -0.353445860841114 0.466666241035044
"502" 3.146070148968e-16 1.02472641942639 1 15.3492 0.15365469838232 -0.0113557313836588 0.258647469265569
"120" 2.787201727512e-16 1.03411011637627 -1 16.0966 0.0833161209682465 -0.263110239738823 0.392699553787257
"322" 2.948580904704e-16 1.0376623364834 -1 16.0474 0.0917597635418492 -0.237104067469072 0.37319564197983
"208" 2.847967972902e-16 1.0380866999522 -1 16.5879 -0.227473352521892 0.52877785722248 0.459480027119079
"129" 2.795804053944e-16 1.05467823156936 -1 16.8282 0.0875465612965398 -0.267007635673628 0.398029091084602
"21" 2.595361162788e-16 1.11049320414313 -1 15.6259 0.0902972934985945 -0.307778305048406 0.436295455008089
"611" 3.305995188174e-16 1.13119786228398 1 17.3591 0.0775028266436593 -0.370687703168745 0.490307693489757
"404" 3.028053904488e-16 1.15624256753065 -1 15.0189 0.145892445003781 -0.15669223115438 0.338528484454368
"556" 3.213827080896e-16 1.15688460127762 1 17.4675 0.172402478851901 -0.0655727128394807 0.300559259406273
"481" 3.120731138304e-16 1.15835331887944 1 16.0783 0.19285355420813 0.00384414275984457 0.289961652478155
"333" 2.959669557552e-16 1.16598806227968 -1 15.3074 0.107404789220115 -0.29860066972047 0.43510853971003
"59" 2.708129288136e-16 1.24548636686019 -1 14.9382 0.158310795836384 -0.194139760700504 0.374851864832187
"121" 2.787530018526e-16 1.27431441498173 -1 16.2525 0.149681339088881 -0.249961041649864 0.414174760322846
"633" 3.412010824314e-16 1.31327999362397 1 16.8443 0.14299503086534 -0.30819420392902 0.460164135870884
"96" 2.751698010378e-16 1.34836621699338 -1 16.2159 0.178785754443561 -0.216004700672373 0.404768671939569
"14" 2.534928069582e-16 1.4066540322015 -1 14.5128 0.260878925475297 0.0154414852811839 0.352620993877359
"8" 2.510804999574e-16 1.41503477777393 -1 16.3718 0.244785364885656 -0.04777645383874 0.356747476791418
"34" 2.648327822952e-16 1.48729605046148 -1 16.1507 0.196279351353246 -0.280660679879789 0.466249003718487
"6" 2.472364487604e-16 1.49702897310416 -1 15.1821 0.321061070236167 0.142189368780089 0.407311523817646
"391" 3.012560383464e-16 1.58756331435677 -1 15.1581 -0.49340312662141 0.103969762291439 0.4103504520567
"247" 2.877722222238e-16 1.59327643220335 -1 16.3464 0.32161402496092 0.05738973839988 0.406348581088113
"378" 3.00157964859e-16 1.61101534757911 -1 16.8479 0.223197457637265 -0.299013733991567 0.497186845487485
"522" 3.168007312866e-16 1.67455040022189 1 17.6506 -0.531708855099508 0.0498399647076426 0.45052405409133
"422" 3.046597971726e-16 1.74977351453035 -1 15.3454 -0.543975598664001 0.0751802360570691 0.461090086047277
"134" 2.799985632378e-16 1.85405014160728 -1 16.5643 0.339732931833964 -0.114876194099641 0.471063268144858
"482" 3.122196943098e-16 1.86004082819139 1 15.4584 -0.556485852707377 0.131250603796549 0.474854899173468
"329" 2.956163033592e-16 1.88271988104186 -1 14.6776 0.380609839926878 0.000687179024203056 0.472827923810085
"601" 3.28638911733e-16 1.91748020744061 1 15.509 0.36197472271303 -0.0950881549429583 0.483107214153488
