"Vel" "DistA" "Flag" "Vx" "Vy" "dist"
"45" -2.54537248338966e-18 0.0183231074666061 1 -0.0666856973865586 -0.192250511772692 0.275635982200509
"64" 1.89436404310699e-17 0.0189302413610267 1 0.089327141414596 0.149789719735474 0.209753721076186
"56" 6.58936724524743e-18 0.0347956008608758 1 0.0447974902728736 0.0792684460032232 0.110879148097132
"63" 1.86047668036915e-17 0.0400065373788448 1 0.112590255090528 0.134823566637734 0.188694942993382
"54" 5.52917415958593e-18 0.0409037290518304 1 0.0216033114859152 -0.0433490557250429 0.0673540819531158
"44" -2.69858324970294e-18 0.0543163035161799 1 -0.0413081279721609 -0.179628653875316 0.257835971115675
"49" 1.0851500118162e-18 0.0639310508328921 1 -0.000127981476360519 -0.109238979381625 0.158774713122651
"59" 1.07186415301191e-17 0.0740602230787245 1 0.0184834598197242 -0.0833424006126661 0.122527654002719
"12" -5.15251591437942e-17 0.0794729044587626 -1 -0.0437428947622588 -0.210104348768803 0.300824523891411
"62" 1.56297218611595e-17 0.0837536545047927 1 0.0534290806432161 0.146162664346018 0.204648096222524
"60" 1.31960122845085e-17 0.0920598664159985 1 0.0307095046312108 -0.077936066696966 0.114990575013343
"42" -6.16651051311731e-18 0.0940873753363536 1 -0.0270237042996465 8.76782133550187e-11 0.020166865725256
"47" -5.84556716532088e-19 0.0967263585770196 1 -0.00270448028538989 -0.147804345394529 0.212992798240102
"79" 4.17091853035979e-17 0.103608045852006 1 0.254302692389038 0.345841238398335 0.48647144998481
"39" -9.81263413666172e-18 0.104782232865105 1 -0.0239442401915725 0.016938877820784 0.0289024804641992
"52" 5.1365838982099e-18 0.110100568955513 1 0.00656673245910732 0.0818184600336646 0.114428468806538
"71" 3.55803200423769e-17 0.111273466337996 1 0.0490007800776927 -0.0619555859671367 0.092815816287665
"8" -5.67992858237953e-17 0.132311134301224 -1 -0.062235039612435 -0.300177257243778 0.42801004310496
"53" 5.22639666986507e-18 0.133088421802495 1 0.109049179628516 0.0327125291732904 0.0476078713826879
"75" 3.95843851537585e-17 0.146375652717753 1 0.0532325302857423 -0.0896172438872914 0.131291291981473
"50" 1.75546751045349e-18 0.175842108602436 1 0.0194164753056178 0.17409787342121 0.243996869872798
"89" 5.6956378365402e-17 0.178989788048136 1 0.245135919985744 0.25087588220646 0.352325996764921
"36" -1.54224928287621e-17 0.193696653937867 1 -0.00658587046756764 -0.254555779288129 0.363573991309057
"38" -1.14893800135439e-17 0.229991723561421 1 -0.176291621479564 -0.151778907588668 0.218589630675373
"48" 4.55379351101562e-19 0.24189922861584 1 0 -0.291031550133213 0.415090537958289
"72" 3.58474620543189e-17 0.25027913183055 1 0.246505008873358 0.180621885324571 0.253193484231953
"46" -1.62200243298804e-18 0.300575965560019 1 -0.0125437223749614 0.239424111707375 0.336157949030312
"81" 4.70057716311691e-17 0.30120501875388 1 0.0859989978305425 -0.184157159023076 0.264221532531933
"21" -4.01004239695112e-17 0.30712660572339 -1 -0.123711566844223 0.0295546739994046 0.0435926251791241
"23" -3.72582398351361e-17 0.319202627245386 -1 -0.285480222378956 -0.273240141333806 0.389960600397837
"58" 8.61138164627073e-18 0.327488343052739 1 0.10329720943671 -0.17734285262896 0.254613161986843
"27" -3.06312420186729e-17 0.334813809538052 -1 -0.0908999922407081 0.121797034976059 0.170386890078161
"66" 2.38783554162064e-17 0.343424004137193 1 0.0919193633105296 -0.215808869203193 0.308874658561336
"14" -5.0727075843928e-17 0.343738123012479 -1 -0.327081324184011 -0.329187607189094 0.468996230242641
"37" -1.44877709983374e-17 0.36589387670026 1 -0.259395101463113 -0.17466277240962 0.250834770221639
"77" 3.99410931535562e-17 0.412683406236477 1 0.247665855247987 0.0167616387909142 0.0287215350964849
"25" -3.43594001670603e-17 0.413900976604686 -1 -0.181196583519173 0.0267845251613427 0.0401488080066847
"19" -4.78840331777816e-17 0.432772473133212 -1 -0.12740660056343 0.150878167798648 0.211286100052399
"70" 3.08811736782233e-17 0.456786872937694 1 0.15101153441634 -0.21664707540529 0.310057598398505
"65" 2.21782187403184e-17 0.553710367112041 1 0.164629996757073 -0.289258553080553 0.412586053164027
"28" -3.00885233846041e-17 0.609601862751438 -1 -0.181371204864985 0.226624847840241 0.318090733786281
"29" -2.85705164228972e-17 0.628033960856262 -1 -0.407760039518315 -0.195557263588459 0.280300389457311
"35" -2.01889440769153e-17 0.653029947554696 -1 -0.278332363120015 0.0821535345889131 0.11489511694023
"76" 3.97461569775174e-17 0.656499740452267 1 0.28264537599097 -0.164490842070577 0.236497767777553
"74" 3.66888524573143e-17 0.689993658150929 1 0.213192674861723 -0.334054712409245 0.475873223849677
"16" -4.96791291991418e-17 0.690436271596313 -1 -0.398186605404806 -0.113076207871689 0.16415983258913
"73" 3.60033775476742e-17 0.731180531660555 1 0.411287431205688 0.00973106532754841 0.022642326115263
"30" -2.85145360021757e-17 0.781829351303558 -1 -0.384772339782584 0.00654168002073711 0.0208857432372546
"94" 6.14464476933583e-17 0.96792044367703 1 0.537264762718 0.0129930515759538 0.0251587889410687
"24" -3.53801010531963e-17 1.31192496472978 -1 -0.525706268090798 0.274212874084489 0.385281127370898
"26" -3.42891582396841e-17 1.46391809565365 -1 -0.710466528052185 0.0697471312036028 0.0976634725182262
"15" -4.96978711190047e-17 1.59683366243837 -1 -0.733178601701294 0.161458958508309 0.22618723425766
"18" -4.92715313964065e-17 1.66157496024445 -1 -0.935991875619309 -0.167425542174397 0.240633539936351
"88" 5.47328225185564e-17 1.67641953757451 1 0.742521886918268 -0.311855004667952 0.44450760975214
"86" 5.31904474032455e-17 1.7142283839682 1 0.89624061827238 -0.0510643853960392 0.0778432392696561
"80" 4.42364073437904e-17 1.71948031010588 1 1.07302624056846 0.287965815765499 0.404705915698556
"84" 4.87010877559856e-17 1.85455528567489 1 1.0228117568966 0.0519743361056664 0.0732382487409992
"92" 5.82978278978469e-17 2.50876889217615 1 1.44398989013596 0.20329775063883 0.28517360078664
