230.178073  33.414119  18.8752  17.4160  16.6736  16.2315  16.0055    0.08100000   0.00017556  24288.975    52.631564   0.012202   0.067515    -155.203 0   0.316601   0.283418   0.135312   0.051522   0.005614   -19.1807   -20.6067   -21.2010   -21.5593   -21.7394     1.4260     2.0203     0.3583
230.182440  33.413399  19.1931  17.1721  16.2223  15.7386  15.4449    0.08060000   0.00022755  24162.703    68.217774   0.012759   0.070593    -281.475 0   0.522364   0.428564   0.163260   0.104376   0.071839   -19.0366   -20.9638   -21.6483   -22.0731   -22.3343     1.9272     2.6117     0.4248
230.160778  33.416521  20.1739  18.3469  17.4543  17.0578  16.7949    0.08460000   0.00013200  25352.849    39.572604   0.018766   0.103830     908.671 1   0.308419   0.238012   0.089860   0.055926   0.054651   -17.9659   -19.7225   -20.4669   -20.8295   -21.0911     1.7566     2.5010     0.3626
230.211926  33.388379  18.4068  16.6910  15.8836  15.4815  15.2270    0.07930000   0.00018905  23786.523    56.675764   0.033586   0.185828    -657.655 0   0.262139   0.198296   0.085062   0.041471   0.041774   -19.5455   -21.1975   -21.8917   -22.2502   -22.5050     1.6520     2.3461     0.3585
230.171044  33.365372  18.5238  16.4570  15.5523  15.1282  14.8500    0.08190000   0.00019678  24543.679    58.993160   0.036943   0.204404      99.501 0   0.346641   0.267009   0.096594   0.065857   0.061027   -19.5862   -21.5734   -22.3077   -22.7011   -22.9744     1.9872     2.7215     0.3934
230.204557  33.363753  19.6600  17.8290  16.9689  16.5773  16.2911    0.08290000   0.00014948  24852.405    44.812977   0.045537   0.251954     408.227 0   0.274264   0.209811   0.082083   0.046645   0.048980   -18.3829   -20.1495   -20.8818   -21.2380   -21.5265     1.7665     2.4989     0.3562
230.229125  33.432525  18.1910  16.5067  15.7065  15.3039  15.0598    0.08060000   0.00015547  24172.895    46.608733   0.054285   0.300358    -271.282 0   0.247046   0.183734   0.081654   0.036846   0.038043   -19.7634   -21.3844   -22.0825   -22.4403   -22.6856     1.6210     2.3191     0.3578
230.111847  33.384793  19.9790  17.9709  17.0530  16.6092  16.2851    0.08010000   0.00016371  24027.736    49.079023   0.055690   0.308128    -416.442 0   0.401052   0.312710   0.114764   0.080239   0.064933   -18.1370   -20.0568   -20.7767   -21.1860   -21.4948     1.9198     2.6397     0.4093
230.140031  33.454829  20.0433  18.2470  17.3949  16.9935  16.7104    0.08430000   0.00015559  25273.464    46.644709   0.060322   0.333758     829.286 0   0.268004   0.204839   0.079280   0.045326   0.048815   -18.0299   -19.7630   -20.4895   -20.8570   -21.1436     1.7331     2.4597     0.3674
230.192913  33.470652  20.4449  18.4669  17.5649  17.1545  16.8502    0.07880000   0.00016360  23629.402    49.046046   0.070075   0.387721    -814.776 0   0.321312   0.246586   0.088614   0.059331   0.058611   -17.5528   -19.4561   -20.2001   -20.5812   -20.8848     1.9033     2.6473     0.3811
230.125034  33.341228  20.0828  18.3324  17.4258  17.0169  16.7101    0.07920000   0.00016302  23730.582    48.872167   0.073943   0.409120    -713.596 0   0.389514   0.316350   0.126216   0.078664   0.056386   -17.9971   -19.6743   -20.3908   -20.7521   -21.0366     1.6772     2.3937     0.3613
230.075257  33.426487  18.7414  17.1759  16.4109  15.9611  15.7050    0.08170000   0.00017398  24498.050    52.157892   0.086938   0.481024      53.873 0   0.310582   0.254639   0.118688   0.053225   0.027356   -19.3033   -20.8128   -21.4419   -21.8262   -22.0564     1.5096     2.1386     0.3843
230.086327  33.453019  20.3903  18.5703  17.6833  17.2323  16.9699    0.08390000   0.00013921  25137.897    41.734108   0.089980   0.497856     693.720 0   0.433667   0.374447   0.154201   0.086663   0.053333   -17.8382   -19.5989   -20.2657   -20.6492   -20.8782     1.7608     2.4275     0.3835
230.101540  33.336279  19.2201  18.0731  17.4878  17.0788  16.8296    0.08170000   0.00009061  24492.114    27.164195   0.090131   0.498687      47.937 0   0.212574   0.206223   0.118464   0.009160  -0.083422   -18.7265   -19.8672   -20.3647   -20.6644   -20.8210     1.1406     1.6382     0.2997
230.120951  33.493280  18.8260  16.9067  15.9953  15.5758  15.2477    0.08300000   0.00017784  24880.226    53.315091   0.101776   0.563121     436.048 0   0.357737   0.276132   0.100155   0.068758   0.061970   -19.3030   -21.1407   -21.8761   -22.2642   -22.5856     1.8377     2.5731     0.3881
230.052349  33.410106  20.1827  18.2827  17.3714  16.9124  16.6187    0.07950000   0.00015121  23838.927    45.331618   0.102894   0.569306    -605.251 0   0.445719   0.371785   0.147985   0.090893   0.060417   -17.9616   -19.7877   -20.4752   -20.8771   -21.1403     1.8261     2.5136     0.4019
230.052378  33.444135  20.0618  18.0746  17.1484  16.7099  16.3984    0.08020000   0.00016722  24033.342    50.131295   0.110823   0.613176    -410.836 0   0.401336   0.312597   0.114481   0.080237   0.065110   -18.0544   -19.9528   -20.6809   -21.0852   -21.3815     1.8985     2.6265     0.4043
230.046624  33.371325  18.3813  16.6551  15.7649  15.3627  15.0203    0.08000000   0.00016574  23969.996    49.687602   0.111703   0.618044    -474.182 0   0.364434   0.293305   0.117853   0.071963   0.053994   -19.6954   -21.3505   -22.0652   -22.4215   -22.7459     1.6551     2.3698     0.3563
230.103411  33.501138  19.0549  17.2186  16.3327  15.9250  15.6182    0.08390000   0.00017939  25151.928    53.779769   0.115732   0.640336     707.750 0   0.320605   0.248509   0.094381   0.059163   0.055571   -19.0605   -20.8247   -21.5565   -21.9290   -22.2322     1.7642     2.4960     0.3725
230.058798  33.332741  19.4175  17.5529  16.6438  16.2320  15.9125    0.08200000   0.00015221  24585.620    45.631410   0.119439   0.660851     141.442 0   0.334258   0.256821   0.092462   0.062625   0.059990   -18.6616   -20.4488   -21.1935   -21.5755   -21.8924     1.7872     2.5319     0.3820
230.056688  33.474319  18.4195  16.5034  15.6204  15.1998  14.9031    0.08100000   0.00017104  24294.281    51.276502   0.122484   0.677698    -149.896 0   0.289808   0.222427   0.080048   0.051479   0.054687   -19.6096   -21.4583   -22.1990   -22.5910   -22.8909     1.8487     2.5893     0.3920
230.094141  33.504362  19.6273  18.3070  17.7429  17.3983  17.2341    0.08220000   0.00019230  24653.403    57.650090   0.122598   0.678330     209.225 0   0.183363   0.105726   0.080424   0.001272  -0.061829   -18.3034   -19.5461   -20.0849   -20.3504   -20.4515     1.2427     1.7815     0.2654
230.024777  33.403448  20.0035  18.0518  17.1777  16.7794  16.4831    0.08190000   0.00014395  24538.013    43.155124   0.125611   0.694998      93.835 0   0.267988   0.205410   0.077336   0.045824   0.050051   -18.0279   -19.9170   -20.6630   -21.0298   -21.3304     1.8891     2.6351     0.3668
230.024353  33.427562  18.0008  16.2900  15.4713  15.0226  14.7793    0.08160000   0.00014841  24471.579    44.492199   0.128496   0.710959      27.401 0   0.307843   0.240310   0.097752   0.055262   0.049311   -20.0413   -21.6845   -22.3607   -22.7669   -23.0042     1.6433     2.3194     0.4062
230.098103  33.287240  19.5752  17.6816  16.7740  16.3651  16.0336    0.08210000   0.00017379  24615.599    52.100931   0.131720   0.728797     171.421 0   0.325775   0.250407   0.090576   0.060496   0.058806   -18.4981   -20.3163   -21.0641   -21.4429   -21.7727     1.8182     2.5660     0.3788
230.039640  33.318120  20.2745  18.4084  17.5183  17.1198  16.8018    0.08420000   0.00015772  25249.030    47.283266   0.140976   0.780012     804.853 0   0.283055   0.217393   0.078432   0.049864   0.053710   -17.8323   -19.6327   -20.3839   -20.7538   -21.0757     1.8004     2.5516     0.3699
230.213200  33.549069  19.6974  18.3177  17.6259  17.2392  16.9752    0.08290000   0.00015486  24840.863    46.425860   0.150300   0.831600     396.685 0   0.253481   0.204709   0.110594   0.030944  -0.015349   -18.3247   -19.6557   -20.2534   -20.5604   -20.7781     1.3309     1.9286     0.3071
230.231119  33.555959  19.3527  17.4615  16.5325  16.0963  15.7718    0.08120000   0.00015767  24354.630    47.268277   0.160731   0.889314     -89.548 0   0.427593   0.340312   0.128616   0.087691   0.064725   -18.7956   -20.5995   -21.3168   -21.7121   -22.0136     1.8039     2.5212     0.3953
230.220561  33.574470  19.1718  17.3971  16.5491  16.1322  15.8459    0.08140000   0.00014596  24396.750    43.757707   0.176427   0.976162     -47.427 0   0.284739   0.218702   0.087148   0.048941   0.048989   -18.8630   -20.5717   -21.2881   -21.6668   -21.9531     1.7087     2.4251     0.3787
230.308715  33.235292  19.9441  18.3109  17.4966  17.0741  16.7234    0.07400000   0.00017980  22196.484    53.902684   0.200647   1.110168   -2247.694 1   0.335074   0.274621   0.120645   0.062205   0.039746   -17.9333   -19.5060   -20.1664   -20.5304   -20.8587     1.5727     2.2331     0.3641
230.219508  33.672689  18.4177  16.6664  15.8265  15.4281  15.1305    0.08150000   0.00014565  24443.488    43.664772   0.273054   1.510790      -0.690 0   0.264036   0.201068   0.079980   0.043825   0.046974   -19.5779   -21.2662   -21.9850   -22.3473   -22.6480     1.6883     2.4071     0.3622
229.863825  33.287041  19.6015  17.6599  16.7466  16.3477  15.9989    0.08120000   0.00016124  24346.745    48.338536   0.284314   1.573094     -97.433 0   0.345926   0.266346   0.096246   0.065657   0.061018   -18.4651   -20.3271   -21.0703   -21.4386   -21.7828     1.8620     2.6052     0.3683
229.875808  33.264653  20.6066  18.6195  17.6601  17.1655  16.7561    0.08150000   0.00016787  24432.636    50.326160   0.285287   1.578477     -11.542 0   0.550535   0.449620   0.169312   0.107724   0.075430   -17.6755   -19.5617   -20.2408   -20.6738   -21.0509     1.8862     2.5653     0.4330
229.856607  33.259116  18.4108  17.0930  16.4762  16.1276  15.8841    0.08150000   0.00016159  24424.241    48.443463   0.302015   1.671030     -19.936 0   0.210450   0.157642   0.099538   0.010800  -0.059808   -19.5312   -20.7962   -21.3549   -21.6147   -21.7876     1.2650     1.8237     0.2599
230.205469  33.079715  19.2198  18.0607  17.5033  17.1181  16.8835    0.08170000   0.00009433  24489.926    28.279423   0.323420   1.789465      45.748 0   0.194685   0.198456   0.117478  -0.001657  -0.097200   -18.7090   -19.8718   -20.3482   -20.6143   -20.7534     1.1629     1.6393     0.2661
229.867422  33.607804  17.8227  17.1605  16.7520  16.3713  16.2410    0.08160000   0.00090054  24471.489   269.975100   0.329130   1.821058      27.311 0   0.061774   0.187709   0.101313  -0.090895  -0.056441   -19.9733   -20.7614   -21.0835   -21.2720   -21.4368     0.7881     1.1102     0.1885
229.793425  33.526096  19.0632  17.5427  16.7946  16.4084  16.1374    0.08420000   0.00014349  25242.105    43.017220   0.341994   1.892234     797.928 1   0.252432   0.189279   0.094834   0.033441   0.021113   -19.0130   -20.4703   -21.1240   -21.4488   -21.7075     1.4573     2.1110     0.3248
229.778037  33.499898  18.0961  17.2169  16.9096  16.6080  16.5838    0.08470000   0.00009005  25395.089    26.996311   0.345697   1.912722     950.912 1   0.169208   0.037283   0.084892  -0.073313  -0.030869   -19.8886   -20.6359   -20.9908   -21.1342   -21.2008     0.7473     1.1022     0.1434
230.544710  33.231669  20.0124  18.2649  17.4942  16.9937  16.6416    0.08170000   0.00010987  24498.170    32.938197   0.352428   1.949962      53.993 0   0.203245   0.161542   0.058911   0.034910   0.042230   -17.9249   -19.6307   -20.2988   -20.7753   -21.1347     1.7058     2.3739     0.4765
230.549809  33.231795  18.9320  17.9125  17.3110  16.8177  16.6793    0.08120000   0.00095464  24340.779   286.193872   0.356099   1.970272    -103.398 0   0.192677   0.321290   0.152650   0.011584  -0.084149   -18.9813   -20.1295   -20.5623   -20.9146   -20.9572     1.1481     1.5810     0.3522
229.741860  33.453301  20.2133  18.4687  17.5492  17.0799  16.7039    0.08440000   0.00014107  25292.081    42.291722   0.365389   2.021674     847.903 1   0.489142   0.417926   0.165015   0.097558   0.064355   -18.0836   -19.7570   -20.4236   -20.8254   -21.1682     1.6734     2.3400     0.4018
229.783405  33.237312  18.9744  17.6163  16.8467  16.4073  16.0620    0.08220000   0.00114976  24650.255   344.689377   0.366293   2.026679     206.077 0   0.353332   0.337297   0.152843   0.064429   0.013581   -19.1263   -20.4684   -21.0535   -21.4045   -21.6990     1.3421     1.9272     0.3510
229.747881  33.316771  17.6588  15.7065  14.8319  14.4512  14.1460    0.06830000   0.00018523  20485.688    55.530557   0.366838   2.029693   -3958.490 1   0.229364   0.179221   0.064996   0.038813   0.046152   -19.9382   -21.8403   -22.6007   -22.9552   -23.2678     1.9022     2.6625     0.3545
229.822694  33.624560  19.1888  18.0827  17.6087  17.3095  17.1421    0.08420000   0.00007747  25243.694    23.224922   0.368895   2.041076     799.517 1   0.168945   0.071369   0.078328  -0.021414  -0.087164   -18.8039   -19.8124   -20.2934   -20.4928   -20.5945     1.0085     1.4895     0.1995
229.734966  33.364524  18.1023  16.2239  15.3414  14.9154  14.6129    0.06850000   0.00017189  20542.948    51.531326   0.369467   2.044237   -3901.229 1   0.293829   0.225460   0.080770   0.052496   0.055379   -19.5442   -21.3543   -22.0921   -22.4898   -22.7952     1.8100     2.5478     0.3977
229.998128  33.063275  19.4431  17.6223  16.7533  16.3601  16.0370    0.08130000   0.00016295  24387.277    48.851181   0.369724   2.045660     -56.901 0   0.293672   0.225959   0.086704   0.051851   0.052172   -18.5979   -20.3510   -21.0808   -21.4391   -21.7625     1.7531     2.4828     0.3583
230.611960  33.482561  18.7801  17.6485  17.0346  16.6996  16.5104    0.07140000   0.00019500  21403.353    58.459529   0.373355   2.065752   -3040.825 1   0.199320   0.208996   0.120331   0.002924  -0.094124   -18.8623   -20.0036   -20.5289   -20.7464   -20.8386     1.1413     1.6665     0.2176
229.987798  33.048366  19.9257  18.3536  17.5902  17.2131  16.9006    0.08000000   0.00010163  23986.964    30.467908   0.386842   2.140376    -457.213 1   0.125397   0.095233   0.041459   0.022770   0.026015   -17.9119   -19.4539   -20.1635   -20.5219   -20.8377     1.5419     2.2516     0.3584
229.724886  33.303055  18.7160  17.2381  16.5070  16.0678  15.7923    0.08140000   0.00005752  24403.166    17.244062   0.388801   2.151214     -41.012 0   0.301613   0.255557   0.124416   0.048026   0.010111   -19.3357   -20.7675   -21.3675   -21.7303   -21.9679     1.4318     2.0318     0.3628
230.640421  33.467093  17.9113  16.4960  15.7916  15.3999  15.1630    0.07540000   0.00015257  22618.142    45.739335   0.393745   2.178568   -1826.036 1   0.256794   0.205610   0.109736   0.032788  -0.008587   -19.9044   -21.2685   -21.8771   -22.1918   -22.3873     1.3641     1.9726     0.3148
229.703109  33.419996  19.2185  17.8735  17.2230  16.7895  16.5521    0.08410000   0.00008835  25199.355    26.486664   0.394545   2.182992     755.177 1   0.252188   0.212474   0.115276   0.029131  -0.028475   -18.8521   -20.1574   -20.7107   -21.0581   -21.2378     1.3053     1.8586     0.3474
229.744313  33.565280  19.3968  17.9057  17.1877  16.8131  16.5313    0.08430000   0.00014161  25275.652    42.453610   0.395002   2.185525     831.474 1   0.231850   0.166014   0.086131   0.027455   0.019065   -18.6402   -20.0655   -20.7036   -21.0195   -21.2929     1.4253     2.0634     0.3159
229.696327  33.453395  20.3702  18.5262  17.6614  17.2746  16.9490    0.08390000   0.00015679  25164.279    47.004459   0.403074   2.230185     720.101 1   0.255783   0.196441   0.073143   0.043196   0.048913   -17.6804   -19.4650   -20.2065   -20.5634   -20.8947     1.7847     2.5262     0.3569
229.886134  33.058155  19.3882  17.6765  16.8252  16.2873  15.9298    0.08150000   0.00012285  24424.991    36.829503   0.420214   2.325022     -19.187 0   0.493781   0.443717   0.176845   0.095747   0.061616   -18.8371   -20.4988   -21.0832   -21.5400   -21.8634     1.6616     2.2461     0.4568
229.669280  33.313893  20.4829  18.5531  17.7480  17.3703  17.0651    0.08010000   0.00012930  24018.292    38.763165   0.431504   2.387488    -425.885 1   0.089504   0.082944   0.030387   0.021543   0.022531   -17.3216   -19.2448   -19.9974   -20.3662   -20.6724     1.9232     2.6758     0.3689
229.661969  33.455407  18.9262  17.5313  16.9605  16.5705  16.3234    0.08390000   0.00014267  25148.840    42.771390   0.431783   2.389032     704.662 1   0.200264   0.135686   0.091038   0.005145  -0.057257   -19.0689   -20.3992   -20.9253   -21.2294   -21.4141     1.3303     1.8565     0.3041
230.703556  33.428845  19.1094  17.2104  16.3681  15.9838  15.7032    0.06930000   0.00015910  20763.566    47.696980   0.441867   2.444822   -3680.612 1   0.204418   0.158554   0.060883   0.033691   0.040912   -18.4943   -20.3474   -21.0921   -21.4492   -21.7370     1.8531     2.5978     0.3571
229.608686  33.502652  19.4269  18.0307  17.4222  17.0505  16.9796    0.08410000   0.00008336  25198.905    24.990699   0.483529   2.675336     754.728 1   0.194583   0.122360   0.083555   0.007392  -0.042282   -18.5861   -19.9101   -20.4798   -20.7753   -20.7965     1.3240     1.8937     0.2955
229.642029  33.206461  19.0497  17.9356  17.6314  17.3895  17.3322    0.06840000   0.00009177  20495.881    27.511954   0.486247   2.690379   -3948.297 1   0.130492   0.017828   0.069380  -0.032566  -0.014803   -18.4516   -19.4530   -19.8088   -19.9487   -20.0238     1.0014     1.3572     0.1400
229.714887  33.721113  20.3795  18.4395  17.4815  17.0335  16.6830    0.08200000   0.00014396  24589.997    43.158122   0.499430   2.763318     145.819 0   0.481627   0.382825   0.143112   0.098873   0.070118   -17.8470   -19.6882   -20.4065   -20.8102   -21.1320     1.8412     2.5595     0.4038
229.946578  32.939180  19.4699  17.6523  16.7386  16.2772  15.9175    0.08700000   0.00013931  26086.411    41.764087   0.500777   2.770769    1642.233 1   0.461148   0.381741   0.149701   0.094277   0.063552   -18.8836   -20.6218   -21.3035   -21.7095   -22.0384     1.7382     2.4199     0.4060
230.595216  33.770615  19.4968  18.1513  17.6138  17.3229  17.0516    0.07060000   0.00009033  21162.500    27.080253   0.508623   2.814183   -3281.678 1   0.134414   0.057438   0.056758   0.009809  -0.046317   -18.0562   -19.3247   -19.8615   -20.1055   -20.3206     1.2685     1.8053     0.2440
230.117061  32.895568  19.6549  17.7880  16.8782  16.4596  16.1176    0.08040000   0.00016931  24099.836    50.757861   0.508904   2.815735    -344.342 0   0.374352   0.292575   0.108836   0.073693   0.061743   -18.4426   -20.2277   -20.9537   -21.3372   -21.6673     1.7851     2.5112     0.3835
230.130800  32.886190  19.8449  17.9350  17.0692  16.6712  16.3286    0.08050000   0.00016020  24119.203    48.026752   0.517291   2.862141    -324.975 0   0.227385   0.177496   0.064798   0.038347   0.045668   -18.1083   -19.9683   -20.7214   -21.0930   -21.4429     1.8600     2.6131     0.3715
229.868072  32.952391  19.3476  17.5207  16.6299  16.2338  15.9256    0.07970000   0.00016425  23881.137    49.240911   0.517723   2.864528    -563.040 1   0.328919   0.255138   0.096019   0.061467   0.056936   -18.6825   -20.4356   -21.1673   -21.5288   -21.8325     1.7531     2.4848     0.3615
229.865155  32.939157  17.7995  16.0750  15.2876  14.8433  14.5487    0.08110000   0.00019361  24299.977    58.042818   0.530444   2.934914    -144.200 0   0.218022   0.163931   0.066949   0.033904   0.040519   -20.1393   -21.8097   -22.5002   -22.9114   -23.2126     1.6704     2.3608     0.4113
230.667062  33.739503  18.9955  17.7793  17.3273  17.0367  16.8891    0.07050000   0.00008197  21131.981    24.573988   0.531408   2.940249   -3312.197 1   0.155153   0.054979   0.071269  -0.012633  -0.076987   -18.5931   -19.7091   -20.1774   -20.3841   -20.4674     1.1160     1.5843     0.2067
230.771351  33.629624  20.0748  18.0731  17.0521  16.5339  16.1288    0.09080000   0.00014138  27212.281    42.384658   0.547180   3.027517    2768.104 1   0.660429   0.530284   0.191501   0.117271   0.088995   -18.5738   -20.4453   -21.1276   -21.5715   -21.9484     1.8716     2.5538     0.4440
230.101535  32.857355  19.9860  18.9180  17.5278  16.8368  16.4338    0.07960000   0.00019203  23856.614    57.569146   0.548257   3.033474    -587.563 1   0.979560   1.488170   0.747895   0.382406   0.221418   -18.6949   -20.2715   -20.9214   -21.2469   -21.4889     1.5766     2.2265     0.3255
230.069703  32.846789  19.9572  18.0134  17.1058  16.7067  16.3933    0.07910000   0.00015615  23700.183    46.812592   0.562304   3.111194    -743.995 1   0.306759   0.235403   0.084910   0.055667   0.056720   -18.0371   -19.9096   -20.6667   -21.0366   -21.3510     1.8724     2.6296     0.3699
229.831512  33.898618  19.6769  18.1488  17.4387  17.0512  16.7769    0.08210000   0.00014060  24600.789    42.150820   0.573428   3.172746     156.612 0   0.217940   0.151224   0.078724   0.025473   0.021555   -18.2886   -19.7499   -20.3875   -20.7218   -20.9922     1.4614     2.0990     0.3342
229.520733  33.197452  19.2890  17.8268  17.0728  16.6667  16.3322    0.09320000   0.00014816  27928.006    44.417251   0.583478   3.228349    3483.828 1   0.317695   0.271818   0.128795   0.053297   0.016827   -19.0737   -20.4900   -21.1010   -21.4316   -21.7296     1.4163     2.0273     0.3306
230.030001  32.830710  19.6716  18.0197  17.1526  16.7696  16.4883    0.08080000   0.00015480  24219.243    46.407872   0.584159   3.232120    -224.934 0   0.319780   0.254578   0.108066   0.058803   0.045277   -18.3821   -19.9688   -20.6894   -21.0231   -21.2909     1.5867     2.3073     0.3337
230.203852  33.993429  18.7902  17.5332  17.0806  16.7874  16.6397    0.07090000   0.00017035  21260.022    51.069645   0.591762   3.274187   -3184.156 1   0.137091   0.045797   0.062929  -0.001889  -0.067602   -18.7959   -19.9616   -20.4314   -20.6598   -20.7417     1.1657     1.6354     0.2284
229.860230  33.938029  17.5981  16.4667  16.0625  15.7111  15.5936    0.07760000   0.00003901  23251.783    11.694904   0.596927   3.302762   -1192.395 1   0.172625   0.076227   0.086868  -0.046532  -0.083690   -20.1992   -21.2342   -21.6490   -21.8670   -21.9474     1.0350     1.4498     0.2180
230.000836  32.823204  18.8707  16.9931  16.0344  15.5961  15.2364    0.08030000   0.00018674  24072.975    55.983244   0.596971   3.303006    -371.203 1   0.489315   0.395003   0.149865   0.100123   0.069454   -19.3178   -21.1011   -21.8147   -22.2032   -22.5323     1.7833     2.4968     0.3886
229.894527  32.852139  19.7091  17.9573  17.1827  16.8265  16.5576    0.07810000   0.00012566  23424.883    37.671920   0.597851   3.307877   -1019.294 1   0.103292   0.079501   0.034105   0.020143   0.022160   -18.0541   -19.7821   -20.5113   -20.8535   -21.1244     1.7280     2.4572     0.3422
230.788112  33.088390  19.6882  18.1235  17.4184  17.0123  16.7884    0.08210000   0.00018390  24615.239    55.131833   0.600191   3.320823     171.062 0   0.222418   0.155482   0.082305   0.025207   0.017806   -18.2817   -19.7795   -20.4114   -20.7604   -20.9769     1.4978     2.1297     0.3490
229.972350  32.814954  19.7589  17.9015  16.9924  16.5849  16.2751    0.07990000   0.00014476  23944.753    43.397956   0.611134   3.381369    -499.424 1   0.351332   0.273877   0.102637   0.067593   0.059284   -18.2808   -20.0607   -20.7986   -21.1710   -21.4725     1.7799     2.5178     0.3725
230.212998  34.012697  17.9134  16.1657  15.2805  14.8513  14.5671    0.07120000   0.00017596  21342.255    52.751481   0.611362   3.382628   -3101.923 1   0.393360   0.322189   0.129962   0.079489   0.055278   -19.9170   -21.5935   -22.2865   -22.6652   -22.9252     1.6765     2.3695     0.3787
230.823054  33.108552  18.8338  17.6212  17.1766  16.8612  16.7103    0.08170000   0.00008497  24494.962    25.473365   0.615374   3.404826      50.785 0   0.165852   0.064253   0.076703  -0.022215  -0.083554   -19.0661   -20.1771   -20.6342   -20.8507   -20.9402     1.1110     1.5681     0.2165
229.936468  32.819179  18.8977  17.1332  16.2400  15.8244  15.5448    0.08200000   0.00015952  24594.314    47.822893   0.616105   3.408873     150.136 0   0.357078   0.283368   0.110984   0.069837   0.056150   -19.2042   -20.8950   -21.6159   -21.9903   -22.2562     1.6908     2.4116     0.3745
230.349991  34.002583  18.8785  17.7773  17.3617  17.0412  16.9380    0.08110000   0.00008636  24305.194    25.890077   0.617904   3.418829    -138.984 0   0.172302   0.077197   0.088319  -0.051452  -0.081280   -19.0146   -20.0207   -20.4474   -20.6282   -20.7015     1.0061     1.4328     0.1807
230.132600  32.784868  20.3476  18.3929  17.5165  17.1145  16.7844    0.08040000   0.00014939  24099.416    44.785995   0.618306   3.421051    -344.761 0   0.258899   0.199854   0.072043   0.044433   0.050488   -17.6344   -19.5301   -20.2787   -20.6530   -20.9892     1.8957     2.6442     0.3744
