237.206770  30.493164  18.5784  16.6818  15.8213  15.4342  15.1222    0.07070000   0.00017022  21200.303    51.030672   0.012921   0.063585     -53.183 0   0.203163   0.161311   0.058970   0.034840   0.042151   -19.0464   -20.9012   -21.6593   -22.0223   -22.3416     1.8547     2.6129     0.3630
237.172140  30.501604  19.3888  18.3008  17.8398  17.4881  17.3233    0.07100000   0.00007403  21297.616    22.193636   0.031707   0.156034      44.129 0   0.168665   0.133369   0.102591  -0.036272  -0.098863   -18.2288   -19.2815   -19.7117   -19.9245   -20.0267     1.0527     1.4829     0.2128
237.166649  30.498710  20.1144  18.3499  17.5815  17.2280  16.9481    0.07110000   0.00014532  21326.576    43.565840   0.033923   0.166938      73.089 0   0.087167   0.068090   0.028509   0.017953   0.019127   -17.4279   -19.1734   -19.9022   -20.2451   -20.5262     1.7454     2.4742     0.3429
237.130062  30.480143  19.7099  17.9468  17.1097  16.6654  16.3322    0.07080000   0.00019059  21234.240    57.137445   0.060730   0.298858     -19.247 0   0.229213   0.178731   0.065241   0.038632   0.045930   -17.9653   -19.6779   -20.4015   -20.8192   -21.1597     1.7126     2.4362     0.4177
237.099514  30.494440  19.0187  17.9897  17.6025  17.3300  17.2666    0.07080000   0.00008827  21221.978    26.462680   0.088011   0.433108     -31.508 0   0.146128   0.031897   0.073347  -0.028947  -0.045032   -18.5734   -19.4882   -19.9168   -20.0870   -20.1343     0.9148     1.3434     0.1702
236.990248  30.478157  19.1078  17.9600  17.4523  17.0757  16.8906    0.05960000   0.00008105  17868.920    24.298179   0.181237   0.891882   -3384.567 1   0.187922   0.158282   0.106005  -0.009628  -0.101188   -18.1294   -19.2475   -19.7030   -19.9639   -20.0575     1.1182     1.5736     0.2610
237.174602  30.297839  18.5696  17.1796  16.4775  16.0486  15.7945    0.07080000   0.00009259  21235.619    27.757784   0.184935   0.910082     -17.868 0   0.282928   0.248635   0.125719   0.040195  -0.011607   -19.1593   -20.5150   -21.0942   -21.4376   -21.6399     1.3557     1.9349     0.3434
237.223200  30.771491  18.6911  17.0044  16.2629  15.8164  15.4993    0.07030000   0.00017814  21089.980    53.405028   0.290728   1.430694    -163.507 0   0.085376   0.079734   0.029157   0.020918   0.021632   -18.8035   -20.4846   -21.1755   -21.6138   -21.9316     1.6811     2.3720     0.4383
237.466006  30.697473  17.5630  15.8537  15.1032  14.7011  14.4142    0.07040000   0.00015292  21106.198    45.844263   0.314685   1.548589    -147.288 0   0.174587   0.123650   0.057823   0.025533   0.030469   -20.0452   -21.7036   -22.3882   -22.7580   -23.0499     1.6584     2.3430     0.3698
237.614782  30.479759  18.0125  16.1500  15.2574  14.8324  14.5226    0.07130000   0.00019440  21378.800    58.279654   0.357015   1.756901     125.313 0   0.334798   0.257782   0.093646   0.062820   0.059596   -19.7836   -21.5691   -22.2976   -22.6917   -22.9983     1.7855     2.5139     0.3942
237.643822  30.485123  19.8380  18.2581  17.5329  17.1566  16.8796    0.07270000   0.00015669  21789.605    46.974480   0.382056   1.880130     536.119 1   0.164605   0.111821   0.056186   0.023162   0.026494   -17.8303   -19.3574   -20.0270   -20.3703   -20.6506     1.5271     2.1967     0.3433
237.644834  30.462667  19.6925  18.0707  17.2899  16.8960  16.6346    0.07100000   0.00019530  21276.241    58.549467   0.383370   1.886593      22.754 0   0.263387   0.199349   0.090437   0.039969   0.036265   -18.0198   -19.5775   -20.2494   -20.5929   -20.8506     1.5578     2.2296     0.3434
236.756663  30.446313  20.2783  18.4350  17.5790  17.2431  16.9488    0.08320000   0.00015212  24946.660    45.604429   0.384117   1.890271    3693.173 1   0.170961   0.134163   0.052970   0.029466   0.035442   -17.6692   -19.4757   -20.2505   -20.5629   -20.8632     1.8065     2.5813     0.3124
237.687515  30.490811  18.8096  16.8915  15.9462  15.4705  15.0783    0.07110000   0.00016761  21309.818    50.248214   0.419798   2.065860      56.331 0   0.536129   0.435326   0.164139   0.106562   0.074025   -19.1817   -20.9990   -21.6731   -22.0912   -22.4509     1.8173     2.4914     0.4181
237.798830  30.513682  18.4745  17.1055  16.4787  16.0820  15.8288    0.07710000   0.00019348  23119.425    58.003845   0.516631   2.542384    1865.938 1   0.220473   0.158817   0.094726   0.016915  -0.024342   -19.3565   -20.6639   -21.2266   -21.5455   -21.7574     1.3073     1.8701     0.3189
237.435941  29.993151  18.3291  16.6043  15.8152  15.4350  15.1562    0.06200000   0.00015556  18598.914    46.635715   0.528745   2.601996   -2654.572 1   0.185762   0.137282   0.059194   0.028571   0.034750   -19.0133   -20.6896   -21.4006   -21.7502   -22.0352     1.6763     2.3873     0.3496
237.182608  29.888064  18.7951  17.3135  16.6190  16.2638  16.0132    0.06240000   0.00015046  18702.163    45.106773   0.593558   2.920946   -2551.324 1   0.134826   0.082340   0.047732   0.018382   0.016975   -18.4854   -19.9146   -20.5745   -20.9003   -21.1495     1.4291     2.0890     0.3258
237.788686  30.087538  18.8687  17.3970  16.7340  16.3959  16.1449    0.08410000   0.00014580  25198.815    43.709740   0.641929   3.158984    3945.329 1   0.085139   0.046886   0.026209   0.012496   0.009453   -19.0349   -20.4683   -21.1106   -21.4350   -21.6830     1.4334     2.0758     0.3244
236.837761  29.920194  18.5779  16.8357  15.9842  15.6190  15.3181    0.07180000   0.00016031  21517.844    48.059729   0.642423   3.161412     264.357 1   0.267659   0.203889   0.082284   0.044381   0.046523   -19.1663   -20.8447   -21.5746   -21.9019   -22.2050     1.6784     2.4083     0.3273
236.456289  30.392205  19.0799  17.3412  16.5615  16.2202  15.9499    0.05830000   0.00015616  17480.299    46.815590   0.647546   3.186623   -3773.188 1   0.112071   0.085056   0.037084   0.021030   0.023515   -18.0295   -19.7412   -20.4729   -20.7981   -21.0709     1.7117     2.4434     0.3252
237.283446  29.829507  20.2178  18.5089  17.6699  17.2649  16.9443    0.08300000   0.00012351  24873.151    37.027366   0.655819   3.227339    3619.664 1   0.309287   0.242989   0.101478   0.055571   0.046829   -17.8628   -19.5054   -20.2029   -20.5620   -20.8738     1.6426     2.3401     0.3591
236.436883  30.549964  18.7731  17.0105  16.1497  15.6749  15.3575    0.05830000   0.00016313  17466.868    48.905144   0.661654   3.256053   -3786.619 1   0.425096   0.363107   0.149554   0.085128   0.053245   -18.6493   -20.3499   -20.9972   -21.4075   -21.6930     1.7006     2.3479     0.4104
238.011076  30.399252  18.3102  16.6268  15.7791  15.3308  15.0109    0.07650000   0.00015715  22944.826    47.112385   0.703351   3.461248    1691.339 1   0.409093   0.351602   0.147491   0.080910   0.048719   -19.6924   -21.3183   -21.9619   -22.3436   -22.6313     1.6259     2.2695     0.3817
236.889939  29.809505  18.1022  16.3290  15.5128  15.1276  14.8483    0.06230000   0.00015821  18667.657    47.430165   0.723263   3.559234   -2585.830 1   0.226505   0.170058   0.069642   0.035168   0.041378   -19.2702   -20.9869   -21.7027   -22.0534   -22.3389     1.7168     2.4325     0.3507
