179.428456  43.833010  18.5245  17.0040  16.2580  15.8932  15.6136    0.07210000   0.00017757  21609.700    53.234147   0.030479   0.146412     693.180 1   0.180915   0.123384   0.061548   0.024114   0.027647   -19.1208   -20.5838   -21.2679   -21.5953   -21.8784     1.4630     2.1471     0.3274
179.423044  43.824497  18.7167  17.0624  16.3245  15.9857  15.7575    0.06940000   0.00014912  20815.969    44.705051   0.032476   0.156002    -100.550 0   0.097798   0.064087   0.031732   0.016412   0.017202   -18.7623   -20.3829   -21.0884   -21.4119   -21.6409     1.6206     2.3261     0.3235
179.443257  43.890398  19.8049  17.9852  17.1255  16.6687  16.3950    0.06980000   0.00015980  20936.036    47.906835   0.070510   0.338706      19.516 0   0.291621   0.223801   0.080395   0.051938   0.054990   -17.8804   -19.6323   -20.3486   -20.7769   -21.0537     1.7519     2.4682     0.4283
179.593308  43.815281  17.4003  16.1376  15.4415  15.0411  14.7952    0.07000000   0.00010050  20993.716    30.129142   0.090713   0.435755      77.197 0   0.267671   0.283733   0.140641   0.037383  -0.043509   -20.2886   -21.5673   -22.1203   -22.4175   -22.5825     1.2788     1.8318     0.2971
179.383759  43.954575  18.1444  16.9413  16.3884  15.9970  15.7988    0.06970000   0.00009324  20887.650    27.952649   0.145668   0.699735     -28.870 0   0.202330   0.170071   0.107324   0.002987  -0.087585   -19.4485   -20.6194   -21.1095   -21.3966   -21.5042     1.1708     1.6610     0.2871
179.188536  43.862730  19.5059  17.9446  17.1809  16.8131  16.5670    0.07060000   0.00015683  21171.014    47.016451   0.205628   0.987762     254.494 0   0.217852   0.152568   0.076506   0.027041   0.026385   -18.1305   -19.6265   -20.3142   -20.6325   -20.8779     1.4960     2.1837     0.3183
179.181782  43.755332  20.0339  18.3694  17.5190  17.1072  16.8404    0.07040000   0.00016552  21100.442    49.621648   0.217012   1.042447     183.923 0   0.315546   0.248513   0.102720   0.057589   0.048237   -17.7153   -19.3127   -20.0173   -20.3840   -20.6414     1.5975     2.3021     0.3667
179.744202  43.727036  19.1371  17.7843  17.0996  16.6886  16.4691    0.07130000   0.00009916  21374.872    29.727420   0.220862   1.060940     458.353 0   0.275323   0.249698   0.127461   0.037023  -0.022954   -18.5995   -19.9267   -20.4892   -20.8097   -20.9693     1.3272     1.8896     0.3206
179.184868  43.910262  19.1885  17.3457  16.4484  16.0313  15.7274    0.07260000   0.00016230  21779.203    48.656316   0.222422   1.068434     862.683 1   0.333862   0.257895   0.094962   0.062675   0.058746   -18.6248   -20.3916   -21.1260   -21.5108   -21.8108     1.7668     2.5012     0.3848
179.161041  43.859014  19.1788  17.3400  16.4597  16.0570  15.7484    0.07120000   0.00019119  21349.690    57.317320   0.224469   1.078271     433.170 0   0.305003   0.234704   0.087264   0.055079   0.055104   -18.5632   -20.3317   -21.0646   -21.4351   -21.7437     1.7685     2.5014     0.3705
179.188476  43.957792  19.5098  18.1531  17.5288  17.1686  16.9739    0.07350000   0.00008753  22032.018    26.240834   0.242997   1.167271    1115.498 1   0.195198   0.122738   0.082681   0.008910  -0.036306   -18.2098   -19.4941   -20.0783   -20.3648   -20.5142     1.2842     1.8685     0.2864
179.772093  43.943937  18.7423  17.4393  16.8255  16.4896  16.2930    0.07150000   0.00021617  21431.743    64.806136   0.250962   1.205530     515.223 0   0.171196   0.092829   0.069218   0.010033  -0.028293   -18.8719   -20.0965   -20.6867   -20.9634   -21.1217     1.2246     1.8148     0.2767
179.531139  44.071451  18.9530  18.3339  17.9668  17.8320  17.7701    0.07180000   0.00017053  21513.646    51.123608   0.253413   1.217306     597.127 0   0.004515   0.000401   0.000999  -0.000417  -0.000195   -18.5281   -19.1430   -19.5107   -19.6441   -19.7062     0.6150     0.9827     0.1334
179.103012  43.800698  18.7928  17.8147  17.4701  17.1800  17.0898    0.06910000   0.00007271  20723.334    21.797910   0.264168   1.268968    -193.186 0   0.168212   0.058468   0.090546  -0.087653  -0.043342   -18.7651   -19.6335   -20.0101   -20.1220   -20.2565     0.8684     1.2450     0.1119
179.107263  43.702759  18.8999  17.7971  17.3260  17.0777  16.9002    0.06580000   0.00048650  19720.678   145.849031   0.286317   1.375366   -1195.842 1   0.098619   0.028084   0.040265   0.005168  -0.047127   -18.4850   -19.5173   -20.0006   -20.2138   -20.3390     1.0323     1.5155     0.2132
179.083204  43.913376  20.3418  18.5586  17.6969  17.1991  16.7670    0.07220000   0.00016933  21649.362    50.763857   0.292183   1.403544     732.843 1   0.486255   0.400820   0.155045   0.098905   0.067169   -17.6331   -19.3309   -19.9468   -20.3885   -20.7888     1.6978     2.3137     0.4417
179.067060  43.878457  17.9261  16.0351  15.0755  14.6157  14.2879    0.07060000   0.00016515  21178.658    49.510724   0.294658   1.415431     262.139 0   0.526252   0.443511   0.170883   0.103303   0.070793   -20.0187   -21.8270   -22.5139   -22.9062   -23.2014     1.8083     2.4952     0.3922
179.069862  43.898716  19.5203  18.2365  17.5681  17.1566  16.9265    0.07500000   0.00008738  22494.927    26.195865   0.297235   1.427812    1578.407 1   0.258375   0.240639   0.126068   0.030503  -0.039844   -18.3097   -19.5757   -20.1295   -20.4455   -20.6052     1.2661     1.8199     0.3159
179.070485  43.920340  18.3513  17.3444  16.6502  16.2583  16.1412    0.07080000   0.00019021  21210.556    57.023523   0.303099   1.455978     294.036 0   0.190322   0.356697   0.161672   0.014590  -0.081243   -19.2850   -20.4583   -20.9574   -21.2023   -21.2235     1.1733     1.6724     0.2448
179.087174  43.973887  18.2885  16.3662  15.4686  15.0586  14.7508    0.07450000   0.00016996  22347.849    50.952726   0.313829   1.507521    1431.329 1   0.312914   0.240120   0.086610   0.057187   0.057475   -19.5814   -21.4309   -22.1750   -22.5556   -22.8637     1.8495     2.5936     0.3806
179.093433  43.989185  19.9138  18.0359  17.1653  16.7682  16.4723    0.07310000   0.00015986  21907.933    47.924822   0.317652   1.525888     991.414 1   0.287285   0.220583   0.082134   0.050606   0.052929   -17.8891   -19.7003   -20.4325   -20.7981   -21.0963     1.8112     2.5433     0.3656
179.629913  43.526396  20.0169  18.3266  17.4792  17.0825  16.8284    0.07220000   0.00016909  21649.872    50.691907   0.318027   1.527690     733.352 1   0.299474   0.233248   0.097012   0.052490   0.046731   -17.7712   -19.3953   -20.1065   -20.4586   -20.7070     1.6241     2.3352     0.3522
179.025386  43.953851  19.4025  17.6840  16.8128  16.4319  16.1511    0.07140000   0.00016144  21408.899    48.398494   0.345386   1.659109     492.379 0   0.303121   0.236118   0.096680   0.053757   0.048411   -18.3437   -19.9952   -20.7270   -21.0650   -21.3404     1.6515     2.3833     0.3380
179.016251  43.960676  18.9472  17.1040  16.2574  15.8175  15.5055    0.07100000   0.00015490  21276.690    46.437852   0.354101   1.700975     360.171 0   0.261178   0.201518   0.072478   0.044918   0.050880   -18.7629   -20.5464   -21.2640   -21.6763   -21.9943     1.7835     2.5011     0.4123
179.920951  43.685606  19.8040  18.2941  17.4739  17.0580  16.8023    0.07250000   0.00014964  21746.016    44.860943   0.354228   1.701584     829.496 1   0.355877   0.312383   0.140753   0.064712   0.028032   -18.0252   -19.4916   -20.1402   -20.4800   -20.6990     1.4664     2.1150     0.3399
179.858442  43.593755  19.6106  18.0254  17.2871  16.9185  16.6795    0.07250000   0.00015840  21731.805    47.487125   0.362704   1.742302     815.286 1   0.197207   0.133203   0.068760   0.023775   0.024921   -18.0599   -19.5811   -20.2550   -20.5786   -20.8187     1.5212     2.1951     0.3236
179.257083  44.156900  19.1564  17.8262  17.3021  17.0138  16.8392    0.07210000   0.00020428  21616.475    61.241603   0.367676   1.766185     699.955 1   0.117670   0.045687   0.048625   0.010295  -0.046494   -18.4257   -19.6839   -20.2109   -20.4609   -20.5787     1.2582     1.7853     0.2500
178.962389  43.879847  20.1773  18.3726  17.5046  17.1071  16.8107    0.06970000   0.00016983  20903.659    50.913753   0.369284   1.773907     -12.861 0   0.287198   0.220634   0.085043   0.050156   0.051207   -17.5005   -19.2386   -19.9710   -20.3336   -20.6311     1.7381     2.4705     0.3626
179.942981  43.653992  19.8896  18.4151  17.6425  17.2802  17.1318    0.07220000   0.00019363  21651.251    58.048814   0.381778   1.833925     734.731 1   0.230156   0.164235   0.083887   0.027951   0.022254   -17.8292   -19.2378   -19.9300   -20.2364   -20.3791     1.4086     2.1008     0.3064
179.991921  43.759661  19.5123  17.8758  17.0841  16.6164  16.3301    0.07230000   0.00019148  21674.455    57.404260   0.383181   1.840666     757.935 1   0.375434   0.327359   0.143540   0.070964   0.036521   -18.3336   -19.9220   -20.5299   -20.9250   -21.1769     1.5884     2.1963     0.3951
178.966351  43.694551  20.0140  18.4296  17.7286  17.3664  17.1308    0.07000000   0.00018567  20995.755    55.662466   0.383737   1.843336      79.235 0   0.136435   0.084670   0.048124   0.018856   0.018249   -17.5436   -19.0763   -19.7407   -20.0736   -20.3086     1.5326     2.1971     0.3329
178.931202  43.845239  18.3601  17.5556  17.2908  16.8924  16.8191    0.07140000   0.00004090  21400.954    12.261512   0.387939   1.863523     484.435 0   0.167043   0.061903   0.091308  -0.087255  -0.045064   -19.2501   -19.9494   -20.2436   -20.4635   -20.5790     0.6994     0.9936     0.2198
179.012086  44.028555  20.0406  18.4778  17.6423  17.2368  16.9276    0.07390000   0.00016275  22140.393    48.791223   0.388285   1.865184    1223.873 1   0.359558   0.303675   0.133081   0.068192   0.039009   -17.8340   -19.3409   -20.0058   -20.3465   -20.6265     1.5069     2.1718     0.3406
179.771246  43.486593  19.2202  17.5912  16.8048  16.4285  16.1479    0.07290000   0.00015058  21849.354    45.142748   0.400627   1.924470     932.834 1   0.192743   0.137619   0.063144   0.027339   0.032793   -18.4822   -20.0561   -20.7680   -21.1085   -21.3946     1.5739     2.2858     0.3405
179.047515  44.091832  19.4629  17.9122  17.0945  16.7141  16.4630    0.08260000   0.00014816  24764.236    44.417251   0.405865   1.949632    3847.716 1   0.302725   0.241712   0.109701   0.052544   0.034812   -18.6006   -20.0903   -20.7760   -21.0992   -21.3326     1.4897     2.1754     0.3232
178.905904  43.780210  17.6486  16.2220  15.6207  15.2638  15.0508    0.06650000   0.00015233  19942.614    45.667385   0.407671   1.958306    -973.906 1   0.180688   0.103800   0.072905   0.010550  -0.024532   -19.8202   -21.1699   -21.7403   -22.0349   -22.2128     1.3497     1.9201     0.2945
179.256782  44.207135  19.7412  18.1105  17.2323  16.7914  16.4324    0.07150000   0.00016049  21438.668    48.113692   0.414011   1.988763     522.149 0   0.429670   0.367907   0.151213   0.086071   0.053796   -18.1315   -19.7004   -20.3619   -20.7377   -21.0644     1.5689     2.2304     0.3758
178.879219  43.935121  19.1521  17.3308  16.4164  15.9959  15.6778    0.07210000   0.00015762  21608.741    47.253287   0.439519   2.111291     692.221 1   0.395164   0.314910   0.120792   0.079866   0.060860   -18.7075   -20.4485   -21.1688   -21.5484   -21.8475     1.7410     2.4613     0.3796
178.842132  43.761094  17.6504  16.0278  15.1732  14.7748  14.5180    0.07280000   0.00015148  21818.176    45.412562   0.455629   2.188678     901.656 1   0.297028   0.232056   0.099424   0.051424   0.043488   -20.1321   -21.6897   -22.4117   -22.7621   -23.0109     1.5576     2.2796     0.3504
178.913958  44.051290  18.3030  16.4271  15.5102  15.1205  14.8243    0.07330000   0.00017442  21970.230    52.289801   0.460705   2.213064    1053.711 1   0.325496   0.251840   0.094161   0.060489   0.057015   -19.5441   -21.3464   -22.1056   -22.4616   -22.7543     1.8022     2.5615     0.3560
178.934962  43.560985  19.1415  17.2047  16.3302  15.9487  15.6619    0.07040000   0.00016730  21120.079    50.155278   0.464856   2.233002     203.559 0   0.258733   0.198664   0.073912   0.043862   0.049332   -18.5508   -20.4276   -21.1773   -21.5288   -21.8210     1.8767     2.6265     0.3514
178.959956  44.135286  17.2931  15.7769  14.9563  14.5236  14.2239    0.07320000   0.00003581  21951.583    10.735568   0.482045   2.315570    1035.063 1   0.380751   0.339916   0.149219   0.072343   0.033833   -20.5851   -22.0604   -22.6903   -23.0461   -23.3073     1.4754     2.1053     0.3558
178.809558  43.723584  17.8909  16.2995  15.5110  15.0981  14.8360    0.07070000   0.00016141  21207.468    48.389501   0.485142   2.330447     290.949 0   0.273403   0.209582   0.094642   0.042928   0.036744   -19.8041   -21.3317   -22.0053   -22.3665   -22.6224     1.5276     2.2011     0.3612
179.874585  44.224765  18.8804  16.9186  15.9149  15.3909  14.9690    0.07180000   0.00016876  21523.120    50.592975   0.498154   2.392952     606.600 0   0.668965   0.536253   0.193005   0.117957   0.090055   -19.2651   -21.0942   -21.7546   -22.2036   -22.5976     1.8291     2.4895     0.4490
179.015586  44.226721  19.2483  17.9069  17.2102  16.8386  16.6020    0.07250000   0.00015858  21737.052    47.541088   0.519785   2.496861     820.532 1   0.257461   0.217070   0.116243   0.031299  -0.023400   -18.4825   -19.7835   -20.3793   -20.6660   -20.8479     1.3010     1.8969     0.2867
179.191945  44.303842  18.8889  17.5105  17.0273  16.7796  16.6881    0.07060000   0.00007867  21172.153    23.584673   0.521207   2.503692     255.633 0   0.071157   0.020544   0.023690   0.007132  -0.033641   -18.6008   -19.9286   -20.4149   -20.6461   -20.6968     1.3278     1.8141     0.2311
180.071420  43.513751  19.4988  17.6749  16.7751  16.3742  16.0358    0.07040000   0.00016072  21106.049    48.182644   0.533575   2.563104     189.529 0   0.366875   0.291592   0.113484   0.072481   0.057437   -18.3017   -20.0503   -20.7720   -21.1319   -21.4552     1.7486     2.4703     0.3599
180.171816  43.618820  19.9123  18.0333  17.1273  16.6913  16.3603    0.07250000   0.00015057  21744.577    45.139750   0.547041   2.627792     828.057 1   0.423231   0.344972   0.135338   0.086925   0.060684   -17.9842   -19.7850   -20.4813   -20.8689   -21.1737     1.8007     2.4971     0.3876
178.704809  43.923034  19.1230  17.2296  16.3634  15.9645  15.6586    0.07220000   0.00017447  21637.790    52.304790   0.559756   2.688867     721.271 1   0.251464   0.193875   0.071256   0.042611   0.048798   -18.6171   -20.4529   -21.1965   -21.5668   -21.8788     1.8358     2.5794     0.3703
178.752957  44.052370  19.5869  18.3181  17.5669  17.1558  16.9936    0.07030000   0.00009110  21067.765    27.311093   0.564887   2.713514     151.245 0   0.284952   0.379013   0.171429   0.048760  -0.036595   -18.1073   -19.4702   -20.0138   -20.3022   -20.3791     1.3629     1.9065     0.2884
178.922003  44.240674  19.1979  17.3819  16.4983  16.1041  15.7747    0.07160000   0.00014664  21454.467    43.961566   0.574710   2.760701     537.948 0   0.305336   0.234754   0.086557   0.055202   0.055558   -18.5566   -20.3021   -21.0375   -21.4003   -21.7301     1.7454     2.4808     0.3628
180.125115  43.494082  18.4612  16.7645  15.9187  15.5315  15.2393    0.07070000   0.00015912  21192.599    47.702976   0.576592   2.769743     276.079 0   0.301362   0.235252   0.098251   0.053054   0.046424   -19.2618   -20.8924   -21.6012   -21.9432   -22.2288     1.6306     2.3394     0.3420
178.931501  44.251106  19.1307  17.4022  16.5757  16.2132  15.8971    0.06510000   0.00017262  19515.620    51.750174   0.577737   2.775244   -1400.900 1   0.143286   0.117933   0.045312   0.027354   0.031796   -18.2543   -19.9575   -20.7113   -21.0559   -21.3764     1.7031     2.4570     0.3445
180.071591  43.417357  18.6620  16.9025  16.0331  15.6115  15.3297    0.07300000   0.00013563  21886.888    40.660851   0.594611   2.856297     970.368 1   0.320027   0.248967   0.096278   0.059023   0.054295   -19.1676   -20.8560   -21.5727   -21.9571   -22.2341     1.6884     2.4052     0.3843
180.209050  43.550694  20.0343  18.1193  17.2919  16.8966  16.6118    0.07330000   0.00013653  21983.031    40.930664   0.599675   2.880623    1066.512 1   0.197069   0.151539   0.059859   0.032106   0.039053   -17.6844   -19.5538   -20.2896   -20.6571   -20.9489     1.8695     2.6052     0.3675
178.908974  44.270713  19.8911  18.0760  17.2684  16.9011  16.5970    0.07260000   0.00014850  21750.782    44.519180   0.603183   2.897478     834.262 1   0.127325   0.104201   0.041326   0.024918   0.028382   -17.7157   -19.5077   -20.2524   -20.6033   -20.9108     1.7920     2.5367     0.3509
178.749421  44.137315  19.6228  17.6139  16.7209  16.2779  15.9874    0.07320000   0.00017045  21938.692    51.099624   0.606679   2.914270    1022.172 1   0.341915   0.263323   0.095400   0.064648   0.060473   -18.2165   -20.1468   -20.8719   -21.2841   -21.5705     1.9303     2.6554     0.4122
180.153755  43.459446  17.4642  15.4914  14.5715  14.1377  13.8394    0.07200000   0.00020513  21574.204    61.496427   0.613521   2.947138     657.685 1   0.367869   0.284395   0.103269   0.071392   0.062848   -20.3619   -22.2512   -22.9900   -23.3919   -23.6816     1.8893     2.6281     0.4019
178.715739  43.507864  19.4000  17.6855  16.8390  16.4500  16.1867    0.06570000   0.00014708  19706.947    44.093475   0.627155   3.012628   -1209.573 1   0.298639   0.231890   0.095028   0.052354   0.048044   -18.1782   -19.8259   -20.5356   -20.8819   -21.1409     1.6478     2.3574     0.3463
180.319383  43.690616  19.0456  17.9838  17.6053  17.4470  17.4523    0.07220000   0.00008033  21633.324    24.082328   0.628238   3.017832     716.804 1   0.032186   0.003827   0.008187  -0.001925  -0.004505   -18.4752   -19.5087   -19.8915   -20.0397   -20.0318     1.0334     1.4163     0.1482
180.122330  43.402581  18.6728  16.7370  15.8383  15.4381  15.1182    0.06950000   0.00017875  20849.366    53.587902   0.631641   3.034180     -67.154 0   0.301093   0.231036   0.083126   0.054278   0.056120   -19.0339   -20.8996   -21.6504   -22.0217   -22.3435     1.8657     2.6165     0.3714
179.178507  44.421304  19.3935  17.4683  16.5676  16.1495  15.8404    0.07150000   0.00018022  21430.424    54.028597   0.634479   3.047812     513.904 0   0.325283   0.250136   0.090696   0.060380   0.058632   -18.3748   -20.2248   -20.9661   -21.3539   -21.6612     1.8501     2.5913     0.3878
180.166827  43.409131  20.4846  18.6035  17.7337  17.3758  17.0705    0.07180000   0.00014019  21510.828    42.027905   0.651815   3.131088     594.309 0   0.272829   0.208515   0.082501   0.046081   0.048205   -17.2648   -19.0816   -19.8253   -20.1468   -20.4542     1.8168     2.5606     0.3215
178.813239  43.368392  19.4709  17.9349  17.1858  16.7716  16.5993    0.06650000   0.00009544  19925.796    28.612192   0.655015   3.146458    -990.724 1   0.252377   0.188589   0.092476   0.034292   0.025498   -18.0696   -19.5418   -20.1948   -20.5508   -20.7143     1.4722     2.1252     0.3560
180.306922  43.570992  18.4215  16.5710  15.6943  15.2993  15.0070    0.07390000   0.00017346  22154.992    52.002000   0.655365   3.148138    1238.473 1   0.271162   0.208111   0.077291   0.046768   0.051019   -19.3647   -21.1522   -21.8981   -22.2625   -22.5591     1.7874     2.5333     0.3645
180.360791  43.699146  18.2004  16.8490  16.2168  15.8797  15.6965    0.06500000   0.00015446  19483.962    46.305943   0.655827   3.150361   -1432.558 1   0.129064   0.066675   0.048513   0.014906  -0.002943   -19.1883   -20.4773   -21.0914   -21.3948   -21.5602     1.2890     1.9030     0.3035
180.327993  43.558401  19.6325  18.1549  17.4180  17.0273  16.7703    0.07240000   0.00016070  21700.837    48.176648   0.674257   3.238891     784.317 1   0.255471   0.193225   0.097303   0.034234   0.019080   -18.0964   -19.5118   -20.1527   -20.4804   -20.7222     1.4154     2.0563     0.3276
179.188987  44.474748  18.2076  16.5214  15.6964  15.2980  14.9791    0.07190000   0.00015766  21540.898    47.265279   0.682906   3.280436     624.378 1   0.303762   0.238279   0.100966   0.053707   0.044990   -19.5545   -21.1752   -21.8629   -22.2140   -22.5242     1.6207     2.3084     0.3511
178.651736  43.475188  18.5389  16.8665  16.0152  15.5872  15.2869    0.06590000   0.00014838  19754.434    44.483205   0.683510   3.283339   -1162.086 1   0.379278   0.318731   0.135279   0.074428   0.046235   -19.1300   -20.7419   -21.4097   -21.7768   -22.0490     1.6119     2.2797     0.3671
178.735426  43.384634  18.5146  16.6278  15.7613  15.3369  15.0635    0.06540000   0.00018123  19610.054    54.331387   0.686118   3.295865   -1306.466 1   0.280234   0.214987   0.079800   0.048862   0.052207   -19.0387   -20.8602   -21.5915   -21.9850   -22.2617     1.8216     2.5529     0.3935
178.593933  43.549858  19.5402  17.7106  16.8735  16.4709  16.2084    0.06650000   0.00016197  19943.483    48.557384   0.686877   3.299513    -973.036 1   0.270737   0.206487   0.084146   0.044943   0.046202   -18.0186   -19.7840   -20.4988   -20.8622   -21.1259     1.7653     2.4801     0.3634
178.563305  43.566986  17.3801  16.3059  15.7728  15.4144  15.2470    0.06540000   0.00008881  19601.510    26.624568   0.700801   3.366400   -1315.010 1   0.170872   0.180427   0.113735  -0.020894  -0.102802   -20.0638   -21.1475   -21.6140   -21.8377   -21.9232     1.0838     1.5502     0.2238
178.507048  43.714482  17.7813  16.4890  15.8747  15.5316  15.3597    0.06740000   0.00015952  20210.179    47.822893   0.701592   3.370197    -706.341 1   0.176578   0.097739   0.072600   0.008187  -0.035533   -19.7127   -20.9262   -21.5153   -21.7940   -21.9222     1.2135     1.8026     0.2787
180.413026  44.006547  18.1692  16.2262  15.3160  14.8261  14.4538    0.07240000   0.00016844  21700.027    50.497042   0.706359   3.393095     783.508 1   0.496731   0.404515   0.154427   0.101112   0.069461   -19.8010   -21.6518   -22.3119   -22.7485   -23.0891     1.8508     2.5109     0.4366
178.640995  44.204729  18.5294  16.7196  15.8909  15.5096  15.1994    0.07290000   0.00016368  21850.523    49.070030   0.708747   3.404566     934.003 1   0.153660   0.123505   0.048253   0.028030   0.033083   -19.1339   -20.9136   -21.6670   -22.0281   -22.3434     1.7796     2.5331     0.3611
178.544247  43.548476  18.1623  17.1793  16.8423  16.5787  16.5134    0.06630000   0.00007798  19886.763    23.377816   0.720451   3.460791   -1029.757 1   0.160015   0.031153   0.080652  -0.053666  -0.031542   -19.3005   -20.1547   -20.5412   -20.6704   -20.7579     0.8541     1.2406     0.1293
180.163717  43.288525  19.3101  17.3692  16.4683  16.0577  15.7433    0.07400000   0.00017584  22170.791    52.715506   0.732654   3.519409    1254.272 1   0.320106   0.245912   0.088926   0.059043   0.058177   -18.5523   -20.4190   -21.1629   -21.5437   -21.8572     1.8667     2.6106     0.3807
