200.740013  -1.644962  19.9633  18.2601  17.3644  16.9537  16.6399    0.08600000   0.00015733  25796.122    47.166347   0.034529   0.200395     315.262 0   0.384920   0.317350   0.130415   0.077053   0.052205   -18.2888   -19.9244   -20.6332   -20.9905   -21.2795     1.6356     2.3444     0.3573
200.758769  -1.711394  18.0139  16.0990  15.1668  14.7456  14.4548    0.08530000   0.00017693  25558.716    53.042280   0.036916   0.214251      77.856 0   0.371847   0.287262   0.104006   0.072347   0.063387   -20.1888   -22.0191   -22.7681   -23.1576   -23.4394     1.8303     2.5793     0.3895
200.706505  -1.647414  20.2888  18.3116  17.3797  16.8968  16.4570    0.08600000   0.00016721  25773.367    50.128297   0.046503   0.269889     292.508 0   0.513280   0.409146   0.152822   0.104173   0.072860   -18.0916   -19.9647   -20.6403   -21.0745   -21.4830     1.8731     2.5486     0.4343
200.785220  -1.700691  19.8857  18.0606  17.1416  16.6566  16.3050    0.08820000   0.00013300  26452.997    39.872397   0.049755   0.288764     972.137 1   0.492086   0.417380   0.163971   0.098355   0.065437   -18.5101   -20.2605   -20.9261   -21.3455   -21.6642     1.7504     2.4160     0.4194
200.722395  -1.619457  19.4181  17.7209  16.8024  16.3745  16.0727    0.08340000   0.00013822  25005.509    41.437314   0.062612   0.363384    -475.351 0   0.439377   0.378343   0.154887   0.088030   0.054858   -18.8030   -20.4392   -21.1343   -21.4953   -21.7639     1.6362     2.3312     0.3610
200.680181  -1.710788  19.5259  17.8722  17.0431  16.6471  16.3395    0.08510000   0.00013960  25524.540    41.851027   0.067657   0.392662      43.680 0   0.325496   0.262065   0.113206   0.060179   0.042868   -18.6438   -20.2341   -20.9143   -21.2573   -21.5476     1.5903     2.2705     0.3430
200.776289  -1.745071  19.6092  18.2458  17.6293  17.3142  17.0383    0.07660000   0.00018382  22949.622    55.107850   0.074852   0.434421   -2531.238 1   0.001268   0.000619   0.000263   0.000179   0.000105   -17.9884   -19.3512   -19.9673   -20.2824   -20.5582     1.3628     1.9789     0.3150
200.677097  -1.734582  19.9153  18.4406  17.5737  17.1127  16.8264    0.08550000   0.00019458  25639.480    58.333616   0.083740   0.486002     158.620 0   0.431752   0.410802   0.172250   0.083911   0.042398   -18.3736   -19.8273   -20.4557   -20.8283   -21.0731     1.4537     2.0821     0.3727
200.663298  -1.638394  19.1073  17.2652  16.3317  15.8823  15.5457    0.08460000   0.00018175  25349.101    54.487279   0.087155   0.505825    -131.759 0   0.463337   0.384758   0.151171   0.094560   0.063458   -19.1874   -20.9509   -21.6508   -22.0436   -22.3491     1.7635     2.4634     0.3928
200.755946  -1.772485  19.4044  17.6167  16.8368  16.4634  16.2144    0.07640000   0.00014577  22894.700    43.700747   0.094319   0.547402   -2586.160 1   0.186432   0.135812   0.060110   0.027909   0.033832   -18.3909   -20.1280   -20.8322   -21.1734   -21.4283     1.7371     2.4413     0.3412
200.664049  -1.749878  19.2948  18.0612  17.4203  17.0522  16.8105    0.08320000   0.00019336  24928.702    57.967870   0.103667   0.601651    -552.158 0   0.231729   0.219984   0.121348   0.019060  -0.064837   -18.7135   -19.9353   -20.4776   -20.7434   -20.9012     1.2219     1.7641     0.2658
200.633497  -1.714053  19.1472  17.2159  16.3041  15.8911  15.5973    0.08360000   0.00018104  25077.609    54.274427   0.112107   0.650637    -403.251 0   0.343308   0.264085   0.095228   0.064952   0.060873   -18.9803   -20.8324   -21.5754   -21.9581   -22.2478     1.8521     2.5950     0.3827
200.626593  -1.682904  18.1913  16.9162  16.3259  15.9721  15.7724    0.08880000   0.00014699  26632.273    44.066493   0.113599   0.659295    1151.413 1   0.194930   0.126556   0.088198   0.002480  -0.061141   -19.9221   -21.1288   -21.6808   -21.9489   -22.0849     1.2067     1.7587     0.2681
200.865947  -1.592649  18.0156  16.8569  16.4505  16.1670  15.9904    0.07640000   0.00008362  22897.009    25.068645   0.152783   0.886710   -2583.851 1   0.150828   0.043953   0.071782  -0.019478  -0.066665   -19.7441   -20.7960   -21.2302   -21.4224   -21.5518     1.0518     1.4861     0.1922
200.890008  -1.742598  20.1477  18.3903  17.5248  17.1194  16.8073    0.08400000   0.00013468  25183.346    40.376048   0.162509   0.943156    -297.514 0   0.326805   0.256843   0.102290   0.061060   0.052525   -17.9977   -19.6851   -20.3961   -20.7602   -21.0638     1.6874     2.3984     0.3642
200.697949  -1.520502  19.0847  17.3400  16.4599  16.0304  15.7204    0.08510000   0.00014190  25521.122    42.540550   0.164499   0.954706      40.262 0   0.386102   0.320234   0.132626   0.077158   0.051015   -19.1456   -20.8244   -21.5169   -21.8910   -22.1748     1.6788     2.3713     0.3740
200.718897  -1.514916  19.7467  17.8022  16.8883  16.4596  16.1515    0.08600000   0.00015243  25770.070    45.697364   0.165945   0.963096     289.210 0   0.378611   0.292924   0.106260   0.074135   0.063853   -18.4991   -20.3579   -21.0851   -21.4817   -21.7795     1.8588     2.5860     0.3966
200.785738  -1.518646  18.9604  17.5058  16.7798  16.3585  16.1241    0.08570000   0.00016101  25693.713    48.269584   0.167163   0.970169     212.853 0   0.288553   0.239578   0.119093   0.043881   0.007532   -19.1692   -20.5748   -21.1804   -21.5264   -21.7245     1.4056     2.0111     0.3461
200.668161  -1.843560  19.5921  17.9254  17.1230  16.7342  16.4315    0.08470000   0.00015857  25398.027    47.538090   0.179172   1.039863     -82.833 0   0.245378   0.183640   0.077946   0.037951   0.041335   -18.4688   -20.0737   -20.7704   -21.1192   -21.4253     1.6050     2.3017     0.3488
200.917708  -1.654001  19.2434  17.3273  16.3996  15.9918  15.6720    0.08370000   0.00016831  25105.880    50.458069   0.179264   1.040400    -374.980 0   0.356228   0.274802   0.099543   0.068348   0.061899   -18.9236   -20.7583   -21.5107   -21.8873   -22.2007     1.8347     2.5871     0.3766
200.598871  -1.813286  19.2647  17.3532  16.4205  16.0049  15.6951    0.08430000   0.00019395  25267.588    58.144747   0.194563   1.129191    -213.272 0   0.366999   0.283377   0.102610   0.071098   0.062951   -18.9075   -20.7353   -21.4873   -21.8714   -22.1730     1.8279     2.5798     0.3841
200.763658  -1.875627  17.9910  16.9228  16.3603  16.0056  15.7591    0.08480000   0.00009873  25423.030    29.598509   0.197534   1.146434     -57.830 0   0.187093   0.204596   0.119649  -0.004410  -0.099738   -20.0141   -21.0998   -21.5774   -21.8080   -21.9592     1.0857     1.5633     0.2306
200.922792  -1.595067  19.9961  18.1360  17.1951  16.6973  16.3059    0.08440000   0.00014854  25295.019    44.531172   0.201103   1.167145    -185.841 0   0.562152   0.464366   0.174965   0.108204   0.076440   -18.3738   -20.1361   -20.7876   -21.2186   -21.5783     1.7623     2.4138     0.4310
200.907240  -1.550810  19.8400  17.9646  17.1062  16.7344  16.4761    0.08540000   0.00013616  25613.818    40.819741   0.210810   1.223482     132.958 0   0.263932   0.200686   0.080931   0.043466   0.046199   -18.2785   -20.0907   -20.8293   -21.1636   -21.4247     1.8122     2.5508     0.3343
200.954174  -1.696720  18.0358  16.8677  16.3425  15.9960  15.7933    0.08300000   0.00010132  24895.095    30.374972   0.214586   1.245397    -585.764 1   0.186335   0.142381   0.101029  -0.011271  -0.100712   -19.9218   -21.0460   -21.5298   -21.7640   -21.8773     1.1241     1.6080     0.2342
200.560124  -1.549998  18.7548  17.0161  16.2080  15.7703  15.5288    0.08370000   0.00014086  25093.378    42.228766   0.221729   1.286851    -387.482 0   0.273589   0.208916   0.087602   0.044919   0.044374   -19.3296   -21.0036   -21.6904   -22.0854   -22.3263     1.6740     2.3608     0.3950
200.824974  -1.888201  20.2563  18.2613  17.4185  17.0300  16.7484    0.08590000   0.00014623  25741.799    43.838651   0.225261   1.307352     260.939 0   0.217910   0.168549   0.064010   0.035900   0.043109   -17.8289   -19.7745   -20.5128   -20.8732   -21.1620     1.9456     2.6839     0.3604
200.807061  -1.453440  19.9769  18.0302  17.0744  16.5573  16.2114    0.08320000   0.00015623  24943.212    46.836576   0.235726   1.368085    -537.648 0   0.570127   0.483714   0.182833   0.107607   0.076879   -18.3698   -20.2300   -20.8850   -21.3268   -21.6420     1.8603     2.5152     0.4419
200.877671  -1.476776  20.0974  18.2758  17.4240  17.0232  16.7509    0.08390000   0.00014945  25153.367    44.803983   0.244904   1.421354    -327.493 0   0.241582   0.184639   0.071095   0.039661   0.045773   -17.9390   -19.7036   -20.4419   -20.8113   -21.0897     1.7647     2.5029     0.3694
200.955171  -1.509124  18.9932  17.8764  17.3145  16.9091  16.7027    0.08530000   0.00004214  25565.401    12.633254   0.274230   1.591554      84.541 0   0.204086   0.203046   0.118171   0.004121  -0.090930   -19.0417   -20.1575   -20.6345   -20.9259   -21.0372     1.1158     1.5928     0.2914
200.917962  -1.463665  17.2354  16.5112  15.9406  15.5101  15.3418    0.07670000   0.00117999  22989.465   353.752103   0.279565   1.622517   -2491.395 1   0.103520   0.319464   0.140613  -0.023651  -0.087282   -20.4673   -21.4075   -21.7992   -22.0655   -22.1701     0.9401     1.3319     0.2662
200.673731  -1.959025  20.0408  18.3900  17.4880  17.0221  16.6715    0.08480000   0.00018213  25436.131    54.601200   0.287320   1.667523     -44.729 0   0.478615   0.426754   0.171725   0.093647   0.059053   -18.2559   -19.8548   -20.5018   -20.8896   -21.2056     1.5989     2.2459     0.3878
200.930946  -1.439366  18.2318  17.1692  16.6708  16.3197  16.1822    0.07730000   0.00009504  23163.854    28.492275   0.306621   1.779543   -2317.006 1   0.169900   0.155958   0.107769  -0.028963  -0.102369   -19.5726   -20.6212   -21.0714   -21.2858   -21.3499     1.0487     1.4989     0.2144
200.569568  -1.937137  19.1105  17.8492  17.2162  16.8766  16.6437    0.08660000   0.00016624  25949.466    49.837498   0.308980   1.793231     468.606 0   0.216119   0.166657   0.102308   0.014177  -0.055828   -18.9694   -20.1813   -20.7499   -21.0014   -21.1643     1.2118     1.7805     0.2515
200.862186  -1.964156  19.7147  18.2447  17.4667  17.0648  16.7879    0.08420000   0.00013579  25232.002    40.708818   0.309685   1.797327    -248.858 0   0.332139   0.289421   0.134622   0.057344   0.019451   -18.4412   -19.8685   -20.4917   -20.8163   -21.0553     1.4273     2.0505     0.3246
200.945598  -1.930544  19.2484  17.5141  16.7650  16.4512  16.2163    0.08570000   0.00013127  25691.374    39.353756   0.324322   1.882273     210.514 0   0.078477   0.052154   0.024255   0.013967   0.014517   -18.6711   -20.3791   -21.1003   -21.4038   -21.6393     1.7080     2.4292     0.3035
200.516872  -1.917470  19.6021  18.1660  17.5442  17.1550  16.9562    0.08650000   0.00008626  25930.069    25.860097   0.326286   1.893670     449.209 0   0.206841   0.138941   0.087464   0.012533  -0.027179   -18.4846   -19.8528   -20.4231   -20.7373   -20.8964     1.3682     1.9385     0.3143
201.010970  -1.868542  17.9192  16.5839  15.8253  15.3554  15.0802    0.08030000   0.00011132  24071.206    33.372896   0.330151   1.916104   -1409.654 1   0.349243   0.351668   0.158808   0.063274   0.006596   -20.1293   -21.4670   -22.0327   -22.4071   -22.6256     1.3377     1.9035     0.3744
200.903138  -1.970698  19.6742  18.0408  17.2757  16.8843  16.6296    0.08440000   0.00013565  25316.784    40.666847   0.333664   1.936491    -164.076 0   0.230992   0.167460   0.078280   0.031872   0.033154   -18.3645   -19.9344   -20.6103   -20.9553   -21.2113     1.5699     2.2458     0.3450
200.828057  -2.007252  19.0660  17.1890  16.2870  15.8691  15.5290    0.08530000   0.00017761  25573.196    53.246138   0.339326   1.969354      92.336 0   0.327686   0.251722   0.090711   0.060966   0.059204   -19.0925   -20.8936   -21.6346   -22.0227   -22.3611     1.8010     2.5420     0.3882
201.072984  -1.792454  19.5222  17.7835  16.9758  16.6151  16.3748    0.08400000   0.00012794  25181.787    38.355447   0.351309   2.038900    -299.073 0   0.228888   0.167459   0.074868   0.033014   0.036685   -18.5252   -20.2025   -20.9176   -21.2365   -21.4804     1.6773     2.3924     0.3188
200.531252  -1.390742  18.3503  16.6481  15.7957  15.3449  15.0768    0.08400000   0.00013917  25184.275    41.722116   0.356360   2.068213    -296.585 0   0.395878   0.340942   0.145102   0.077340   0.045079   -19.8641   -21.5114   -22.1680   -22.5510   -22.7868     1.6473     2.3038     0.3830
200.989902  -1.938673  18.5518  17.2844  16.6391  16.2621  16.0473    0.08490000   0.00014578  25457.116    43.703745   0.359832   2.088362     -23.744 0   0.236138   0.218294   0.120282   0.021064  -0.058599   -19.5050   -20.7545   -21.3018   -21.5796   -21.7147     1.2496     1.7968     0.2778
200.780153  -2.038729  18.9368  17.8485  17.5157  17.3111  17.2060    0.07650000   0.00007215  22921.022    21.630026   0.361453   2.097773   -2559.838 1   0.102793   0.013892   0.048306  -0.015422  -0.014339   -18.7595   -19.7589   -20.1261   -20.2670   -20.3732     0.9994     1.3666     0.1409
200.840460  -1.321497  19.7938  17.6991  16.9554  16.5259  16.1819    0.08550000   0.00017259  25633.185    51.741180   0.371759   2.157586     152.325 0   0.059905   0.058629   0.021067   0.016392   0.015581   -18.1232   -20.2167   -20.9228   -21.3476   -21.6908     2.0934     2.7996     0.4248
200.358102  -1.690444  19.2118  17.3330  16.4334  16.0042  15.6833    0.08120000   0.00018277  24328.608    54.793068   0.382080   2.217484   -1152.252 1   0.334681   0.257376   0.093010   0.062757   0.059850   -18.8436   -20.6450   -21.3803   -21.7792   -22.0972     1.8015     2.5367     0.3989
200.592712  -2.035993  20.1593  18.2477  17.3553  16.9607  16.6423    0.08330000   0.00015657  24964.617    46.938505   0.385779   2.238949    -516.243 1   0.296778   0.227734   0.081847   0.053215   0.055623   -17.9378   -19.7804   -20.5269   -20.8928   -21.2137     1.8426     2.5891     0.3660
200.511875  -1.336724  19.0432  17.1150  16.2522  15.8567  15.5383    0.08340000   0.00016721  24996.905    50.128297   0.411790   2.389912    -483.955 0   0.241755   0.187504   0.068206   0.040895   0.047803   -18.9803   -20.8543   -21.5978   -21.9660   -22.2913     1.8739     2.6175     0.3682
201.119005  -1.454053  19.1071  17.6846  17.0125  16.6086  16.3673    0.08020000   0.00015645  24057.026    46.902530   0.440682   2.557591   -1423.834 1   0.239740   0.178312   0.097064   0.026665   0.001084   -18.8475   -20.2085   -20.7994   -21.1329   -21.3486     1.3611     1.9519     0.3335
200.887863  -1.264028  18.9455  17.7774  17.2587  16.9254  16.7035    0.08540000   0.00005632  25602.396    16.884311   0.440905   2.558889     121.536 0   0.182332   0.118380   0.093355  -0.016774  -0.099082   -19.0914   -20.1956   -20.6892   -20.9124   -21.0520     1.1041     1.5978     0.2232
201.171614  -1.562601  19.0606  17.6010  17.1787  16.8836  16.6807    0.08440000   0.00009765  25315.914    29.274734   0.446800   2.593103    -164.946 0   0.155864   0.053939   0.071986  -0.015044  -0.076567   -18.9030   -20.2607   -20.7010   -20.9091   -21.0505     1.3577     1.7980     0.2081
200.406530  -1.361362  19.1598  17.2790  16.3660  15.9457  15.6748    0.08570000   0.00016119  25678.633    48.323546   0.460910   2.674989     197.773 0   0.324967   0.249760   0.090326   0.060289   0.058723   -19.0062   -20.8118   -21.5654   -21.9556   -22.2250     1.8056     2.5592     0.3903
200.551803  -1.254895  18.6775  16.8575  15.9396  15.4958  15.1398    0.08550000   0.00015002  25644.247    44.974865   0.464478   2.695697     163.387 0   0.471985   0.395085   0.155563   0.095708   0.063774   -19.6516   -21.3947   -22.0731   -22.4570   -22.7811     1.7431     2.4215     0.3839
200.906603  -1.216144  18.7176  16.7877  15.8468  15.4100  15.0861    0.08270000   0.00017567  24796.404    52.664541   0.492300   2.857172    -684.456 1   0.437158   0.344859   0.128327   0.089550   0.066802   -19.4802   -21.3178   -22.0421   -22.4402   -22.7413     1.8376     2.5620     0.3980
200.759857  -1.186558  19.8697  18.4075  17.7312  17.3206  17.0585    0.08530000   0.00008160  25577.453    24.463065   0.493323   2.863109      96.593 0   0.239952   0.177102   0.094998   0.027218   0.006899   -18.2011   -19.6005   -20.1947   -20.5375   -20.7793     1.3994     1.9935     0.3428
200.679529  -2.169422  19.1788  17.5454  16.8059  16.4091  16.1033    0.07620000   0.00015727  22849.132    47.148360   0.493670   2.865122   -2631.728 1   0.166376   0.117721   0.055378   0.024862   0.029472   -18.5725   -20.1573   -20.8344   -21.2007   -21.5111     1.5847     2.2619     0.3663
201.192041  -1.427973  19.3630  17.5272  16.6210  16.2226  15.9251    0.08260000   0.00015521  24758.810    46.530787   0.516968   3.000335    -722.050 1   0.322848   0.249038   0.091922   0.059791   0.057446   -18.7206   -20.4826   -21.2317   -21.5980   -21.8931     1.7620     2.5111     0.3663
200.264060  -1.455716  18.5248  17.1193  16.5479  16.1602  15.9479    0.08520000   0.00018109  25542.977    54.289416   0.525908   3.052222      62.117 0   0.202137   0.137453   0.090957   0.006672  -0.052248   -19.5056   -20.8465   -21.3714   -21.6748   -21.8282     1.3408     1.8657     0.3034
201.299442  -1.719033  19.2199  17.3913  16.5066  16.0924  15.7929    0.08430000   0.00014824  25284.706    44.441234   0.560410   3.252459    -196.154 0   0.318927   0.246989   0.093589   0.058723   0.055539   -18.9042   -20.6608   -21.3921   -21.7715   -22.0678     1.7567     2.4880     0.3793
200.616452  -1.132108  18.4742  17.4571  16.8432  16.5129  16.3418    0.08540000   0.00015306  25596.190    45.886234   0.561181   3.256938     115.330 0   0.166617   0.259312   0.134131   0.003157  -0.095448   -19.5470   -20.6568   -21.1455   -21.3448   -21.4173     1.1098     1.5985     0.1993
200.631960  -1.124498  18.9037  17.4104  16.6381  16.2691  16.0008    0.08390000   0.00014986  25154.536    44.926898   0.565437   3.281637    -326.324 0   0.278423   0.220545   0.108369   0.042948   0.018982   -19.1695   -20.6049   -21.2651   -21.5686   -21.8130     1.4354     2.0955     0.3036
201.251562  -1.397963  17.9914  16.0095  15.0209  14.5542  14.2281    0.08660000   0.00020601  25973.719    61.760244   0.583554   3.386782     492.859 1   0.550008   0.453033   0.171318   0.107237   0.074975   -20.4224   -22.3074   -23.0142   -23.4169   -23.7107     1.8849     2.5918     0.4026
201.033063  -1.166323  17.6481  16.6485  16.2538  15.9643  15.8482    0.08300000   0.00008455  24897.224    25.347452   0.590798   3.428822    -583.636 1   0.162385   0.081509   0.094519  -0.075002  -0.059621   -20.2856   -21.2043   -21.6120   -21.7320   -21.8635     0.9187     1.3264     0.1200
200.184727  -1.472674  20.5258  18.5356  17.6068  17.0804  16.7560    0.08890000   0.00016095  26642.766    48.251596   0.592491   3.438652    1161.906 1   0.562108   0.487787   0.185694   0.106199   0.075245   -17.9572   -19.8731   -20.4998   -20.9467   -21.2402     1.9159     2.5426     0.4469
201.330181  -1.793166  19.1504  17.9347  17.3989  17.0498  16.8846    0.08730000   0.00010748  26176.229    32.221693   0.600595   3.485681     695.369 1   0.181859   0.105860   0.085639  -0.010376  -0.087489   -18.9340   -20.0737   -20.5893   -20.8424   -20.9304     1.1397     1.6553     0.2531
201.274012  -1.395204  19.0071  17.4942  16.6769  16.2392  15.9863    0.08300000   0.00018271  24881.455    54.775080   0.604599   3.508924    -599.405 1   0.353609   0.311921   0.141139   0.063943   0.026117   -19.1178   -20.5890   -21.2355   -21.5960   -21.8111     1.4712     2.1177     0.3605
201.234922  -1.323746  20.0142  18.3719  17.5938  17.2381  17.0242    0.08610000   0.00016229  25803.077    48.653318   0.609183   3.535527     322.217 0   0.219667   0.156013   0.075146   0.028859   0.030440   -18.0567   -19.6353   -20.3325   -20.6420   -20.8574     1.5786     2.2759     0.3094
