207.436874  38.796942  19.6999  17.9309  17.0917  16.5557  16.1446    0.05500000   0.00018303  16477.703    54.871014   0.026960   0.115571   -2031.783 1   0.477022   0.412171   0.164703   0.095112   0.061331   -17.6726   -19.3767   -19.9685   -20.4349   -20.8122     1.7041     2.2959     0.4664
207.411984  38.735170  18.7911  17.6082  17.1271  16.7724  16.5551    0.06160000   0.00009354  18480.077    28.042587   0.038046   0.163096     -29.410 0   0.180433   0.111593   0.091680  -0.020450  -0.099082   -18.5106   -19.6246   -20.0858   -20.3284   -20.4670     1.1141     1.5752     0.2426
207.461177  38.819451  18.9486  17.2604  16.4158  15.9620  15.6380    0.05540000   0.00010587  16613.209    31.739028   0.054625   0.234165   -1896.277 1   0.399549   0.343636   0.145567   0.078395   0.046285   -18.3368   -19.9691   -20.6156   -21.0023   -21.2941     1.6323     2.2788     0.3866
207.492479  38.723929  18.8657  17.5072  16.8011  16.3713  16.1342    0.06170000   0.00017439  18509.546    52.280807   0.067370   0.288802       0.060 0   0.284474   0.249407   0.125768   0.040804  -0.010000   -18.5399   -19.8633   -20.4458   -20.7906   -20.9769     1.3234     1.9059     0.3448
207.447558  38.849028  17.8972  16.7962  16.4550  16.1741  16.1295    0.05520000   0.00007854  16548.484    23.545700   0.079694   0.341628   -1961.002 1   0.165867   0.037281   0.082224  -0.059569  -0.038352   -19.1466   -20.1190   -20.5052   -20.6443   -20.7101     0.9724     1.3586     0.1391
207.495369  38.695675  18.7712  16.9583  16.1172  15.7023  15.4048    0.06180000   0.00018488  18534.519    55.425630   0.090519   0.388037      25.033 0   0.260410   0.198994   0.076568   0.043690   0.048168   -18.6388   -20.3903   -21.1090   -21.4910   -21.7930     1.7515     2.4702     0.3820
207.515908  38.644849  18.3678  17.1467  16.6253  16.3242  16.1652    0.06160000   0.00019618  18472.132    58.813284   0.142379   0.610346     -37.354 0   0.126000   0.048155   0.054184   0.008034  -0.054770   -18.8794   -20.0227   -20.5501   -20.8051   -20.9013     1.1433     1.6707     0.2549
207.644364  38.751691  17.9303  16.4278  15.7604  15.3967  15.1671    0.04920000   0.00016046  14735.189    48.104698   0.168146   0.720803   -3774.297 1   0.176383   0.107901   0.065083   0.018191   0.011027   -18.8773   -20.3113   -20.9359   -21.2527   -21.4751     1.4340     2.0586     0.3168
207.701725  38.707826  18.9719  17.6148  16.9355  16.4673  16.1744    0.06230000   0.00007673  18668.136    23.003075   0.220892   0.946916     158.650 0   0.292754   0.255471   0.126900   0.043850  -0.003263   -18.4667   -19.7865   -20.3373   -20.7224   -20.9682     1.3198     1.8705     0.3851
207.158903  38.699447  19.4353  17.9557  17.2770  16.8954  16.5845    0.06420000   0.00009903  19238.941    29.688447   0.223030   0.956082     729.455 1   0.007951   0.005898   0.002162   0.001728   0.001665   -17.8018   -19.2793   -19.9543   -20.3354   -20.6463     1.4775     2.1525     0.3812
207.566552  38.571466  19.6037  18.7601  18.4296  18.1556  18.0302    0.07500000   0.00006776  22472.083    20.313937   0.225710   0.967569    3962.597 1   0.162757   0.030049   0.082303  -0.061615  -0.025909   -18.1306   -18.8415   -19.2243   -19.3544   -19.5155     0.7109     1.0936     0.1301
207.169079  38.531062  19.0340  18.0136  17.6900  17.4381  17.2914    0.06120000   0.00009081  18346.129    27.224153   0.314225   1.347013    -163.357 0   0.147229   0.023849   0.077257  -0.042708  -0.023041   -18.2378   -19.1349   -19.5119   -19.6438   -19.8102     0.8970     1.2740     0.1319
207.041482  38.899577  20.0731  18.3983  17.5839  17.2007  16.9325    0.07490000   0.00017060  22459.612    51.144593   0.329301   1.411640    3950.125 1   0.254007   0.190725   0.082237   0.039348   0.040869   -17.7253   -19.3368   -20.0427   -20.3830   -20.6528     1.6115     2.3174     0.3403
207.425796  39.107610  18.8449  17.8141  17.4880  17.2670  17.1781    0.06210000   0.00009449  18629.463    28.327389   0.337114   1.445134     119.977 0   0.120403   0.015717   0.062438  -0.026015  -0.012985   -18.4144   -19.3405   -19.7133   -19.8458   -19.9478     0.9261     1.2989     0.1325
207.040044  38.924471  19.6840  17.7109  16.7949  16.3442  16.0053    0.06490000   0.00017724  19444.029    53.135215   0.340830   1.461064     934.543 1   0.451878   0.365202   0.140036   0.093138   0.065351   -18.0029   -19.8893   -20.5801   -20.9839   -21.2951     1.8864     2.5773     0.4038
207.228742  39.078513  19.3688  17.9695  17.4311  17.1366  16.9352    0.06510000   0.00023198  19508.724    69.545854   0.345687   1.481883     999.238 1   0.118591   0.048536   0.048113   0.011378  -0.039894   -17.9915   -19.3208   -19.8587   -20.1165   -20.2666     1.3292     1.8672     0.2578
207.833797  38.521623  18.8982  16.9842  16.1071  15.6719  15.3688    0.06110000   0.00019099  18330.390    57.257362   0.401290   1.720241    -179.096 1   0.287857   0.220933   0.079431   0.050997   0.054478   -18.5144   -20.3615   -21.0971   -21.5038   -21.8104     1.8471     2.5827     0.4068
207.903510  38.949283  18.8469  17.1728  16.4375  16.1076  15.8429    0.06230000   0.00015060  18662.410    45.148744   0.410145   1.758202     152.924 0   0.068933   0.048203   0.021036   0.013193   0.013684   -18.3679   -20.0213   -20.7294   -21.0515   -21.3166     1.6534     2.3615     0.3221
207.909976  38.552012  18.1464  16.6607  15.8327  15.3897  15.1165    0.06140000   0.00013630  18407.077    40.861712   0.433301   1.857465    -102.409 0   0.382326   0.355255   0.156219   0.072431   0.028521   -19.3501   -20.8087   -21.4377   -21.7969   -22.0262     1.4586     2.0876     0.3592
207.045190  38.406490  18.8474  16.9544  16.0896  15.6997  15.3962    0.06970000   0.00017677  20890.528    52.994313   0.471752   2.022296    2381.042 1   0.263053   0.201862   0.075308   0.044825   0.049790   -18.8062   -20.6380   -21.3763   -21.7357   -22.0442     1.8318     2.5701     0.3594
206.896818  39.016613  18.3445  17.0558  16.5852  16.2655  16.0579    0.05380000   0.00008807  16122.688    26.402722   0.483123   2.071041   -2386.798 1   0.166357   0.072553   0.075033  -0.011675  -0.083451   -18.6692   -19.8641   -20.3372   -20.5702   -20.7060     1.1949     1.6680     0.2330
207.985823  38.542458  19.7153  17.9469  17.1056  16.6969  16.4151    0.06950000   0.00015814  20835.216    47.409179   0.489660   2.099064    2325.730 1   0.266346   0.203047   0.080388   0.044459   0.047480   -17.9566   -19.6617   -20.3804   -20.7531   -21.0380     1.7051     2.4237     0.3728
208.060967  38.799038  18.4769  17.1850  16.6745  16.4008  16.2362    0.06170000   0.00016316  18487.571    48.914137   0.492724   2.112199     -21.915 0   0.100582   0.035358   0.039225   0.009959  -0.044041   -18.7448   -19.9714   -20.4858   -20.7302   -20.8408     1.2267     1.7410     0.2444
207.994552  39.001734  18.3968  16.6528  15.8013  15.4121  15.0855    0.06100000   0.00014918  18283.263    44.723039   0.497158   2.131206    -226.223 1   0.289079   0.222399   0.087866   0.050224   0.049960   -19.0097   -20.6871   -21.4040   -21.7556   -22.0819     1.6773     2.3943     0.3516
208.030377  38.980890  18.1229  16.9239  16.4090  16.1233  15.9312    0.06320000   0.00019893  18959.744    59.637714   0.513155   2.199780     450.258 1   0.130278   0.049806   0.056859   0.007028  -0.057826   -19.1845   -20.3030   -20.8250   -21.0609   -21.1881     1.1185     1.6405     0.2359
208.086310  38.813827  17.7357  16.8968  16.8189  16.6254  16.6071    0.04950000   0.00008023  14826.626    24.052349   0.513487   2.201203   -3682.860 1   0.109984   0.013437   0.054495  -0.021238  -0.010052   -19.0401   -19.7824   -19.9014   -20.0192   -20.0486     0.7424     0.8613     0.1178
207.658188  38.285564  19.1542  17.3702  16.5194  16.0436  15.6659    0.05500000   0.00018256  16489.814    54.730111   0.516538   2.214283   -2019.672 1   0.413031   0.343058   0.138872   0.083894   0.055915   -18.1543   -19.8683   -20.5149   -20.9358   -21.2855     1.7140     2.3606     0.4208
208.063618  38.935075  18.1151  16.2234  15.3514  14.9650  14.6655    0.06160000   0.00017861  18460.620    53.545931   0.520656   2.231934     -48.866 0   0.250560   0.192134   0.072491   0.041889   0.047724   -19.2567   -21.0900   -21.8423   -22.1981   -22.5035     1.8333     2.5856     0.3558
208.074264  38.910948  19.3604  17.5640  16.7216  16.3850  16.1007    0.06320000   0.00016029  18941.517    48.053733   0.521529   2.235679     432.031 1   0.146230   0.116027   0.046748   0.026631   0.031222   -17.9630   -19.7292   -20.5023   -20.8188   -21.1077     1.7662     2.5393     0.3165
206.727527  38.733378  18.9256  17.6095  17.0200  16.6535  16.4443    0.06180000   0.00008381  18519.439    25.125606   0.548989   2.353395       9.953 0   0.196361   0.127412   0.087396   0.004697  -0.053942   -18.4204   -19.6675   -20.2170   -20.5008   -20.6513     1.2472     1.7966     0.2838
208.105446  38.585481  17.6760  16.7388  16.1229  15.7168  15.5066    0.06750000   0.00125223  20246.843   375.409110   0.558139   2.392618    1737.357 1   0.166635   0.301811   0.145658  -0.001994  -0.090664   -19.8326   -20.9049   -21.3647   -21.6231   -21.7447     1.0724     1.5321     0.2584
207.753847  38.228507  19.0661  17.9738  17.5328  17.2793  17.1728    0.05540000   0.00010567  16612.160    31.679069   0.597913   2.563120   -1897.327 1   0.102331   0.026554   0.043516   0.002036  -0.046424   -17.9221   -18.9386   -19.3966   -19.6086   -19.6666     1.0165     1.4745     0.2120
206.733595  38.470631  18.9825  17.7682  17.2293  16.9006  16.7635    0.05460000   0.00007830  16356.347    23.473749   0.620305   2.659111   -2153.139 1   0.173073   0.086910   0.077469  -0.006775  -0.079940   -18.0488   -19.1769   -19.7064   -19.9509   -20.0148     1.1281     1.6576     0.2445
208.013587  38.335331  18.0944  16.1790  15.3267  14.9075  14.5966    0.06120000   0.00017318  18338.185    51.918058   0.629578   2.698861    -171.301 0   0.224472   0.175876   0.063864   0.038023   0.045417   -19.2547   -21.1215   -21.8618   -22.2551   -22.5734     1.8668     2.6071     0.3934
206.705792  39.083702  17.2422  15.9974  15.6293  15.3732  15.2410    0.06140000   0.00007702  18418.799    23.090015   0.645717   2.768043     -90.687 0   0.145572   0.034422   0.072092  -0.024675  -0.051319   -20.0175   -21.1512   -21.5569   -21.7163   -21.8218     1.1336     1.5394     0.1593
206.865391  39.251568  18.4593  16.8894  16.1700  15.7934  15.5464    0.06140000   0.00010280  18417.960    30.818665   0.652097   2.795395     -91.527 0   0.186545   0.122058   0.065946   0.021711   0.021549   -18.8414   -20.3468   -21.0101   -21.3425   -21.5893     1.5054     2.1687     0.3324
206.683449  39.099953  18.9584  17.7996  17.4721  17.2491  17.0558    0.04860000   0.00011367  14571.982    34.077409   0.668857   2.867239   -3937.504 1   0.130143   0.020080   0.068065  -0.028508  -0.021665   -17.7716   -18.8203   -19.1958   -19.3222   -19.5224     1.0487     1.4242     0.1264
208.289088  38.595198  19.0872  17.8382  17.2889  16.9937  16.7981    0.04970000   0.00016080  14907.720    48.206627   0.692320   2.967820   -3601.767 1   0.110972   0.045415   0.043281   0.011882  -0.034439   -17.6984   -18.8818   -19.4290   -19.6928   -19.8421     1.1834     1.7306     0.2638
208.329188  38.569098  18.4852  16.7463  15.9141  15.5174  15.2432    0.06160000   0.00016857  18463.378    50.536015   0.729380   3.126691     -46.108 0   0.259520   0.196282   0.081852   0.041590   0.043690   -18.8956   -20.5712   -21.2890   -21.6454   -21.9217     1.6757     2.3934     0.3564
207.606781  39.498968  18.7640  17.4440  16.8229  16.4801  16.2251    0.05620000   0.00017705  16838.143    53.078255   0.741372   3.178098   -1671.343 1   0.179408   0.102853   0.071790   0.011327  -0.020950   -18.3366   -19.5801   -20.1701   -20.4524   -20.6752     1.2434     1.8335     0.2823
208.366647  38.604992  18.6274  17.3096  16.6103  16.2310  15.9804    0.06210000   0.00009778  18605.480    29.313707   0.748748   3.209718      95.994 0   0.259443   0.231557   0.122355   0.031196  -0.032947   -18.7709   -20.0608   -20.6509   -20.9390   -21.1255     1.2899     1.8800     0.2881
208.427021  38.768654  17.7120  16.4689  15.9236  15.5713  15.3855    0.06250000   0.00008681  18736.459    26.024983   0.777298   3.332104     226.973 1   0.189387   0.125162   0.091868  -0.006199  -0.086182   -19.6515   -20.8304   -21.3424   -21.5966   -21.7025     1.1789     1.6909     0.2542
206.510527  38.463509  20.1518  18.1465  17.2576  16.7201  16.4011    0.06110000   0.00011816  18315.580    35.423477   0.779886   3.343199    -193.906 1   0.521722   0.443438   0.171728   0.102244   0.069695   -17.4947   -19.4217   -20.0389   -20.5069   -20.7933     1.9270     2.5442     0.4680
208.227708  39.248211  18.1410  16.6935  15.9531  15.6116  15.3200    0.05230000   0.00009198  15680.794    27.574910   0.784190   3.361649   -2828.692 1   0.083511   0.057280   0.026349   0.015209   0.016038   -18.7239   -20.1452   -20.8547   -21.1850   -21.4775     1.4213     2.1307     0.3304
208.351836  39.123768  19.1182  17.3623  16.5070  16.1417  15.8569    0.05220000   0.00016004  15658.160    47.978785   0.800803   3.432864   -2851.326 1   0.269007   0.204991   0.083323   0.044566   0.046207   -17.9324   -19.6243   -20.3579   -20.6844   -20.9709     1.6919     2.4255     0.3265
208.448471  38.596326  18.5386  17.1435  16.6088  16.2907  16.1118    0.06680000   0.00013973  20013.515    41.890000   0.812901   3.484723    1504.029 1   0.153841   0.069068   0.066014   0.004795  -0.058799   -18.9344   -20.2448   -20.7764   -21.0333   -21.1486     1.3103     1.8420     0.2569
207.256897  37.957522  19.4340  18.0664  17.4558  17.0606  16.8370    0.07420000   0.00008051  22233.838    24.136291   0.824123   3.532832    3724.352 1   0.214210   0.152572   0.094146   0.013392  -0.035336   -18.3284   -19.6344   -20.1866   -20.5010   -20.6759     1.3060     1.8581     0.3144
