239.122618  27.576831  18.6006  16.6601  15.7128  15.2972  14.9450    0.08860000   0.00015744  26564.160    47.199325   0.015780   0.093946      58.010 0   0.425364   0.332876   0.122502   0.086359   0.066713   -19.7595   -21.6075   -22.3444   -22.7239   -23.0564     1.8480     2.5849     0.3795
239.131275  27.574635  20.4679  18.6434  17.7064  17.2949  16.9811    0.08850000   0.00016329  26526.086    48.953110   0.023049   0.137219      19.936 0   0.400689   0.317690   0.120370   0.081071   0.062369   -17.8413   -19.5828   -20.3225   -20.6947   -20.9898     1.7415     2.4812     0.3722
239.157602  27.589811  19.9311  17.9048  16.9924  16.5724  16.2606    0.08990000   0.00014422  26942.978    43.236068   0.042047   0.250317     436.828 0   0.368175   0.284214   0.102812   0.071378   0.063118   -18.3798   -20.3222   -21.0532   -21.4417   -21.7453     1.9423     2.6733     0.3886
239.166033  27.553111  19.9393  18.0511  17.1112  16.7224  16.3797    0.08980000   0.00017318  26933.055    51.918058   0.060628   0.360939     426.904 0   0.356703   0.275246   0.099773   0.068482   0.061905   -18.3603   -20.1670   -20.9315   -21.2890   -21.6251     1.8067     2.5712     0.3575
239.132956  27.529988  20.0056  18.1242  17.2374  16.7995  16.5334    0.08600000   0.00014865  25794.833    44.564149   0.061549   0.366422    -711.318 0   0.322348   0.247542   0.089236   0.059607   0.058582   -18.1839   -19.9905   -20.7190   -21.1273   -21.3923     1.8066     2.5351     0.4083
239.178952  27.556798  18.6572  16.8131  15.8669  15.4465  15.1018    0.08880000   0.00016219  26614.585    48.623339   0.068523   0.407937     108.435 0   0.450667   0.363642   0.139214   0.092911   0.065409   -19.7120   -21.4690   -22.1908   -22.5649   -22.8821     1.7571     2.4788     0.3741
239.030123  27.592683  19.4969  17.7666  16.8449  16.3933  16.0594    0.09120000   0.00014709  27355.042    44.096473   0.071117   0.423380     848.892 0   0.470459   0.407443   0.163643   0.093875   0.059964   -18.9502   -20.6174   -21.2953   -21.6772   -21.9772     1.6673     2.3452     0.3818
239.159132  27.644852  20.2408  18.3029  17.3864  16.9962  16.6582    0.09040000   0.00015679  27087.808    47.004459   0.071395   0.425039     581.657 0   0.346937   0.267185   0.096584   0.065923   0.061099   -18.0610   -19.9191   -20.6650   -21.0246   -21.3577     1.8581     2.6040     0.3595
239.218401  27.597543  18.6968  16.8758  16.0038  15.6118  15.3117    0.09010000   0.00014878  27023.592    44.603122   0.096359   0.573657     517.442 0   0.287682   0.221017   0.084851   0.050338   0.051475   -19.5622   -21.3165   -22.0524   -22.4098   -22.7111     1.7543     2.4902     0.3575
239.120759  27.488362  20.2795  18.3456  17.4474  17.0413  16.7665    0.08600000   0.00013557  25776.425    40.642864   0.100215   0.596612    -729.725 0   0.311675   0.239777   0.088087   0.056869   0.056454   -17.8993   -19.7613   -20.5078   -20.8827   -21.1571     1.8620     2.6085     0.3749
239.195724  27.520556  19.1987  17.3093  16.3724  15.9567  15.6172    0.08730000   0.00016893  26162.978    50.643940   0.101554   0.604585    -343.172 0   0.415942   0.326153   0.120597   0.084251   0.065571   -19.1198   -20.9194   -21.6507   -22.0301   -22.3509     1.7996     2.5310     0.3794
239.230771  27.562565  18.7886  16.7950  15.8496  15.4180  15.0721    0.08740000   0.00018520  26210.615    55.521563   0.109880   0.654151    -295.535 0   0.430385   0.337991   0.125015   0.087726   0.066740   -19.5256   -21.4269   -22.1593   -22.5536   -22.8785     1.9012     2.6336     0.3943
239.178936  27.685911  19.7154  17.8361  16.9388  16.5212  16.1776    0.08780000   0.00015115  26332.840    45.313630   0.115199   0.685815    -173.310 0   0.338222   0.259961   0.093652   0.063630   0.060401   -18.5378   -20.3388   -21.0698   -21.4574   -21.7978     1.8010     2.5320     0.3876
239.077858  27.707688  19.5976  17.5211  16.5667  16.1417  15.7910    0.08800000   0.00016053  26392.319    48.125683   0.122937   0.731882    -113.831 0   0.444204   0.348601   0.128623   0.090900   0.068049   -18.7428   -20.7237   -21.4581   -21.8454   -22.1732     1.9809     2.7153     0.3873
239.204084  27.490498  18.5227  17.2478  16.5706  16.2131  15.9386    0.08640000   0.00014891  25893.224    44.642095   0.128288   0.763737    -612.926 0   0.248335   0.222727   0.120419   0.026694  -0.043547   -19.6056   -20.8549   -21.4298   -21.6935   -21.8978     1.2493     1.8242     0.2638
239.180176  27.709148  19.6148  17.6475  16.7169  16.3044  15.9873    0.08710000   0.00017421  26104.578    52.226844   0.135977   0.809514    -401.572 0   0.361282   0.278845   0.101012   0.069642   0.062389   -18.6229   -20.5077   -21.2605   -21.6416   -21.9515     1.8849     2.6376     0.3811
239.252156  27.517485  19.1043  17.4650  16.6430  16.1607  15.7763    0.08220000   0.00011082  24657.180    33.223000   0.144297   0.859048   -1848.970 1   0.413408   0.354498   0.147889   0.082110   0.050107   -19.0565   -20.6369   -21.2523   -21.6688   -22.0212     1.5804     2.1958     0.4165
239.085928  27.735484  20.4862  18.6090  17.5192  16.9493  16.5212    0.08950000   0.00017757  26826.029    53.234147   0.148907   0.886493     319.879 0   0.841615   0.669804   0.227969   0.135835   0.110686   -18.3122   -20.0176   -20.6655   -21.1433   -21.5462     1.7054     2.3534     0.4778
239.282122  27.498953  19.9961  18.1634  17.2322  16.8443  16.5305    0.08940000   0.00016049  26792.542    48.113692   0.176557   1.051101     286.392 0   0.349189   0.268697   0.096795   0.066453   0.061518   -18.2837   -20.0359   -20.7952   -21.1527   -21.4616     1.7522     2.5115     0.3576
239.224100  27.436090  19.7570  18.1532  17.3689  16.9492  16.6579    0.08830000   0.00010780  26476.621    32.317627   0.182510   1.086539     -29.530 0   0.333728   0.276986   0.124451   0.060831   0.034533   -18.5041   -20.0511   -20.6829   -21.0390   -21.3040     1.5471     2.1788     0.3561
239.311028  27.652430  19.4638  18.2309  17.6848  17.3559  17.1573    0.08920000   0.00018609  26729.526    55.788379   0.189249   1.126660     223.375 0   0.180607   0.101403   0.081376  -0.003969  -0.075484   -18.6662   -19.8199   -20.3460   -20.5896   -20.7166     1.1537     1.6798     0.2436
239.274071  27.460419  19.9204  18.0634  17.3278  16.9938  16.7432    0.08710000   0.00013851  26106.617    41.524253   0.193409   1.151425    -399.533 0   0.063938   0.043881   0.019122   0.012073   0.012452   -18.0199   -19.8569   -20.5677   -20.8946   -21.1456     1.8369     2.5478     0.3270
239.305191  27.482802  20.2291  18.3159  17.4115  17.0221  16.6724    0.08770000   0.00016975  26278.248    50.889770   0.202394   1.204913    -227.902 0   0.324373   0.249231   0.090023   0.060132   0.058716   -18.0078   -19.8458   -20.5910   -20.9505   -21.2988     1.8381     2.5832     0.3595
239.318155  27.678017  19.6908  17.7284  16.8241  16.3870  16.0407    0.09030000   0.00015508  27070.629    46.491814   0.205058   1.220773     564.479 0   0.351541   0.271062   0.098204   0.067145   0.061429   -18.6157   -20.4977   -21.2291   -21.6351   -21.9757     1.8819     2.6134     0.4060
239.004074  27.394126  19.9731  17.9931  17.0676  16.6521  16.3083    0.08920000   0.00015078  26751.710    45.202707   0.215611   1.283600     245.560 0   0.401976   0.313110   0.114666   0.080399   0.065164   -18.3783   -20.2694   -20.9965   -21.3777   -21.7063     1.8911     2.6182     0.3812
239.266779  27.421208  19.9958  18.1461  17.1854  16.7330  16.3619    0.09130000   0.00015555  27363.047    46.632717   0.217083   1.292362     856.897 1   0.523979   0.431381   0.164556   0.104352   0.071839   -18.5283   -20.2854   -20.9793   -21.3715   -21.7101     1.7571     2.4510     0.3922
239.290746  27.430536  20.3179  18.3577  17.4009  16.9760  16.6469    0.09100000   0.00014919  27294.365    44.726037   0.224599   1.337110     788.214 0   0.446988   0.351968   0.130465   0.091631   0.067929   -18.1220   -19.9872   -20.7225   -21.1086   -21.4140     1.8652     2.6005     0.3861
239.330109  27.700903  19.1554  17.1842  16.2687  15.8430  15.5401    0.08810000   0.00017347  26402.092    52.004998   0.225176   1.340545    -104.058 0   0.367239   0.283434   0.102504   0.071131   0.063051   -19.1342   -21.0216   -21.7562   -22.1505   -22.4454     1.8874     2.6220     0.3943
239.298354  27.748628  18.2317  16.9206  16.2902  15.8830  15.6064    0.08830000   0.00008824  26479.349    26.453686   0.231443   1.377855     -26.801 0   0.242622   0.206447   0.114576   0.024902  -0.040512   -19.9383   -21.2132   -21.7517   -22.0692   -22.2804     1.2749     1.8135     0.3175
239.369413  27.631609  19.6277  18.2536  17.5540  17.1577  16.8660    0.09020000   0.00016915  27041.729    50.709894   0.233818   1.391992     535.579 0   0.280352   0.245084   0.124586   0.039403  -0.012367   -18.6052   -19.9441   -20.5232   -20.8343   -21.0742     1.3388     1.9179     0.3111
239.256537  27.784695  19.8191  18.1287  17.3625  17.0011  16.7293    0.09010000   0.00013016  27020.864    39.020986   0.235492   1.401957     514.714 0   0.110665   0.083198   0.036620   0.020643   0.023022   -18.2629   -19.9258   -20.6454   -20.9908   -21.2650     1.6629     2.3826     0.3454
239.376372  27.630016  19.6166  17.8064  16.9463  16.5394  16.1994    0.08960000   0.00013414  26872.586    40.214160   0.239597   1.426395     366.436 0   0.241872   0.187755   0.068061   0.040983   0.047932   -18.5845   -20.3405   -21.0809   -21.4608   -21.8077     1.7561     2.4965     0.3798
239.339229  27.451900  20.0427  18.2455  17.2938  16.8887  16.5069    0.09470000   0.00013545  28397.541    40.606888   0.244470   1.455407    1891.391 1   0.432990   0.343272   0.128796   0.088800   0.065783   -18.4489   -20.1564   -20.8936   -21.2587   -21.6175     1.7075     2.4447     0.3651
239.352861  27.471592  19.4877  17.5587  16.5528  16.1343  15.7245    0.09860000   0.00015464  29566.791    46.359906   0.244620   1.456300    3060.641 1   0.531186   0.421860   0.156771   0.106890   0.074783   -19.1877   -21.0074   -21.7482   -22.1168   -22.4945     1.8197     2.5605     0.3686
239.286942  27.387515  19.4708  17.5995  16.6728  16.2534  15.8723    0.09330000   0.00015090  27965.660    45.238682   0.254535   1.515329    1459.510 1   0.421857   0.336393   0.127738   0.086413   0.063848   -18.9959   -20.7817   -21.4998   -21.8779   -22.2364     1.7858     2.5039     0.3781
239.345957  27.740626  19.7524  17.8696  16.9903  16.5859  16.3039    0.09140000   0.00014730  27395.335    44.159429   0.258676   1.539979     889.184 1   0.278544   0.213712   0.079298   0.048480   0.052006   -18.5261   -20.3441   -21.0890   -21.4626   -21.7481     1.8180     2.5629     0.3736
239.182844  27.327423  19.6137  18.2474  17.6001  17.2632  16.9417    0.08690000   0.00016636  26045.309    49.873473   0.268549   1.598755    -460.841 0   0.001521   0.000898   0.000351   0.000255   0.000251   -18.2803   -19.6460   -20.2928   -20.6296   -20.9511     1.3657     2.0124     0.3368
239.370317  27.429243  18.7800  17.0985  16.4513  16.1678  15.9168    0.08740000   0.00013002  26206.897    38.979015   0.279996   1.666905    -299.253 0   0.030836   0.015175   0.006901   0.004353   0.002529   -19.1347   -20.8005   -21.4395   -21.7204   -21.9696     1.6658     2.3048     0.2810
239.374307  27.746768  19.8554  18.0210  17.2037  16.7904  16.5483    0.08800000   0.00015165  26367.316    45.463526   0.282765   1.683391    -138.834 0   0.250515   0.189395   0.076963   0.040244   0.044377   -18.2913   -20.0645   -20.7694   -21.1460   -21.3922     1.7733     2.4781     0.3766
239.415095  27.673545  19.4841  18.0737  17.3665  16.9729  16.7169    0.08950000   0.00020784  26826.239    62.308864   0.283404   1.687193     320.088 0   0.267642   0.220286   0.114880   0.036074  -0.006953   -18.7403   -20.1033   -20.7051   -21.0199   -21.2329     1.3630     1.9648     0.3148
239.266504  27.340680  19.8909  18.0965  17.2364  16.8442  16.5130    0.08830000   0.00014255  26475.062    42.735415   0.283597   1.688343     -31.088 0   0.222352   0.174517   0.063314   0.037714   0.045141   -18.2588   -20.0054   -20.7543   -21.1209   -21.4595     1.7466     2.4955     0.3666
239.376788  27.428086  19.3294  17.7565  17.1553  16.8995  16.7139    0.08770000   0.00013841  26299.203    41.494274   0.285385   1.698985    -206.947 0   0.045138   0.018246   0.010993   0.006185  -0.006213   -18.6282   -20.1742   -20.7682   -21.0192   -21.1924     1.5460     2.1400     0.2510
238.950787  27.839314  20.1083  18.1600  17.2543  16.8631  16.4916    0.08810000   0.00016083  26419.690    48.215621   0.288185   1.715658     -86.460 0   0.330028   0.253720   0.091700   0.061577   0.059324   -18.1441   -20.0161   -20.7598   -21.1209   -21.4901     1.8720     2.6157     0.3611
239.100505  27.295021  20.0392  18.0899  17.1558  16.7417  16.3840    0.09580000   0.00016303  28709.085    48.875164   0.293244   1.745776    2202.935 1   0.412537   0.324766   0.121004   0.083637   0.064702   -18.4782   -20.3398   -21.0701   -21.4468   -21.7856     1.8615     2.5919     0.3767
239.162661  27.298091  19.5531  17.7088  16.8039  16.4229  16.0812    0.08960000   0.00013203  26850.912    39.581598   0.293751   1.748792     344.761 0   0.335476   0.260632   0.097940   0.063275   0.057647   -18.7416   -20.5110   -21.2532   -21.5996   -21.9356     1.7695     2.5117     0.3463
239.189769  27.293381  19.0910  17.2667  16.3733  15.9902  15.6492    0.08730000   0.00015437  26174.790    46.278962   0.303077   1.804312    -331.361 0   0.316562   0.245049   0.092972   0.058086   0.055218   -19.1281   -20.8809   -21.6222   -21.9704   -22.3085     1.7528     2.4941     0.3482
239.435729  27.490241  20.0463  17.9835  17.0207  16.5757  16.2196    0.08740000   0.00015694  26210.285    47.049428   0.304674   1.813820    -295.865 0   0.486558   0.386899   0.144623   0.099793   0.070533   -18.3241   -20.2873   -21.0078   -21.4080   -21.7348     1.9631     2.6837     0.4002
239.441340  27.678702  18.5013  17.0960  16.2810  15.8229  15.5009    0.09010000   0.00020848  27014.238    62.500732   0.307145   1.828530     508.088 0   0.406159   0.388177   0.166553   0.077719   0.033873   -19.8762   -21.2635   -21.8569   -22.2261   -22.5043     1.3873     1.9807     0.3693
239.114080  27.278468  19.8981  17.9975  17.0648  16.6587  16.1594    0.08870000   0.00015277  26592.610    45.799294   0.309690   1.843682      86.460 0   0.443175   0.349084   0.129511   0.090827   0.067537   -18.4823   -20.2888   -21.0019   -21.3693   -21.8453     1.8065     2.5196     0.3674
239.264067  27.303632  18.1143  16.5590  15.7487  15.3232  14.9716    0.09420000   0.00015778  28239.430    47.301254   0.315502   1.878284    1733.280 1   0.379054   0.325561   0.140928   0.072842   0.041000   -20.3330   -21.8348   -22.4605   -22.8179   -23.1376     1.5018     2.1275     0.3574
239.201879  27.283110  19.8958  18.0356  17.1883  16.8083  16.5834    0.08800000   0.00014356  26375.081    43.038205   0.315666   1.879262    -131.069 0   0.264499   0.200739   0.083722   0.042825   0.044085   -18.2648   -20.0613   -20.7916   -21.1307   -21.3568     1.7964     2.5267     0.3391
239.475922  27.575469  19.9420  18.4172  17.5821  17.1567  16.8356    0.08910000   0.00014111  26711.478    42.303714   0.324388   1.931182     205.328 0   0.391295   0.345787   0.149669   0.075404   0.038957   -18.3963   -19.8756   -20.5146   -20.8657   -21.1503     1.4793     2.1183     0.3511
239.473873  27.629013  19.5751  17.9164  17.0780  16.6631  16.3678    0.09350000   0.00013331  28044.685    39.965333   0.324905   1.934263    1538.535 1   0.347542   0.285696   0.123142   0.066154   0.043248   -18.8033   -20.4002   -21.0760   -21.4339   -21.7063     1.5969     2.2727     0.3579
239.467311  27.670418  20.2061  18.3958  17.5308  17.1423  16.8367    0.08730000   0.00014582  26160.699    43.715736   0.327028   1.946900    -345.451 0   0.282909   0.217105   0.085767   0.048654   0.049342   -17.9793   -19.7238   -20.4575   -20.8089   -21.1152     1.7445     2.4782     0.3514
238.771232  27.455908  19.5574  17.6840  16.7545  16.3606  16.0118    0.09040000   0.00014397  27099.200    43.161120   0.328239   1.954113     593.049 0   0.363105   0.280341   0.101596   0.070115   0.062541   -18.7606   -20.5512   -21.3019   -21.6644   -22.0056     1.7906     2.5414     0.3624
239.422966  27.409067  19.5147  17.5784  16.6234  16.1982  15.8262    0.09000000   0.00015335  26985.009    45.973173   0.330014   1.964680     478.858 0   0.454946   0.360576   0.134742   0.093545   0.067937   -18.9091   -20.7511   -21.4802   -21.8642   -22.2106     1.8419     2.5711     0.3840
238.908358  27.305193  20.1899  18.3022  17.4087  16.9900  16.6867    0.08070000   0.00016580  24199.787    49.705590   0.334755   1.992900   -2306.363 1   0.314003   0.240795   0.086415   0.057458   0.057833   -17.8313   -19.6458   -20.3849   -20.7747   -21.0783     1.8145     2.5536     0.3897
239.448307  27.741415  18.6871  16.8456  15.9420  15.5006  15.1449    0.08830000   0.00014646  26485.554    43.907603   0.336589   2.003823     -20.596 0   0.424641   0.343780   0.133464   0.087235   0.061948   -19.6649   -21.4255   -22.1188   -22.5140   -22.8444     1.7606     2.4539     0.3952
239.162073  27.923216  18.9260  16.9700  16.0602  15.6349  15.3071    0.09310000   0.00015330  27925.038    45.958184   0.338217   2.013510    1418.888 1   0.367414   0.283575   0.102556   0.071176   0.063066   -19.4841   -21.3562   -22.0850   -22.4789   -22.7986     1.8722     2.6009     0.3939
239.416255  27.380315  19.1581  17.1768  16.2013  15.7663  15.3804    0.09140000   0.00017091  27403.309    51.237529   0.341718   2.034355     897.159 1   0.489002   0.388342   0.144926   0.100229   0.070872   -19.3309   -21.2115   -21.9436   -22.3339   -22.6905     1.8806     2.6127     0.3903
239.456652  27.436529  19.2711  17.3138  16.3740  15.9414  15.5812    0.08890000   0.00016331  26643.785    48.959106   0.342451   2.038717     137.635 0   0.449592   0.354288   0.131432   0.092211   0.068083   -19.0994   -20.9614   -21.6784   -22.0718   -22.4078     1.8620     2.5789     0.3934
239.422163  27.792164  19.8434  18.0940  17.3270  16.9466  16.6851    0.09730000   0.00014412  29165.099    43.206089   0.343621   2.045682    2658.949 1   0.163534   0.117619   0.053998   0.025256   0.030083   -18.4589   -20.1624   -20.8657   -21.2174   -21.4837     1.7035     2.4069     0.3517
239.415306  27.806205  19.7733  17.6742  16.7286  16.2921  15.9579    0.08960000   0.00015742  26850.402    47.193329   0.347387   2.068105     344.252 0   0.448540   0.352563   0.130337   0.091900   0.068264   -18.6344   -20.6375   -21.3609   -21.7590   -22.0695     2.0031     2.7265     0.3981
239.351049  27.313283  19.7825  17.9997  17.0850  16.6642  16.2796    0.09020000   0.00016076  27039.151    48.194636   0.348014   2.071836     533.001 0   0.428009   0.348190   0.135910   0.088044   0.061605   -18.5981   -20.3011   -21.0035   -21.3764   -21.7346     1.7030     2.4054     0.3729
239.504282  27.535661  19.6832  17.7106  16.7800  16.3763  16.0396    0.08950000   0.00014253  26840.779    42.729419   0.353196   2.102688     334.628 0   0.368452   0.284774   0.103323   0.071524   0.062952   -18.6420   -20.5309   -21.2801   -21.6520   -21.9801     1.8889     2.6381     0.3719
239.499705  27.495373  19.6110  17.7892  16.8979  16.5042  16.1625    0.09110000   0.00014570  27324.793    43.679761   0.357465   2.128104     818.643 1   0.320784   0.246826   0.090022   0.059238   0.057836   -18.6840   -20.4318   -21.1663   -21.5292   -21.8695     1.7478     2.4823     0.3629
239.405914  27.343826  19.8535  17.7128  16.7382  16.3263  15.9533    0.09430000   0.00015754  28267.731    47.229304   0.358303   2.133089    1761.580 1   0.461364   0.363375   0.134579   0.094683   0.069192   -18.6760   -20.7187   -21.4645   -21.8365   -22.1840     2.0427     2.7885     0.3720
239.375506  27.315469  19.2671  17.4012  16.5094  16.1179  15.7634    0.09230000   0.00014846  27678.279    44.507188   0.360056   2.143526    1172.129 1   0.305554   0.234619   0.085205   0.055344   0.056276   -19.0598   -20.8548   -21.5972   -21.9588   -22.3142     1.7950     2.5374     0.3616
239.308928  27.268889  19.6234  18.3320  17.6562  17.1946  16.9008    0.09580000   0.00008409  28735.047    25.209548   0.364614   2.170663    2228.897 1   0.295581   0.266159   0.131291   0.044324  -0.007815   -18.7771   -20.0391   -20.5800   -20.9546   -21.1963     1.2620     1.8029     0.3746
239.026878  27.229111  19.8410  18.0493  17.1187  16.6809  16.3739    0.09370000   0.00014403  28103.354    43.179108   0.366544   2.182154    1597.204 1   0.462746   0.388299   0.153903   0.093916   0.062161   -18.6784   -20.3956   -21.0918   -21.4697   -21.7449     1.7173     2.4135     0.3778
239.330435  27.275386  19.2667  17.4925  16.5826  16.1505  15.8079    0.09810000   0.00015984  29409.580    47.918826   0.368667   2.194793    2903.430 1   0.429743   0.354828   0.141020   0.087990   0.059564   -19.3196   -21.0189   -21.7150   -22.0941   -22.4082     1.6993     2.3954     0.3791
239.463248  27.392381  19.6022  17.6442  16.6876  16.2723  15.9207    0.09760000   0.00015153  29273.205    45.427551   0.369096   2.197348    2767.054 1   0.447569   0.352190   0.130416   0.091732   0.068055   -18.9697   -20.8323   -21.5672   -21.9438   -22.2717     1.8626     2.5974     0.3766
239.457875  27.383371  19.1982  17.4058  16.4725  16.0799  15.7483    0.09130000   0.00014252  27359.240    42.726421   0.369977   2.202591     853.089 1   0.372312   0.291404   0.108886   0.073254   0.061243   -19.1742   -20.8857   -21.6365   -21.9935   -22.3131     1.7115     2.4623     0.3570
239.090776  27.217200  18.9170  16.9674  16.0522  15.6455  15.3073    0.08830000   0.00016031  26463.130    48.059729   0.371338   2.210692     -43.020 0   0.348522   0.268327   0.096849   0.066310   0.061343   -19.3589   -21.2283   -21.9720   -22.3482   -22.6814     1.8694     2.6131     0.3762
239.431412  27.348988  19.9205  17.9272  16.9912  16.5921  16.2466    0.09180000   0.00013656  27535.218    40.939658   0.371809   2.213498    1029.068 1   0.385075   0.298569   0.108683   0.075892   0.064177   -18.4766   -20.3834   -21.1295   -21.4958   -21.8296     1.9068     2.6529     0.3663
239.306680  27.257988  20.1919  18.4592  17.5645  17.1513  16.7879    0.08700000   0.00014342  26081.284    42.996234   0.373262   2.222150    -424.866 0   0.411875   0.334239   0.131079   0.084224   0.059910   -18.1124   -19.7674   -20.4590   -20.8253   -21.1644     1.6551     2.3466     0.3663
239.529661  27.635534  18.9078  17.1636  16.2821  15.8503  15.5318    0.08690000   0.00015679  26054.303    47.004459   0.374778   2.231172    -451.847 0   0.399678   0.329670   0.133690   0.080960   0.054900   -19.3844   -21.0586   -21.7441   -22.1232   -22.4156     1.6742     2.3597     0.3791
238.786947  27.346233  18.7427  17.7621  17.3220  16.9975  16.8539    0.09220000   0.00010088  27636.098    30.243063   0.374966   2.232291    1129.948 1   0.148326   0.136668   0.104039  -0.059002  -0.083033   -19.4271   -20.3961   -20.8035   -20.9650   -21.0846     0.9689     1.3764     0.1615
239.533382  27.549596  19.9107  17.9139  16.9814  16.5780  16.2429    0.09110000   0.00014066  27324.733    42.168807   0.377042   2.244652     818.583 1   0.370998   0.286705   0.103914   0.072155   0.063244   -18.4345   -20.3470   -21.0967   -21.4684   -21.7946     1.9125     2.6622     0.3716
238.836927  27.298822  19.1022  17.9150  17.4948  17.2293  17.0863    0.08420000   0.00015762  25231.792    47.253287   0.377313   2.246265   -1274.358 1   0.135561   0.037445   0.064812  -0.009741  -0.060672   -18.8571   -19.9462   -20.3938   -20.5847   -20.6768     1.0891     1.5367     0.1909
239.425088  27.329535  20.2648  18.1193  17.1141  16.6983  16.3019    0.09420000   0.00015924  28238.021    47.738951   0.380480   2.265117    1731.871 1   0.538732   0.428279   0.159104   0.107765   0.075472   -18.3422   -20.3772   -21.1132   -21.4777   -21.8418     2.0350     2.7711     0.3645
239.485338  27.397861  19.6468  17.7510  16.7978  16.3758  16.0197    0.09070000   0.00015973  27192.705    47.885849   0.383083   2.280614     686.555 1   0.446646   0.351631   0.130308   0.091551   0.067918   -18.7645   -20.5653   -21.2971   -21.6804   -22.0128     1.8008     2.5327     0.3832
239.457022  27.358482  20.4973  18.5159  17.5834  17.2013  16.8597    0.08670000   0.00014804  25991.287    44.381275   0.383706   2.284321    -514.864 0   0.349731   0.269460   0.097450   0.066651   0.061352   -17.7188   -19.6199   -20.3804   -20.7317   -21.0680     1.9011     2.6616     0.3513
239.458767  27.817358  20.2140  18.4582  17.6104  17.2418  16.9339    0.09240000   0.00015508  27705.080    46.491814   0.384685   2.290152    1198.930 1   0.266009   0.202409   0.082010   0.043881   0.046123   -18.0571   -19.7493   -20.4767   -20.8072   -21.1173     1.6922     2.4196     0.3305
239.536591  27.515089  20.3712  18.2556  17.3204  16.9282  16.5724    0.09030000   0.00014850  27082.651    44.519180   0.384907   2.291473     576.501 0   0.391991   0.304531   0.111160   0.077746   0.064570   -17.9758   -20.0039   -20.7458   -21.1045   -21.4472     2.0281     2.7700     0.3588
239.515422  27.447805  19.5136  17.5079  16.5629  16.1237  15.7585    0.08400000   0.00016104  25188.143    48.278577   0.385592   2.295553   -1318.008 1   0.460910   0.367354   0.138163   0.094973   0.067866   -18.7659   -20.6780   -21.3938   -21.7898   -22.1279     1.9121     2.6280     0.3960
239.229867  27.214149  19.5515  17.4131  16.4003  15.9520  15.5503    0.09190000   0.00018222  27565.287    54.628182   0.388739   2.314286    1059.137 1   0.554601   0.441568   0.163808   0.109474   0.076976   -19.0150   -21.0403   -21.7754   -22.1694   -22.5386     2.0254     2.7604     0.3940
239.176016  27.195220  20.1622  18.4422  17.5923  17.2300  16.9020    0.09430000   0.00016765  28265.902    50.260206   0.397225   2.364807    1759.752 1   0.170987   0.137719   0.052016   0.030509   0.036544   -18.0769   -19.7636   -20.5278   -20.8686   -21.2026     1.6867     2.4509     0.3408
239.559216  27.603365  19.1265  18.0093  17.4881  17.1454  16.9655    0.08800000   0.00009351  26373.672    28.033593   0.398255   2.370938    -132.478 0   0.179867   0.144628   0.103452  -0.019560  -0.103866   -18.9495   -20.0315   -20.5115   -20.7312   -20.8268     1.0820     1.5620     0.2197
238.802115  27.298181  20.1588  18.4923  17.6926  17.2971  17.0280    0.09140000   0.00013562  27406.607    40.657853   0.398289   2.371143     900.457 1   0.248242   0.185399   0.080603   0.037839   0.039870   -18.0894   -19.6931   -20.3880   -20.7407   -21.0119     1.6037     2.2986     0.3527
238.967476  27.208994  20.2882  18.2833  17.4429  17.0437  16.7052    0.08210000   0.00019279  24620.366    57.796988   0.399689   2.379478   -1885.784 1   0.183139   0.147405   0.054469   0.032241   0.038917   -17.6425   -19.6116   -20.3591   -20.7361   -21.0812     1.9692     2.7166     0.3770
239.445959  27.315884  18.5806  17.0110  16.1917  15.7851  15.4616    0.10100000   0.00015546  30275.141    46.605736   0.403335   2.401183    3768.991 1   0.352144   0.296872   0.131368   0.065989   0.036879   -19.9915   -21.5059   -22.1597   -22.5009   -22.7953     1.5143     2.1681     0.3412
239.459815  27.319792  19.6923  17.7610  16.8145  16.3971  16.0559    0.09510000   0.00015722  28496.083    47.133370   0.409909   2.440320    1989.932 1   0.416482   0.325841   0.120001   0.084261   0.065914   -18.8131   -20.6538   -21.3944   -21.7761   -22.0990     1.8407     2.5813     0.3817
239.225802  27.985231  19.2388  17.9342  17.2688  16.9032  16.6847    0.09720000   0.00016143  29141.296    48.395496   0.410097   2.441439    2635.146 1   0.235514   0.199265   0.112847   0.021748  -0.047411   -19.1097   -20.3781   -20.9571   -21.2316   -21.3809     1.2684     1.8473     0.2745
239.566381  27.666750  19.9116  18.2046  17.3618  16.9179  16.5663    0.09570000   0.00013998  28693.016    41.964948   0.411885   2.452083    2186.866 1   0.387597   0.326620   0.137707   0.076551   0.047677   -18.5551   -20.2011   -20.8550   -21.2378   -21.5605     1.6460     2.2999     0.3827
238.853548  27.243597  19.0758  17.3368  16.4653  16.0606  15.7845    0.08230000   0.00013479  24664.045    40.409025   0.412858   2.457873   -1842.105 1   0.304123   0.235714   0.093029   0.054404   0.051428   -18.9812   -20.6517   -21.3806   -21.7466   -22.0198     1.6706     2.3994     0.3661
239.042585  27.177689  18.9959  17.6066  16.9443  16.5590  16.3047    0.09670000   0.00018720  28986.903    56.121148   0.414802   2.469446    2480.753 1   0.228647   0.169306   0.097801   0.021075  -0.018860   -19.3345   -20.6645   -21.2553   -21.5638   -21.7782     1.3300     1.9208     0.3086
239.504167  27.363392  19.3511  17.3804  16.3950  15.9853  15.6250    0.09470000   0.00014578  28385.519    43.703745   0.415251   2.472121    1879.369 1   0.473631   0.375238   0.139865   0.097350   0.069686   -19.1812   -21.0535   -21.8035   -22.1707   -22.5033     1.8723     2.6223     0.3672
239.386751  27.251580  19.6047  17.7931  16.8653  16.4545  16.0780    0.08600000   0.00016939  25783.740    50.781844   0.416353   2.478683    -722.410 1   0.406365   0.325018   0.124797   0.082739   0.061632   -18.6688   -20.3991   -21.1267   -21.4954   -21.8508     1.7303     2.4578     0.3687
239.457016  27.303511  20.0746  18.2191  17.2293  16.7973  16.4049    0.09350000   0.00015025  28040.908    45.043817   0.418925   2.493992    1534.758 1   0.527985   0.424236   0.159107   0.105997   0.073787   -18.4842   -20.2360   -20.9607   -21.3396   -21.6997     1.7518     2.4764     0.3789
239.122144  27.168294  19.4260  17.4769  16.5517  16.1580  15.8192    0.09480000   0.00015109  28426.171    45.295642   0.419978   2.500263    1920.021 1   0.361683   0.279094   0.101030   0.069730   0.062470   -18.9942   -20.8607   -21.6078   -21.9702   -22.3018     1.8665     2.6136     0.3624
239.431726  27.276906  19.7142  17.9240  17.0191  16.6356  16.2813    0.08860000   0.00015598  26565.929    46.761628   0.421987   2.512224      59.779 0   0.369568   0.293859   0.114202   0.073203   0.057763   -18.5901   -20.3046   -21.0298   -21.3723   -21.7112     1.7145     2.4397     0.3425
238.826445  27.248626  19.9120  17.9201  17.0132  16.6136  16.3144    0.08240000   0.00016271  24690.517    48.779231   0.422513   2.515351   -1815.633 1   0.314434   0.241084   0.086405   0.057565   0.057942   -18.1579   -20.0765   -20.8287   -21.1994   -21.4990     1.9185     2.6708     0.3708
239.418195  27.265593  20.2064  18.1752  17.2536  16.8379  16.4806    0.08670000   0.00015418  26006.606    46.222001   0.422555   2.515603    -499.544 0   0.381091   0.295222   0.107348   0.074840   0.063909   -18.0410   -19.9864   -20.7201   -21.1033   -21.4496     1.9453     2.6791     0.3832
238.843106  27.236094  18.5710  16.6708  15.7586  15.3454  15.0323    0.08250000   0.00017496  24728.051    52.451688   0.424233   2.525596   -1778.099 1   0.330925   0.254072   0.091241   0.061767   0.059738   -19.5392   -21.3626   -22.1119   -22.4957   -22.8067     1.8233     2.5727     0.3837
239.114376  27.161940  19.8896  18.0649  17.2093  16.8305  16.5813    0.08810000   0.00013691  26422.718    41.044585   0.426215   2.537394     -83.432 0   0.257286   0.195020   0.079187   0.041796   0.045122   -18.2901   -20.0525   -20.7923   -21.1337   -21.3862     1.7624     2.5022     0.3414
238.712495  27.828778  18.0641  16.1350  15.1935  14.7733  14.4379    0.09160000   0.00018695  27471.662    56.046200   0.426793   2.540834     965.512 1   0.409956   0.319356   0.116828   0.082375   0.065891   -20.3320   -22.1705   -22.9095   -23.2952   -23.6141     1.8385     2.5775     0.3857
238.635552  27.514029  18.5421  17.6113  17.1069  16.7441  16.6005    0.08460000   0.00008077  25351.679    24.214237   0.427157   2.543001   -1154.471 1   0.133748   0.204414   0.117539  -0.036497  -0.090810   -19.4230   -20.4245   -20.8420   -21.0508   -21.1401     1.0015     1.4190     0.2088
239.588113  27.655796  19.5947  17.7538  16.8425  16.4444  16.0901    0.08750000   0.00016458  26235.468    49.339843   0.428944   2.553640    -270.683 0   0.374435   0.295137   0.111984   0.074159   0.060215   -18.6635   -20.4251   -21.1532   -21.5135   -21.8538     1.7616     2.4897     0.3603
238.630376  27.482297  19.6767  17.8592  16.9507  16.5313  16.2241    0.09060000   0.00015379  27150.374    46.105082   0.438240   2.608982     644.224 1   0.370861   0.293377   0.112536   0.073381   0.059026   -18.6564   -20.3964   -21.1241   -21.5043   -21.7971     1.7400     2.4677     0.3802
239.195309  27.154865  19.8011  17.8799  17.0089  16.6340  16.3266    0.08560000   0.00017931  25648.804    53.755786   0.439792   2.618221    -857.346 1   0.259888   0.199187   0.075018   0.043942   0.049004   -18.3158   -20.1763   -20.9231   -21.2669   -21.5794     1.8605     2.6073     0.3438
239.544684  27.358506  20.0635  18.1773  17.2818  16.9124  16.5912    0.09710000   0.00013239  29119.111    39.689524   0.448354   2.669193    2612.961 1   0.298631   0.229980   0.087561   0.053232   0.053143   -18.3483   -20.1658   -20.9189   -21.2540   -21.5751     1.8175     2.5706     0.3351
239.465279  27.268285  19.3462  17.4592  16.5248  16.1263  15.7729    0.09110000   0.00012826  27303.748    38.451381   0.448718   2.671359     797.598 1   0.390466   0.305571   0.113277   0.077838   0.063323   -19.0185   -20.8206   -21.5627   -21.9257   -22.2646     1.8021     2.5442     0.3631
239.501143  27.300624  19.2678  17.2340  16.2647  15.8476  15.4907    0.09010000   0.00016348  27014.598    49.010071   0.450248   2.680467     508.448 0   0.472913   0.373663   0.138842   0.097190   0.069872   -19.1764   -21.1110   -21.8454   -22.2209   -22.5505     1.9346     2.6690     0.3754
239.154651  27.138162  18.5874  17.1769  16.4289  16.0234  15.7594    0.08480000   0.00014227  25431.604    42.651473   0.451699   2.689106   -1074.546 1   0.298917   0.260944   0.128204   0.045978   0.000639   -19.5296   -20.9021   -21.5174   -21.8406   -22.0593     1.3725     1.9878     0.3233
239.334045  27.181361  20.2657  18.5420  17.6811  17.2802  16.9036    0.09160000   0.00016717  27474.720    50.116305   0.452580   2.694354     968.569 1   0.367278   0.296928   0.120072   0.072695   0.053430   -18.0877   -19.7411   -20.4251   -20.7786   -21.1360     1.6533     2.3374     0.3535
239.524386  27.320871  19.4251  17.3227  16.3806  15.9676  15.6370    0.09110000   0.00015325  27316.129    45.943194   0.454082   2.703292     809.979 1   0.392626   0.305123   0.111435   0.077925   0.064586   -18.9417   -20.9566   -21.7050   -22.0845   -22.4018     2.0149     2.7633     0.3795
239.429779  27.226964  19.6502  17.7963  16.8672  16.4325  16.1097    0.08660000   0.00016045  25971.230    48.101700   0.458993   2.732528    -534.920 0   0.463888   0.387860   0.153222   0.094326   0.062732   -18.6775   -20.4554   -21.1498   -21.5256   -21.8169     1.7779     2.4723     0.3758
239.528447  27.316267  20.1470  18.3233  17.3578  16.9029  16.5196    0.08970000   0.00014312  26896.090    42.906297   0.459704   2.736763     389.940 0   0.519047   0.426238   0.162629   0.103886   0.071397   -18.3125   -20.0434   -20.7453   -21.1414   -21.4923     1.7309     2.4328     0.3962
239.620113  27.503449  19.8526  18.0437  17.2094  16.8401  16.5406    0.08670000   0.00013755  26006.246    41.236453   0.459803   2.737353    -499.904 0   0.160376   0.128487   0.049895   0.028829   0.034282   -18.1741   -19.9511   -20.7068   -21.0551   -21.3600     1.7770     2.5327     0.3482
238.612723  27.453531  19.0705  17.9485  17.5415  17.2001  17.0155    0.08080000   0.00008004  24213.128    23.995388   0.461002   2.744492   -2293.023 1   0.172424   0.094832   0.092484  -0.043879  -0.090662   -18.8359   -19.8803   -20.2849   -20.4900   -20.6278     1.0444     1.4491     0.2050
238.691427  27.308545  17.2724  16.0678  15.4461  15.0709  14.8492    0.08240000   0.00017215  24688.988    51.609272   0.464683   2.766405   -1817.162 1   0.217913   0.215430   0.121038   0.012331  -0.079344   -20.7010   -21.9031   -22.4304   -22.6969   -22.8269     1.2021     1.7294     0.2665
239.459365  27.241215  20.3380  18.4977  17.5489  17.1222  16.7669    0.09010000   0.00014312  27002.577    42.906297   0.464893   2.767653     496.426 0   0.439545   0.352316   0.134114   0.090489   0.065058   -18.0728   -19.8259   -20.5565   -20.9396   -21.2695     1.7531     2.4837     0.3831
239.579866  27.379013  19.7912  17.9067  17.0441  16.6781  16.3605    0.09050000   0.00012707  27122.793    38.094628   0.465844   2.773318     616.643 1   0.172985   0.141404   0.051852   0.031392   0.037566   -18.3627   -20.2157   -20.9887   -21.3342   -21.6580     1.8529     2.6260     0.3455
238.674530  27.324442  18.8087  17.9319  17.6067  17.3558  17.2361    0.09180000   0.00009403  27522.806    28.189485   0.467584   2.783676    1016.656 1   0.145658   0.022312   0.077103  -0.042955  -0.019825   -19.3490   -20.1024   -20.4824   -20.6133   -20.7561     0.7535     1.1334     0.1308
239.542686  27.317534  19.4034  17.3834  16.4179  15.9856  15.6141    0.08840000   0.00018771  26497.306    56.274042   0.469208   2.793346      -8.844 0   0.471296   0.372431   0.138425   0.096890   0.069710   -18.9765   -20.8977   -21.6292   -22.0199   -22.3643     1.9211     2.6526     0.3908
239.622270  27.459595  19.3742  17.3743  16.4233  15.9985  15.6502    0.09480000   0.00018162  28410.072    54.448306   0.471701   2.808187    1903.922 1   0.437510   0.342898   0.126339   0.089273   0.067620   -19.1218   -21.0271   -21.7615   -22.1493   -22.4759     1.9053     2.6397     0.3877
239.569614  27.348317  19.9724  17.9519  16.9934  16.5718  16.1655    0.09030000   0.00016323  27061.576    48.935123   0.472556   2.813275     555.425 0   0.474708   0.375912   0.140023   0.097547   0.069831   -18.4573   -20.3790   -21.1016   -21.4807   -21.8593     1.9217     2.6443     0.3791
238.884242  27.156040  19.0195  16.9990  16.0111  15.5486  15.1944    0.08200000   0.00016463  24583.791    49.354832   0.476252   2.835280   -1922.359 1   0.537781   0.433825   0.162817   0.107016   0.074584   -19.2632   -21.1797   -21.8966   -22.3033   -22.6251     1.9165     2.6334     0.4067
239.501538  27.260862  20.4135  18.4042  17.4740  17.0503  16.7029    0.08880000   0.00014266  26606.791    42.768392   0.476875   2.838990     100.640 0   0.405088   0.316966   0.117003   0.081471   0.064824   -17.9101   -19.8313   -20.5615   -20.9497   -21.2804     1.9212     2.6514     0.3882
239.316775  28.030250  20.1546  18.4654  17.5861  17.1731  16.8744    0.09100000   0.00016123  27275.717    48.335538   0.478522   2.848792     769.567 1   0.379080   0.314947   0.131797   0.075117   0.049010   -18.2174   -19.8425   -20.5386   -20.8950   -21.1676     1.6251     2.3212     0.3563
238.805525  27.191267  19.2415  17.3645  16.4665  16.0496  15.7438    0.08550000   0.00015312  25639.870    45.904221   0.480026   2.857745    -866.280 1   0.326196   0.250392   0.089945   0.060571   0.059188   -18.9418   -20.7430   -21.4806   -21.8681   -22.1725     1.8012     2.5387     0.3875
238.582956  27.475361  20.5931  18.3767  17.3373  16.8215  16.4118    0.09180000   0.00014238  27525.534    42.684450   0.480712   2.861830    1019.384 1   0.687529   0.548295   0.195915   0.119424   0.092281   -18.1064   -20.1836   -20.8706   -21.3099   -21.6925     2.0772     2.7642     0.4393
239.541965  27.883878  19.7009  18.2804  17.5047  17.0766  16.7651    0.09090000   0.00019264  27264.775    57.752019   0.483633   2.879222     758.625 1   0.334940   0.294003   0.136391   0.058016   0.019090   -18.6221   -20.0016   -20.6197   -20.9694   -21.2420     1.3796     1.9977     0.3497
238.585635  27.454280  19.6898  18.3437  17.6883  17.3644  17.1445    0.09000000   0.00016264  26984.109    48.758245   0.483807   2.880258     477.959 0   0.068572   0.035564   0.019356   0.009827   0.006122   -18.3477   -19.6607   -20.2999   -20.6143   -20.8305     1.3131     1.9523     0.3144
239.526767  27.274110  18.9598  16.9134  15.9181  15.4776  15.0785    0.08690000   0.00019158  26042.371    57.434239   0.484691   2.885522    -463.779 0   0.537420   0.427606   0.158985   0.107575   0.075296   -19.4701   -21.4067   -22.1334   -22.5225   -22.8893     1.9366     2.6633     0.3891
238.570005  27.499531  18.5535  17.1587  16.4826  16.1139  15.8442    0.08090000   0.00017721  24255.518    53.126221   0.486904   2.898694   -2250.632 1   0.238287   0.183536   0.103174   0.025601  -0.018411   -19.4214   -20.7615   -21.3572   -21.6483   -21.8740     1.3400     1.9358     0.2911
239.653885  27.511037  20.4605  18.4233  17.5493  17.1527  16.8692    0.09530000   0.00013423  28559.848    40.241142   0.487998   2.905208    2053.698 1   0.259263   0.199655   0.072880   0.044273   0.050102   -17.8687   -19.8463   -20.5936   -20.9615   -21.2509     1.9776     2.7248     0.3680
239.483900  27.223600  20.4805  18.5323  17.6132  17.1833  16.8122    0.08890000   0.00017029  26641.806    51.051658   0.492534   2.932211     135.656 0   0.431619   0.344808   0.130912   0.088660   0.064659   -17.8721   -19.7334   -20.4387   -20.8263   -21.1734     1.8614     2.5666     0.3876
239.587016  27.333741  18.3522  16.3002  15.3074  14.8733  14.5099    0.08950000   0.00020530  26843.447    61.547392   0.493267   2.936572     337.296 0   0.524087   0.416695   0.155108   0.105830   0.074054   -20.1286   -22.0732   -22.8045   -23.1893   -23.5209     1.9446     2.6758     0.3848
239.588753  27.335581  22.3027  20.8318  18.9575  18.3581  18.8329    0.08850000   0.00013743  26532.082    41.200478   0.493642   2.938806      25.932 0   1.857590   1.344580   0.464239   0.258250   0.207737   -17.4634   -18.4213   -19.4152   -19.8087   -19.2833     0.9579     1.9518     0.3934
239.553171  27.283149  20.5332  18.4691  17.5120  17.1041  16.7694    0.08610000   0.00016919  25797.441    50.721886   0.497151   2.959695    -708.709 1   0.406405   0.316819   0.116116   0.081549   0.065467   -17.7244   -19.6989   -20.4553   -20.8286   -21.1473     1.9745     2.7309     0.3733
239.633753  27.409576  19.9355  18.4996  17.7223  17.3572  17.0845    0.08860000   0.00015246  26575.912    45.706358   0.497197   2.959970      69.762 0   0.287480   0.236530   0.117339   0.043923   0.010018   -18.2867   -19.6717   -20.3298   -20.6215   -20.8602     1.3849     2.0431     0.2917
238.774768  27.187475  18.6761  17.2652  16.5329  16.1462  15.9160    0.08270000   0.00014853  24801.980    44.528174   0.498913   2.970186   -1704.170 1   0.280469   0.238997   0.121533   0.040073  -0.006253   -19.3650   -20.7344   -21.3493   -21.6545   -21.8384     1.3694     1.9843     0.3052
239.674307  27.627113  20.1149  18.2807  17.3900  17.0030  16.6698    0.08450000   0.00014661  25332.822    43.952572   0.501485   2.985501   -1173.328 1   0.314305   0.242367   0.090126   0.057544   0.056118   -18.0309   -19.7932   -20.5316   -20.8860   -21.2178     1.7623     2.5007     0.3544
238.590042  27.387880  18.2503  16.9522  16.3033  15.9495  15.7162    0.09180000   0.00018036  27532.160    54.070568   0.502632   2.992325    1026.010 1   0.226094   0.177665   0.104771   0.019247  -0.043819   -19.9878   -21.2375   -21.8135   -22.0818   -22.2520     1.2497     1.8257     0.2683
239.676165  27.642144  19.7365  18.0137  17.1610  16.7776  16.4703    0.08900000   0.00012621  26693.490    37.836806   0.504514   3.003531     187.340 0   0.295290   0.228709   0.093466   0.051462   0.048028   -18.4796   -20.1358   -20.8533   -21.1947   -21.4985     1.6562     2.3737     0.3414
239.631906  27.386145  19.6566  17.7121  16.7613  16.3266  15.9718    0.09210000   0.00015559  27620.479    46.644709   0.504584   3.003948    1114.329 1   0.476824   0.379788   0.142387   0.097993   0.069475   -18.8182   -20.6657   -21.3791   -21.7694   -22.0957     1.8475     2.5609     0.3903
238.555044  27.471297  19.5317  17.7229  16.8153  16.4192  16.0897    0.09100000   0.00014686  27278.476    44.027520   0.505717   3.010691     772.325 1   0.344978   0.268160   0.100087   0.065810   0.058978   -18.8062   -20.5382   -21.2777   -21.6396   -21.9622     1.7320     2.4715     0.3618
239.531018  27.245488  20.0464  17.8990  16.9244  16.4654  16.0849    0.08950000   0.00016583  26838.350    49.714583   0.506475   3.015208     332.200 0   0.533971   0.424361   0.157730   0.107241   0.075008   -18.4443   -20.4821   -21.1901   -21.5986   -21.9469     2.0378     2.7458     0.4085
238.616862  27.331873  19.1597  18.0817  17.5942  17.3143  17.1258    0.09230000   0.00009694  27664.218    29.061881   0.506808   3.017190    1158.068 1   0.135879   0.047617   0.061504   0.000937  -0.066556   -18.9975   -19.9873   -20.4887   -20.7080   -20.8290     0.9897     1.4911     0.2193
239.559625  27.272104  19.1894  17.2987  16.2948  15.8533  15.4568    0.09540000   0.00017669  28600.680    52.970329   0.508470   3.027084    2094.530 1   0.561777   0.447194   0.165694   0.110269   0.077690   -19.4682   -21.2443   -21.9667   -22.3528   -22.7167     1.7761     2.4985     0.3861
239.607932  27.334750  19.8562  17.8747  16.9336  16.5073  16.1462    0.09050000   0.00017250  27117.277    51.714199   0.508735   3.028661     611.127 1   0.445369   0.351614   0.130846   0.091369   0.067485   -18.5701   -20.4579   -21.1782   -21.5650   -21.9022     1.8877     2.6081     0.3868
239.478839  27.197542  19.8986  18.0262  17.0718  16.6367  16.2836    0.08410000   0.00014769  25217.163    44.276348   0.509230   3.031609   -1288.988 1   0.493463   0.408124   0.157826   0.099846   0.067784   -18.4133   -20.2003   -20.9044   -21.2816   -21.6026     1.7871     2.4912     0.3771
239.564293  27.274305  20.6322  18.6008  17.6089  17.2056  16.8621    0.09660000   0.00014958  28966.937    44.842956   0.510361   3.038340    2460.786 1   0.477646   0.378564   0.141112   0.098103   0.070022   -17.9474   -19.8797   -20.6341   -20.9944   -21.3098     1.9323     2.6868     0.3603
239.248588  27.091650  19.8401  18.0357  17.1188  16.7197  16.3934    0.09080000   0.00015288  27225.142    45.832271   0.511415   3.044613     718.992 1   0.362435   0.284374   0.107575   0.070819   0.059504   -18.5105   -20.2368   -20.9769   -21.3393   -21.6543     1.7263     2.4664     0.3623
238.540829  27.502602  18.2504  16.2186  15.2384  14.8112  14.4534    0.09120000   0.00020376  27350.186    61.085711   0.511830   3.047087     844.036 1   0.493248   0.390229   0.144990   0.100952   0.071586   -20.2194   -22.1482   -22.8832   -23.2664   -23.5948     1.9288     2.6637     0.3832
238.678042  27.928853  19.8567  18.4417  17.7333  17.3735  17.0973    0.09100000   0.00015421  27289.418    46.230995   0.512631   3.051855     783.268 1   0.118931   0.076499   0.040398   0.018343   0.019144   -18.2552   -19.6277   -20.3000   -20.6378   -20.9148     1.3726     2.0449     0.3377
239.631345  27.362142  18.9157  17.0381  16.1310  15.7361  15.4368    0.10010000   0.00013999  30006.527    41.967946   0.514217   3.061294    3500.377 1   0.334774   0.259051   0.095954   0.062969   0.058483   -19.6173   -21.4192   -22.1632   -22.5251   -22.8199     1.8019     2.5459     0.3619
238.536374  27.674013  19.7681  17.9292  16.9865  16.5459  16.1981    0.08000000   0.00014831  23990.472    44.462219   0.515780   3.070599   -2515.678 1   0.487829   0.401944   0.155336   0.099173   0.067405   -18.4320   -20.1850   -20.8811   -21.2655   -21.5816     1.7530     2.4491     0.3844
238.571445  27.390248  19.5443  17.7529  16.8550  16.4400  16.1196    0.08290000   0.00015766  24839.484    47.265279   0.516879   3.077147   -1666.666 1   0.380158   0.306178   0.121201   0.076192   0.056662   -18.6045   -20.3219   -21.0349   -21.4049   -21.7057     1.7174     2.4303     0.3700
238.597380  27.339905  20.1567  18.3671  17.3831  16.8834  16.4976    0.09340000   0.00012851  27986.585    38.526329   0.517881   3.083110    1480.435 1   0.591258   0.497102   0.185784   0.110031   0.080030   -18.4631   -20.1585   -20.8312   -21.2552   -21.6110     1.6954     2.3681     0.4239
239.692286  27.640738  19.3501  17.4357  16.5134  16.0800  15.7368    0.08490000   0.00016036  25444.555    48.074719   0.518578   3.087260   -1061.595 1   0.404089   0.316254   0.116815   0.081237   0.064696   -18.8746   -20.7012   -21.4240   -21.8219   -22.1485     1.8266     2.5494     0.3978
239.610995  27.319930  19.9706  17.9449  16.9694  16.5568  16.1986    0.09260000   0.00015525  27768.516    46.542779   0.518598   3.087375    1262.366 1   0.474479   0.374496   0.138955   0.097470   0.070115   -18.5137   -20.4394   -21.1793   -21.5505   -21.8813     1.9257     2.6657     0.3711
239.109533  27.069294  18.8838  17.2503  16.4707  16.0857  15.8319    0.08190000   0.00014691  24543.469    44.042510   0.518845   3.088848   -1962.681 1   0.225708   0.163118   0.075525   0.031261   0.033908   -19.1053   -20.6762   -21.3682   -21.7090   -21.9654     1.5709     2.2629     0.3407
239.572698  27.269323  19.3897  17.6855  16.9526  16.6035  16.3296    0.08480000   0.00014818  25419.013    44.423246   0.519299   3.091553   -1087.137 1   0.075712   0.053933   0.023692   0.014556   0.015269   -18.5041   -20.1865   -20.8891   -21.2291   -21.5037     1.6824     2.3851     0.3400
239.555395  27.248125  17.8916  15.8171  14.8117  14.3837  14.0341    0.09650000   0.00016645  28929.822    49.900455   0.520865   3.100872    2423.672 1   0.542636   0.431232   0.160066   0.108220   0.075881   -20.7507   -22.7138   -23.4480   -23.8242   -24.1414     1.9631     2.6973     0.3762
238.625726  27.884403  19.4801  17.6399  16.7249  16.2412  15.8657    0.09070000   0.00014782  27205.746    44.315321   0.521677   3.105706     699.596 1   0.509243   0.432002   0.168279   0.100855   0.067923   -18.9938   -20.7567   -21.4080   -21.8243   -22.1668     1.7630     2.4142     0.4163
239.309420  28.079835  18.3180  16.6064  15.7059  15.2515  14.9053    0.09040000   0.00016026  27086.578    48.044739   0.522438   3.110241     580.428 1   0.450681   0.384372   0.155196   0.090790   0.058237   -20.0875   -21.7328   -22.4041   -22.7941   -23.1078     1.6453     2.3166     0.3900
239.404201  27.135135  20.2135  18.3510  17.3992  16.9908  16.6503    0.09180000   0.00015250  27529.642    45.718350   0.522601   3.111209    1023.491 1   0.419601   0.328867   0.121428   0.085089   0.065983   -18.2181   -19.9899   -20.7342   -21.1063   -21.4277     1.7718     2.5161     0.3721
238.545160  27.423568  19.9669  18.0683  17.1379  16.7128  16.3490    0.07940000   0.00017152  23810.177    51.420402   0.527141   3.138238   -2695.974 1   0.433854   0.345096   0.130101   0.089067   0.065456   -18.1416   -19.9514   -20.6668   -21.0509   -21.3911     1.8098     2.5252     0.3841
239.441011  27.148165  19.6214  17.5769  16.6089  16.2045  15.8750    0.09100000   0.00015187  27277.726    45.529481   0.528717   3.147622     771.576 1   0.402450   0.313854   0.115191   0.080597   0.065042   -18.7740   -20.7299   -21.4992   -21.8690   -22.1830     1.9559     2.7252     0.3698
238.513952  27.544557  20.4651  18.4423  17.5622  17.1715  16.8724    0.08290000   0.00017312  24865.926    51.900070   0.530247   3.156731   -1640.224 1   0.253909   0.196384   0.070794   0.043456   0.049795   -17.5575   -19.5227   -20.2773   -20.6406   -20.9461     1.9653     2.7198     0.3634
239.493971  27.178718  19.9098  17.9566  16.9950  16.5628  16.2131    0.08940000   0.00016284  26792.992    48.818204   0.532277   3.168813     286.841 0   0.484612   0.391307   0.148659   0.099341   0.068931   -18.5054   -20.3653   -21.0842   -21.4671   -21.7864     1.8599     2.5788     0.3829
239.519748  27.197110  19.0518  17.7389  17.0999  16.7130  16.4488    0.08300000   0.00020425  24890.059    61.232610   0.533536   3.176308   -1616.091 1   0.236924   0.202348   0.113900   0.022302  -0.047405   -18.9564   -20.2347   -20.7853   -21.0806   -21.2751     1.2783     1.8289     0.2953
239.356777  27.099840  20.1706  18.4257  17.5344  17.1402  16.8285    0.08610000   0.00015919  25804.186    47.723961   0.534973   3.184863    -701.964 1   0.337250   0.266880   0.106635   0.064205   0.052918   -18.0179   -19.6924   -20.4234   -20.7752   -21.0756     1.6745     2.4056     0.3518
239.177457  27.055966  19.6731  17.6280  16.6507  16.1930  15.8621    0.09040000   0.00015444  27094.073    46.299947   0.535501   3.188006     587.923 1   0.528116   0.424228   0.159069   0.106026   0.073816   -18.8099   -20.7511   -21.4632   -21.8679   -22.1666     1.9412     2.6534     0.4047
239.712637  27.632681  19.8086  17.7969  16.9480  16.5757  16.2473    0.09690000   0.00014644  29054.836    43.901608   0.535795   3.189759    2548.686 1   0.165648   0.136391   0.050156   0.030575   0.036371   -18.4868   -20.4693   -21.2319   -21.5846   -21.9188     1.9824     2.7451     0.3527
238.809420  27.121880  19.7451  18.9003  18.5852  18.2930  18.1866    0.08180000   0.00007542  24523.982    22.610347   0.537087   3.197449   -1982.168 1   0.166840   0.033990   0.083679  -0.068033  -0.028958   -18.1825   -18.8944   -19.2592   -19.3997   -19.5452     0.7119     1.0767     0.1405
239.569400  27.236738  20.0855  17.9058  16.8875  16.4361  16.0597    0.08930000   0.00020968  26761.933    62.860483   0.537702   3.201109     255.783 0   0.578734   0.463373   0.171550   0.111420   0.079312   -18.4240   -20.4883   -21.2148   -21.6061   -21.9503     2.0643     2.7908     0.3913
238.799936  28.053689  19.1727  17.2342  16.2955  15.8738  15.5131    0.09120000   0.00017684  27336.785    53.015298   0.540698   3.218944     830.635 1   0.409199   0.319391   0.117270   0.082323   0.065558   -19.2131   -21.0618   -21.7984   -22.1851   -22.5291     1.8487     2.5853     0.3868
239.379454  27.102454  19.3272  17.4595  16.4961  16.0549  15.6630    0.08820000   0.00017396  26453.147    52.151896   0.541146   3.221615     -53.003 0   0.505463   0.407209   0.153710   0.102769   0.071286   -19.0820   -20.8514   -21.5613   -21.9516   -22.3120     1.7694     2.4793     0.3903
239.578053  27.239106  19.0813  17.4577  16.4932  16.0581  15.6401    0.08060000   0.00016481  24168.309    49.408795   0.542002   3.226708   -2337.842 1   0.497718   0.403298   0.153253   0.101397   0.070008   -19.1238   -20.6529   -21.3674   -21.7506   -22.1372     1.5292     2.2436     0.3832
239.594267  27.256724  20.5339  18.4391  17.4593  17.0524  16.6715    0.09030000   0.00019395  27085.169    58.144747   0.542128   3.227458     579.019 0   0.471781   0.372998   0.138711   0.096986   0.069709   -17.8929   -19.8889   -20.6344   -20.9996   -21.3532     1.9960     2.7415     0.3652
239.413603  27.115683  18.6127  17.0430  16.2557  15.8342  15.4914    0.09540000   0.00016606  28610.633    49.783536   0.543622   3.236355    2104.483 1   0.109661   0.097169   0.036105   0.024127   0.026444   -19.5928   -21.1500   -21.8762   -22.2857   -22.6308     1.5572     2.2834     0.4095
238.496591  27.561844  20.0412  18.1282  17.1477  16.6739  16.2820    0.09180000   0.00016959  27526.254    50.841803   0.544475   3.241435    1020.104 1   0.579617   0.467252   0.173491   0.111153   0.079192   -18.5504   -20.3511   -21.0378   -21.4493   -21.8092     1.8006     2.4874     0.4115
239.622349  27.287288  17.0485  16.8841  16.6251  15.8950  16.0478    0.09020000   0.00151718  27050.244   454.839121   0.544567   3.241979     544.093 0  -0.385343   0.501182   0.543857   0.072477  -0.054143   -20.5187   -21.5697   -21.8713   -22.1301   -21.8506     1.0509     1.3526     0.2587
239.552543  27.207942  20.2268  18.3319  17.3892  16.9799  16.6285    0.09180000   0.00015202  27519.689    45.574449   0.546125   3.251255    1013.538 1   0.400683   0.313425   0.115747   0.080358   0.064437   -18.1859   -19.9935   -20.7386   -21.1125   -21.4480     1.8076     2.5527     0.3739
239.681559  27.381461  20.4043  18.5922  17.7515  17.2929  16.9382    0.08920000   0.00013070  26730.065    39.182874   0.546949   3.256158     223.915 0   0.405427   0.342499   0.142168   0.081062   0.051188   -17.9506   -19.6997   -20.3401   -20.7376   -21.0624     1.7492     2.3895     0.3975
239.609678  27.265249  20.2815  18.4311  17.4973  17.1002  16.7548    0.09320000   0.00016311  27933.162    48.899148   0.547933   3.262021    1427.012 1   0.397483   0.310095   0.114012   0.079390   0.064507   -18.1610   -19.9240   -20.6617   -21.0242   -21.3547     1.7630     2.5007     0.3625
239.707000  27.444303  17.9073  16.8243  16.4184  16.0864  15.9203    0.08490000   0.00008394  25444.105    25.164579   0.548152   3.263322   -1062.045 1   0.171256   0.088917   0.092016  -0.050329  -0.084944   -20.0846   -21.0852   -21.4942   -21.6839   -21.8154     1.0007     1.4097     0.1897
239.583344  27.233419  17.6905  15.7208  14.7047  14.2907  13.8969    0.09080000   0.00021293  27224.543    63.834808   0.549254   3.269882     718.393 1   0.534894   0.426434   0.158837   0.107192   0.074937   -20.8326   -22.6938   -23.4423   -23.8047   -24.1662     1.8612     2.6097     0.3624
239.411900  28.068543  20.2945  18.3535  17.4017  16.9758  16.6371    0.09170000   0.00013670  27505.268    40.981629   0.549809   3.273185     999.118 1   0.457296   0.359825   0.133130   0.093791   0.068934   -18.1513   -19.9948   -20.7199   -21.1065   -21.4203     1.8435     2.5686     0.3866
238.504296  27.468877  18.1466  16.1909  15.2534  14.8350  14.4925    0.08130000   0.00018137  24379.992    54.373358   0.550095   3.274890   -2126.158 1   0.424245   0.332139   0.122330   0.086120   0.066558   -20.0250   -21.8886   -22.6163   -22.9985   -23.3214     1.8636     2.5913     0.3822
239.237413  27.049676  18.5649  16.5971  15.6480  15.2490  14.9231    0.09210000   0.00015594  27612.834    46.749636   0.550140   3.275160    1106.684 1   0.382626   0.297276   0.108765   0.075416   0.063620   -19.8157   -21.6982   -22.4588   -22.8244   -23.1385     1.8825     2.6430     0.3657
239.696814  27.407849  19.6401  17.7781  16.9552  16.5914  16.3028    0.09520000   0.00013964  28535.565    41.863019   0.550289   3.276044    2029.415 1   0.139486   0.111648   0.044877   0.026006   0.030204   -18.5695   -20.4037   -21.1598   -21.5047   -21.7975     1.8342     2.5903     0.3449
238.486093  27.611410  18.6442  16.6731  15.7495  15.3293  14.9812    0.07950000   0.00018227  23831.642    54.643171   0.553634   3.295957   -2674.508 1   0.398450   0.310481   0.113864   0.079551   0.064772   -19.4528   -21.3360   -22.0629   -22.4488   -22.7822     1.8831     2.6101     0.3859
239.735082  27.561991  19.8563  17.8987  16.9930  16.5660  16.2587    0.09010000   0.00014894  27009.622    44.651089   0.554450   3.300818     503.471 0   0.348730   0.268638   0.097130   0.066389   0.061265   -18.4637   -20.3412   -21.0754   -21.4717   -21.7739     1.8775     2.6117     0.3963
239.152638  27.033304  18.6933  16.7498  15.8201  15.3875  15.0524    0.08450000   0.00017997  25340.707    53.953649   0.556108   3.310689   -1165.443 1   0.393928   0.309414   0.115423   0.078921   0.063119   -19.5321   -21.3911   -22.1268   -22.5229   -22.8422     1.8590     2.5947     0.3961
238.483084  27.565065  18.8564  17.5115  16.8256  16.4053  16.1661    0.07660000   0.00010077  22958.856    30.210086   0.556290   3.311772   -3547.294 1   0.277280   0.252641   0.128386   0.037729  -0.022261   -19.0173   -20.3375   -20.8992   -21.2288   -21.4080     1.3203     1.8819     0.3296
239.605973  27.245829  20.0700  18.0096  16.9954  16.5509  16.1407    0.09030000   0.00016374  27083.191    49.088017   0.557003   3.316016     577.041 0   0.545056   0.434810   0.161754   0.108327   0.075931   -18.4300   -20.3802   -21.1213   -21.5124   -21.8902     1.9502     2.6913     0.3911
238.767868  28.055309  19.0542  17.0631  16.1757  15.7370  15.3160    0.09150000   0.00015929  27416.530    47.753941   0.557049   3.316289     910.380 1   0.408836   0.320980   0.119121   0.082615   0.064703   -19.3384   -21.2416   -21.9272   -22.3294   -22.7325     1.9032     2.5888     0.4022
239.098138  28.145210  20.4569  18.4764  17.5153  17.0857  16.7427    0.09180000   0.00015329  27513.303    45.955186   0.557174   3.317031    1007.153 1   0.436330   0.342619   0.126614   0.089106   0.067292   -17.9915   -19.8782   -20.6233   -21.0154   -21.3366     1.8868     2.6319     0.3921
239.737738  27.632649  19.6834  18.0906  17.2044  16.6987  16.3570    0.08980000   0.00002129  26918.155     6.382581   0.557965   3.321744     412.005 0   0.487244   0.440901   0.176643   0.094596   0.059866   -18.7467   -20.2932   -20.9151   -21.3388   -21.6458     1.5465     2.1684     0.4237
238.500758  27.445151  18.8283  17.1662  16.2943  15.8116  15.4220    0.08290000   0.00016414  24842.842    49.207934   0.558753   3.326434   -1663.309 1   0.462968   0.397525   0.159821   0.092871   0.059563   -19.4033   -21.0000   -21.6342   -22.0499   -22.4062     1.5967     2.2309     0.4157
239.735833  27.510896  18.4563  16.3807  15.4479  15.0115  14.6664    0.09040000   0.00015558  27101.778    46.641711   0.559853   3.332984     595.628 1   0.422721   0.330398   0.121376   0.085672   0.066622   -19.9213   -21.9045   -22.6283   -23.0290   -23.3551     1.9833     2.7071     0.4007
238.562695  27.305422  20.2876  18.3780  17.4437  17.0110  16.6914    0.09170000   0.00015095  27479.906    45.253672   0.561604   3.343404     973.756 1   0.413201   0.329367   0.125367   0.084306   0.062964   -18.1141   -19.9399   -20.6702   -21.0618   -21.3601     1.8258     2.5561     0.3916
239.537211  27.173015  20.1842  18.1414  17.1915  16.7853  16.4411    0.08760000   0.00016382  26254.894    49.112000   0.561748   3.344262    -251.256 0   0.409113   0.319728   0.117667   0.082388   0.065376   -18.1138   -20.0672   -20.8150   -21.1859   -21.5131     1.9534     2.7013     0.3709
238.519570  27.377963  19.5863  17.6643  16.7548  16.3345  15.9944    0.08280000   0.00015486  24810.494    46.425860   0.564091   3.358213   -1695.656 1   0.354863   0.273414   0.098719   0.067943   0.061952   -18.5558   -20.3963   -21.1311   -21.5207   -21.8548     1.8406     2.5754     0.3895
239.602739  27.229523  19.0727  16.9990  16.0205  15.6020  15.2174    0.08820000   0.00019275  26450.659    57.784996   0.564952   3.363338     -55.492 0   0.471350   0.371462   0.137600   0.096797   0.069990   -19.3024   -21.2762   -22.0208   -22.3985   -22.7563     1.9738     2.7185     0.3777
239.481799  27.127873  19.4490  17.3749  16.3949  15.9495  15.5684    0.09680000   0.00015092  29019.130    45.244678   0.565964   3.369364    2512.980 1   0.533657   0.423606   0.157318   0.107256   0.075041   -19.2122   -21.1762   -21.8899   -22.2853   -22.6342     1.9640     2.6778     0.3953
238.855501  27.068503  19.8296  18.3849  17.6781  17.3002  17.0635    0.08160000   0.00023706  24452.692    71.068800   0.566551   3.372857   -2053.458 1   0.243645   0.182444   0.097827   0.028492   0.004406   -18.1483   -19.5318   -20.1539   -20.4625   -20.6751     1.3835     2.0057     0.3086
238.479280  27.486519  19.6634  17.9330  17.0438  16.5923  16.2137    0.09230000   0.00015537  27672.103    46.578754   0.568341   3.383516    1165.953 1   0.441402   0.374087   0.151340   0.089163   0.057470   -18.7994   -20.4624   -21.1289   -21.5182   -21.8651     1.6631     2.3295     0.3893
238.825291  27.077925  19.2130  18.3889  18.0375  17.7223  17.6511    0.08180000   0.00007618  24522.753    22.838189   0.569282   3.389113   -1983.397 1   0.153638   0.087188   0.096071  -0.085832  -0.053220   -18.7014   -19.4590   -19.8193   -19.9526   -20.0564     0.7577     1.1179     0.1333
239.732854  27.441736  19.1943  17.3007  16.4077  16.0030  15.6865    0.09000000   0.00013977  26989.625    41.901992   0.570949   3.399038     483.475 0   0.297806   0.228731   0.083652   0.053385   0.055014   -19.0724   -20.8969   -21.6448   -22.0193   -22.3374     1.8245     2.5724     0.3744
239.391052  27.073988  19.4877  17.9250  17.3202  17.0155  16.7074    0.08380000   0.00017883  25121.319    53.611885   0.571238   3.400759   -1384.831 1   0.001955   0.001058   0.000427   0.000300   0.000267   -18.3065   -19.8683   -20.4724   -20.7770   -21.0851     1.5618     2.1660     0.3046
239.505668  27.134648  20.6210  18.5042  17.5723  17.1487  16.8103    0.09010000   0.00014927  27007.703    44.750020   0.573156   3.412178     501.553 0   0.401603   0.313288   0.115068   0.080408   0.064919   -17.7519   -19.7804   -20.5141   -20.9030   -21.2259     2.0285     2.7622     0.3889
239.640990  27.260197  20.1977  18.3977  17.4908  17.1172  16.7943    0.08390000   0.00017170  25150.099    51.474365   0.573463   3.414005   -1356.051 1   0.346840   0.272678   0.105265   0.066732   0.056659   -17.9439   -19.6698   -20.4093   -20.7443   -21.0571     1.7258     2.4653     0.3351
239.615855  27.947867  18.3310  17.1074  16.5364  16.1398  15.9313    0.09190000   0.00010032  27560.400    30.075179   0.574677   3.421234    1054.250 1   0.206021   0.181588   0.110871   0.005396  -0.086046   -19.8869   -21.0861   -21.5864   -21.8775   -21.9945     1.1992     1.6994     0.2911
238.519871  27.348797  19.7352  17.8374  16.9115  16.4970  16.1670    0.09080000   0.00015339  27230.149    45.985165   0.575353   3.425258     723.999 1   0.392310   0.306134   0.112757   0.078120   0.063952   -18.6453   -20.4569   -21.1894   -21.5693   -21.8851     1.8116     2.5441     0.3799
238.997840  27.021147  19.3249  18.1790  17.7377  17.4313  17.2606    0.08380000   0.00017694  25119.850    53.045278   0.575671   3.427153   -1386.300 1   0.165838   0.059904   0.077599  -0.028113  -0.079930   -18.6331   -19.6731   -20.1321   -20.3328   -20.4517     1.0400     1.4990     0.2007
239.760791  27.594135  19.7435  18.1378  17.3950  16.9731  16.7124    0.09610000   0.00014495  28820.458    43.454917   0.576650   3.432983    2314.308 1   0.260139   0.196185   0.090937   0.038395   0.033613   -18.6072   -20.1490   -20.7865   -21.1559   -21.4118     1.5417     2.1793     0.3694
239.574663  27.183060  20.3812  18.4396  17.5305  17.0978  16.7512    0.09330000   0.00013221  27971.686    39.635561   0.577536   3.438258    1465.535 1   0.393740   0.310357   0.116601   0.079066   0.062533   -18.0574   -19.9156   -20.6309   -21.0261   -21.3562     1.8582     2.5736     0.3952
239.154440  27.011912  16.7204  15.4661  14.7919  14.4349  14.2086    0.09120000   0.00014347  27350.396    43.011224   0.577559   3.438392     844.246 1   0.244152   0.237066   0.126199   0.025144  -0.055644   -21.5004   -22.7476   -23.3109   -23.5668   -23.7124     1.2472     1.8105     0.2559
239.603060  27.208867  20.5956  18.6334  17.6383  17.2319  16.8159    0.09440000   0.00016896  28289.136    50.652934   0.578499   3.443987    1782.986 1   0.497464   0.395501   0.147658   0.101797   0.071529   -17.9536   -19.8138   -20.5611   -20.9216   -21.3074     1.8602     2.6075     0.3605
239.613603  27.216774  21.0046  18.6366  17.6352  17.2223  16.9213    0.09030000   0.00018568  27069.370    55.665464   0.580497   3.455882     563.220 0   0.460746   0.362823   0.134349   0.094547   0.069156   -17.4111   -19.6812   -20.4541   -20.8272   -21.1028     2.2701     3.0430     0.3731
239.367249  28.124595  18.7886  16.9138  15.9795  15.5467  15.2034    0.09130000   0.00014186  27365.175    42.528558   0.582828   3.469761     859.025 1   0.452086   0.365197   0.139944   0.093185   0.065431   -19.6636   -21.4515   -22.1606   -22.5466   -22.8622     1.7879     2.4970     0.3860
238.732960  27.110054  20.4907  18.4302  17.4743  17.0356  16.6847    0.09530000   0.00016282  28576.307    48.812208   0.583398   3.473150    2070.157 1   0.455514   0.359718   0.133759   0.093544   0.068390   -18.0348   -19.9995   -20.7294   -21.1279   -21.4537     1.9647     2.6946     0.3985
239.663605  27.271646  19.2452  17.2964  16.3507  15.9347  15.5833    0.08920000   0.00017224  26756.477    51.636253   0.583731   3.475134     250.327 0   0.430914   0.337360   0.124162   0.087677   0.067165   -19.1351   -20.9904   -21.7229   -22.1024   -22.4333     1.8552     2.5877     0.3795
239.704649  27.331258  20.2416  18.5061  17.5940  17.2000  16.8666    0.08900000   0.00013818  26687.105    41.425322   0.586148   3.489525     180.955 0   0.360587   0.288147   0.114372   0.070882   0.055086   -18.0398   -19.7028   -20.4412   -20.7917   -21.1093     1.6631     2.4014     0.3505
239.147297  27.001738  19.5421  18.3802  17.6697  17.3058  17.0495    0.08440000   0.00018157  25296.757    54.433317   0.587322   3.496513   -1209.393 1   0.251640   0.315805   0.151790   0.042428  -0.057413   -18.5173   -19.7433   -20.2898   -20.5444   -20.7008     1.2261     1.7726     0.2545
238.489077  27.376639  20.2295  18.3582  17.4800  17.0722  16.7073    0.08970000   0.00015048  26877.953    45.112769   0.589731   3.510853     371.803 0   0.294364   0.225887   0.081114   0.052620   0.055353   -18.0053   -19.8081   -20.5416   -20.9209   -21.2885     1.8028     2.5362     0.3793
239.602100  27.190439  19.7538  17.7647  16.8001  16.3718  16.0168    0.09140000   0.00016827  27390.028    50.446077   0.590116   3.513145     883.878 1   0.465351   0.368245   0.137173   0.095699   0.069046   -18.7115   -20.6035   -21.3371   -21.7239   -22.0522     1.8920     2.6255     0.3868
239.761388  27.450550  18.7348  17.3884  16.7730  16.3957  16.1699    0.08940000   0.00016211  26800.396    48.599355   0.593322   3.532233     294.246 0   0.212167   0.153466   0.096134   0.011985  -0.046281   -19.4080   -20.6957   -21.2537   -21.5469   -21.7144     1.2877     1.8458     0.2932
238.521926  27.304849  18.8668  17.9628  17.6007  17.3080  17.1736    0.07880000   0.00007755  23620.888    23.248905   0.593377   3.532564   -2885.263 1   0.158072   0.080018   0.094937  -0.084783  -0.051514   -18.9677   -19.7936   -20.1706   -20.2836   -20.4513     0.8259     1.2030     0.1130
239.574299  27.160247  19.9748  18.0831  17.1631  16.7445  16.4292    0.08730000   0.00015138  26173.111    45.382582   0.593536   3.533507    -333.039 0   0.375270   0.290421   0.105505   0.073318   0.063467   -18.3030   -20.1099   -20.8449   -21.2313   -21.5368     1.8069     2.5419     0.3864
238.444286  27.660089  20.0780  18.2408  17.4206  17.0029  16.7112    0.08540000   0.00014611  25592.593    43.802676   0.594568   3.539649    -913.558 1   0.208668   0.161479   0.061951   0.034228   0.041524   -17.9852   -19.7753   -20.4959   -20.8859   -21.1849     1.7900     2.5107     0.3900
239.553235  27.140888  18.5262  16.8857  16.1842  15.8573  15.5874    0.08380000   0.00014172  25127.225    42.486587   0.595161   3.543183   -1378.925 1   0.028234   0.018231   0.007214   0.005185   0.005212   -19.2942   -20.9247   -21.6152   -21.9401   -22.2100     1.6305     2.3210     0.3249
239.535454  28.051157  19.4423  18.0332  17.3344  16.9582  16.7611    0.09060000   0.00015330  27154.781    45.958184   0.597028   3.554294     648.631 1   0.222729   0.155751   0.086279   0.022645   0.007324   -18.7426   -20.0848   -20.7141   -21.0267   -21.2084     1.3421     1.9715     0.3126
239.583885  27.163406  19.5380  17.6841  16.7895  16.3745  16.0770    0.08440000   0.00013604  25289.532    40.783766   0.597204   3.555345   -1216.618 1   0.336300   0.260301   0.096385   0.063380   0.058651   -18.6060   -20.3839   -21.1146   -21.4966   -21.7894     1.7779     2.5086     0.3820
