139.939559  33.744997  16.5183  14.6030  13.7965  13.3343  13.0505    0.01710000   0.00019893   5136.824    59.637714   0.023177   0.038938   -1777.589 1   0.221780   0.174158   0.063162   0.037632   0.045069   -18.0202   -19.8879   -20.5834   -21.0201   -21.3113     1.8677     2.5632     0.4367
139.949462  33.768023  19.4972  17.6815  16.9046  16.5490  16.2575    0.02370000   0.00016357   7113.895    49.037052   0.023377   0.039273     199.482 0   0.057849   0.050064   0.019052   0.014073   0.013718   -15.6128   -17.4207   -18.1666   -18.5172   -18.8083     1.8079     2.5538     0.3506
139.922532  33.738149  16.6817  14.8057  13.9663  13.5297  13.2778    0.02030000   0.00011044   6078.052    33.109079   0.024855   0.041757    -836.361 0   0.242700   0.187917   0.068711   0.040983   0.047765   -18.2530   -20.0743   -20.7945   -21.2033   -21.4620     1.8212     2.5414     0.4089
139.940124  33.720066  18.3303  16.6554  15.9020  15.5688  15.4171    0.02200000   0.00016254   6599.511    48.728266   0.045501   0.076442    -314.902 0   0.064115   0.047156   0.019744   0.013030   0.013392   -16.6017   -18.2597   -18.9857   -19.3121   -19.4642     1.6579     2.3839     0.3265
139.929092  33.810992  19.1265  17.4139  16.7255  16.3555  16.1296    0.02290000   0.00013862   6850.318    41.557231   0.048353   0.081234     -64.096 0   0.125445   0.079064   0.043308   0.018492   0.018710   -15.9760   -17.6422   -18.2949   -18.6401   -18.8662     1.6662     2.3189     0.3452
139.863827  33.790903  17.6383  15.7252  14.7370  14.2381  13.8398    0.01930000   0.00010730   5789.892    32.167731   0.055834   0.093801   -1124.522 0   0.581166   0.464146   0.171538   0.111758   0.079648   -17.5359   -19.3319   -20.0275   -20.4667   -20.8328     1.7961     2.4917     0.4391
139.843499  33.742766  16.1728  14.4600  13.7340  13.3537  13.1127    0.02650000   0.00017178   7958.440    51.498348   0.068326   0.114788    1044.027 0   0.127148   0.087633   0.042979   0.020625   0.023089   -19.2291   -20.9024   -21.5837   -21.9417   -22.1851     1.6733     2.3546     0.3579
139.925903  33.693847  19.9449  18.3261  17.6315  17.2899  17.0738    0.02160000   0.00016652   6472.639    49.921440   0.069229   0.116305    -441.774 0   0.075626   0.045659   0.022602   0.012285   0.011896   -14.9688   -16.5576   -17.2291   -17.5604   -17.7761     1.5888     2.2604     0.3313
139.974409  33.700267  18.2405  17.4386  17.2652  17.1521  17.0993    0.01890000   0.00001375   5664.429     4.122146   0.076379   0.128318   -1249.985 0   0.001151   0.000099   0.000255  -0.000111  -0.000039   -16.2964   -17.0972   -17.2708   -17.3835   -17.4364     0.8008     0.9744     0.1127
140.010483  33.710479  16.9200  14.9799  14.1825  13.7594  13.5119    0.02330000   0.00018020   6972.813    54.022601   0.090385   0.151847      58.400 0   0.193126   0.149560   0.058548   0.031913   0.038790   -18.2761   -20.1726   -20.8790   -21.2754   -21.5298     1.8965     2.6029     0.3965
139.988498  33.679878  20.1468  18.3816  17.5874  17.2032  16.9577    0.02260000   0.00015290   6777.738    45.838267   0.099827   0.167710    -136.675 0   0.190136   0.138332   0.061271   0.028198   0.034165   -14.9701   -16.6835   -17.4006   -17.7517   -18.0032     1.7134     2.4305     0.3511
139.967886  33.649497  17.6713  15.7540  14.9427  14.5542  14.2543    0.02220000   0.00017812   6660.219    53.399033   0.119742   0.201167    -254.194 0   0.121428   0.106137   0.039255   0.025717   0.028793   -17.3593   -19.2613   -20.0057   -20.3807   -20.6837     1.9020     2.6464     0.3750
139.879739  33.647781  16.9139  16.4567  16.4076  16.3590  16.3363    0.02370000   0.00003351   7112.576    10.046045   0.120456   0.202367     198.163 0   0.000651   0.000057   0.000144  -0.000062  -0.000023   -18.1389   -18.5955   -18.6447   -18.6931   -18.7158     0.4566     0.5058     0.0484
139.895134  33.888093  17.2471  15.4009  14.6103  14.2103  13.9106    0.02140000   0.00017398   6429.949    52.157892   0.127071   0.213480    -484.465 0   0.124516   0.106268   0.040210   0.025589   0.028864   -17.7064   -19.5343   -20.2589   -20.6442   -20.9472     1.8280     2.5525     0.3854
140.035755  33.661670  17.6496  15.8359  15.0418  14.6551  14.3454    0.02070000   0.00016277   6194.522    48.797218   0.138605   0.232856    -719.892 0   0.091477   0.083534   0.030911   0.021618   0.022751   -17.1766   -18.9824   -19.7238   -20.1012   -20.4121     1.8058     2.5472     0.3774
139.829205  33.880799  16.7852  15.1555  14.3708  13.9689  13.6889    0.02340000   0.00015465   7004.681    46.362904   0.140811   0.236564      90.268 0   0.270705   0.206621   0.092258   0.042497   0.038149   -18.4883   -20.0539   -20.7242   -21.0764   -21.3520     1.5656     2.2360     0.3521
139.760584  33.695194  19.4893  17.9386  17.2553  16.9171  16.7047    0.02350000   0.00016901   7043.924    50.667923   0.150350   0.252589     129.510 0   0.086094   0.050173   0.026680   0.013268   0.011926   -15.6089   -17.1237   -17.7835   -18.1083   -18.3193     1.5148     2.1746     0.3248
139.850695  33.624004  16.0104  14.1555  13.3549  12.9140  12.5756    0.02110000   0.00019333   6339.891    57.958876   0.151109   0.253864    -574.522 0   0.186258   0.149600   0.055165   0.032605   0.039441   -18.9739   -20.7922   -21.4983   -21.9167   -22.2619     1.8182     2.5244     0.4183
140.053900  33.631791  18.3516  17.1265  16.6393  16.4036  16.1966    0.02210000   0.00009895   6634.917    29.664464   0.170997   0.287275    -279.497 0   0.095799   0.030043   0.037558   0.007836  -0.045728   -16.6535   -17.8129   -18.3076   -18.5136   -18.6670     1.1593     1.6541     0.2060
139.991093  33.927431  16.5579  14.6909  13.8645  13.4313  13.0873    0.02430000   0.00018713   7293.741    56.100163   0.174175   0.292614     379.327 0   0.249059   0.192924   0.069691   0.042466   0.049051   -18.7765   -20.5873   -21.2905   -21.6965   -22.0471     1.8109     2.5140     0.4060
140.116033  33.843135  19.2955  17.7877  17.0982  16.7846  16.5866    0.02310000   0.00014392   6932.401    43.146131   0.180116   0.302596      17.988 0   0.054215   0.029566   0.014214   0.008187   0.006869   -15.7548   -17.2379   -17.9121   -18.2197   -18.4163     1.4832     2.1573     0.3076
139.971170  33.581307  19.3141  17.8847  17.1817  16.8662  16.6660    0.02540000   0.00012263   7624.592    36.763549   0.186234   0.312874     710.178 0   0.075157   0.041449   0.022043   0.011233   0.009012   -15.9646   -17.3603   -18.0439   -18.3486   -18.5466     1.3957     2.0793     0.3047
139.914416  33.953710  18.9001  17.3646  16.6454  16.2771  16.0094    0.02300000   0.00014247   6901.762    42.711431   0.190814   0.320568     -12.651 0   0.176763   0.115544   0.061958   0.021870   0.022850   -16.2633   -17.7375   -18.4031   -18.7314   -19.0000     1.4743     2.1399     0.3282
140.119362  33.650463  19.1384  17.2486  16.4232  16.0403  15.7275    0.02720000   0.00015788   8143.143    47.331233   0.198961   0.334255    1228.729 0   0.142043   0.120242   0.044502   0.028020   0.032401   -16.3354   -18.2034   -18.9530   -19.3194   -19.6366     1.8680     2.6177     0.3664
139.685392  33.731165  18.9999  17.3513  16.6445  16.2828  16.0723    0.02330000   0.00014162   6982.796    42.456608   0.199262   0.334760      68.383 0   0.151376   0.095882   0.053570   0.020115   0.020164   -16.1544   -17.7475   -18.4120   -18.7402   -18.9508     1.5931     2.2576     0.3282
139.773688  33.930060  18.9887  17.2867  16.5717  16.2086  15.9336    0.02100000   0.00016349   6287.787    49.013069   0.207633   0.348825    -626.626 0   0.089677   0.061442   0.028682   0.016100   0.017096   -15.8992   -17.5730   -18.2552   -18.6057   -18.8817     1.6738     2.3560     0.3505
140.010851  33.968007  19.5288  18.0857  17.3872  17.0469  16.8333    0.02200000   0.00015721   6581.194    47.130372   0.217908   0.366086    -333.219 0   0.105608   0.062680   0.035066   0.015730   0.014191   -15.4447   -16.8449   -17.5158   -17.8367   -18.0488     1.4002     2.0711     0.3210
140.151379  33.650680  16.3081  14.2600  13.3546  12.8897  12.5557    0.02740000   0.00019745   8227.984    59.194021   0.221313   0.371807    1313.571 0   0.405247   0.315497   0.115366   0.081172   0.065541   -19.4449   -21.4032   -22.1085   -22.5392   -22.8576     1.9584     2.6636     0.4307
140.191087  33.704512  17.0533  15.2469  14.4787  14.0951  13.8367    0.02310000   0.00015482   6938.607    46.413868   0.231224   0.388457      24.193 0   0.169266   0.122516   0.055442   0.026010   0.031197   -18.1120   -19.8717   -20.5728   -20.9270   -21.1906     1.7597     2.4608     0.3542
139.954611  33.533238  18.2840  17.5915  17.4520  17.3873  17.3230    0.02130000   0.00008969   6396.612    26.888386   0.231356   0.388679    -517.802 0   0.006530   0.000567   0.001445  -0.000621  -0.000240   -16.5412   -17.2278   -17.3681   -17.4308   -17.4955     0.6865     0.8269     0.0626
140.183093  33.654681  19.4367  18.1932  17.7045  17.4639  17.3220    0.02360000   0.00011697   7081.937    35.066724   0.242585   0.407543     167.524 0   0.064005   0.018364   0.020244   0.006693  -0.030157   -15.6702   -16.8681   -17.3586   -17.5857   -17.6907     1.1979     1.6884     0.2270
140.200203  33.679670  18.7255  17.1399  16.4151  16.0631  15.7933    0.02240000   0.00015124   6728.572    45.340611   0.245836   0.413005    -185.841 0   0.091329   0.060988   0.029214   0.015904   0.016753   -16.2946   -17.8499   -18.5429   -18.8816   -19.1523     1.5553     2.2483     0.3387
139.646770  33.867968  16.8144  15.2449  14.4848  14.1004  13.8048    0.02400000   0.00016355   7205.302    49.031057   0.251739   0.422923     290.889 0   0.179899   0.129277   0.058795   0.026627   0.032120   -18.4236   -19.9425   -20.6321   -20.9844   -21.2855     1.5189     2.2085     0.3522
139.822746  34.008180  16.5683  14.7278  13.9657  13.5834  13.2909    0.02380000   0.00016090   7120.790    48.236606   0.258692   0.434604     206.377 0   0.040597   0.038532   0.013862   0.011216   0.010126   -18.5429   -20.3814   -21.1188   -21.4985   -21.7899     1.8384     2.5759     0.3797
139.678321  33.943048  18.1245  16.3642  15.6359  15.2634  15.0114    0.02300000   0.00015059   6885.633    45.145746   0.271029   0.455329     -28.780 0   0.132351   0.090089   0.045024   0.020807   0.023251   -16.9944   -18.7125   -19.3957   -19.7440   -19.9984     1.7180     2.4013     0.3483
139.727366  33.526585  19.0195  18.0883  17.7843  17.6247  17.5568    0.01900000   0.00008955   5705.110    26.846415   0.286486   0.481297   -1209.303 0   0.081942   0.008933   0.033962  -0.011770  -0.005722   -15.6312   -16.4894   -16.8185   -16.9323   -17.0063     0.8582     1.1872     0.1139
139.600980  33.867541  16.7312  14.9850  14.2229  13.8476  13.5745    0.02200000   0.00017403   6601.370    52.172881   0.286623   0.481528    -313.043 0   0.118924   0.088109   0.039518   0.021384   0.024156   -18.2556   -19.9710   -20.6845   -21.0417   -21.3176     1.7154     2.4289     0.3572
140.109574  33.515803  18.3045  16.6292  15.8812  15.5213  15.2267    0.02350000   0.00015616   7030.883    46.815590   0.292272   0.491019     116.469 0   0.076825   0.059193   0.024712   0.015965   0.016697   -16.7844   -18.4421   -19.1556   -19.5068   -19.8021     1.6577     2.3712     0.3512
140.008945  33.465399  18.8077  17.2444  16.5532  16.2354  15.9745    0.02470000   0.00014464   7400.767    43.361981   0.306253   0.514507     486.353 0   0.036997   0.022121   0.009217   0.006215   0.006101   -16.3718   -17.9202   -18.5985   -18.9133   -19.1741     1.5484     2.2267     0.3148
139.730332  34.034650  19.3661  17.9010  17.1918  16.8899  16.6953    0.02230000   0.00017671   6674.969    52.976325   0.314934   0.529091    -239.444 0   0.056831   0.030687   0.015064   0.008489   0.006864   -15.6098   -17.0487   -17.7423   -18.0376   -18.2306     1.4390     2.1325     0.2953
139.545817  33.665376  18.7784  17.8622  17.6345  17.4642  17.5199    0.02490000   0.00008580   7473.166    25.722193   0.327620   0.550403     558.753 0   0.093466   0.010691   0.041923  -0.014736  -0.007475   -16.4537   -17.2871   -17.5460   -17.6597   -17.6112     0.8334     1.0924     0.1136
139.880274  33.434420  18.2076  17.2996  16.8997  16.7325  16.5574    0.02270000   0.00003209   6800.462     9.620340   0.330406   0.555084    -113.951 0   0.029069   0.003938   0.007174  -0.000931  -0.005820   -16.7676   -17.6505   -18.0536   -18.2127   -18.3829     0.8829     1.2860     0.1591
139.900150  33.428333  16.7582  14.8439  14.0481  13.6662  13.3585    0.02350000   0.00016739   7046.292    50.182260   0.335160   0.563070     131.879 0   0.073068   0.069296   0.025277   0.018745   0.018700   -18.3270   -20.2375   -20.9893   -21.3647   -21.6723     1.9105     2.6623     0.3754
140.276287  33.571965  18.4132  16.9206  16.2546  15.8704  15.6192    0.02660000   0.00009131   7959.640    27.374049   0.351062   0.589786    1045.226 0   0.210548   0.141201   0.081499   0.019595   0.003547   -17.0803   -18.5036   -19.1099   -19.4322   -19.6673     1.4233     2.0296     0.3223
139.579171  33.556965  16.6966  14.9040  14.1343  13.7307  13.4904    0.02390000   0.00016498   7162.761    49.459760   0.351682   0.590827     248.348 0   0.194704   0.142142   0.062418   0.028836   0.034975   -18.5686   -20.3086   -20.9986   -21.3686   -21.6151     1.7400     2.4300     0.3700
139.794406  33.425049  17.8229  16.4570  15.8774  15.6324  15.4119    0.02340000   0.00017340   7030.073    51.984012   0.354207   0.595068     115.660 0   0.040009   0.015256   0.009359   0.005565  -0.008249   -17.2199   -18.5610   -19.1347   -19.3760   -19.5826     1.3411     1.9148     0.2412
139.939206  33.399209  19.0281  18.0581  17.7408  17.5752  17.4199    0.02390000   0.00008519   7170.286    25.539319   0.364072   0.611642     255.873 0   0.084359   0.009337   0.035590  -0.012279  -0.006223   -16.1268   -17.0217   -17.3653   -17.4830   -17.6444     0.8950     1.2385     0.1177
139.522612  33.917962  17.8841  16.2191  15.5155  15.1795  14.9374    0.02440000   0.00015796   7307.681    47.355217   0.366410   0.615569     393.268 0   0.052447   0.033934   0.014620   0.009452   0.009581   -17.2932   -18.9397   -19.6240   -19.9548   -20.1970     1.6465     2.3308     0.3308
139.611644  34.036047  19.2084  17.8163  17.2024  16.8231  16.6398    0.02320000   0.00019822   6944.602    59.424861   0.375666   0.631121      30.189 0   0.204924   0.137702   0.088499   0.010318  -0.035974   -15.9806   -17.3054   -17.8701   -18.1712   -18.3083     1.3249     1.8896     0.3011
139.474243  33.838187  17.7452  15.9161  15.0564  14.6153  14.2559    0.02130000   0.00015082   6397.301    45.214699   0.379757   0.637994    -517.112 0   0.371196   0.296487   0.116251   0.073737   0.057025   -17.4447   -19.1991   -19.8786   -20.2771   -20.6198     1.7544     2.4339     0.3986
140.022901  33.384870  18.2572  17.0627  16.5542  16.2762  16.1649    0.02480000   0.00009702   7425.439    29.085864   0.387322   0.650703     511.026 0   0.103000   0.035883   0.040844   0.009650  -0.046050   -16.9756   -18.1030   -18.6165   -18.8633   -18.9189     1.1274     1.6408     0.2468
140.390968  33.780722  18.4598  17.1538  16.6569  16.4170  16.2330    0.02390000   0.00020089   7178.710    60.225307   0.390276   0.655666     264.297 0   0.093436   0.030849   0.035552   0.009089  -0.043047   -16.7041   -17.9475   -18.4492   -18.6626   -18.7945     1.2434     1.7450     0.2134
140.399304  33.725196  18.6005  17.3751  16.9788  16.7727  16.6573    0.02430000   0.00018384   7292.691    55.113845   0.398601   0.669650     378.278 0   0.088670   0.016571   0.036323  -0.003269  -0.027705   -16.5735   -17.7268   -18.1428   -18.3093   -18.4003     1.1533     1.5694     0.1665
139.744228  34.133747  18.7512  17.1685  16.4143  16.0736  15.8036    0.02230000   0.00015180   6672.331    45.508495   0.399118   0.670520    -242.082 0   0.111423   0.076654   0.037071   0.018912   0.020715   -16.2792   -17.8272   -18.5418   -18.8643   -19.1361     1.5479     2.2625     0.3225
139.748365  33.375224  19.0647  17.8603  17.2939  17.0293  16.8242    0.02380000   0.00011251   7126.396    33.729649   0.413772   0.695138     211.983 0   0.051490   0.019312   0.013449   0.007129  -0.013044   -16.0574   -17.2297   -17.7902   -18.0485   -18.2334     1.1722     1.7328     0.2583
140.453878  33.747370  18.1185  17.1238  16.8885  16.7690  16.8375    0.02290000   0.00011547   6871.753    34.617035   0.442449   0.743316     -42.660 0   0.006417   0.000534   0.001422  -0.000648  -0.000151   -16.8650   -17.8538   -18.0900   -18.2074   -18.1394     0.9888     1.2250     0.1174
139.610016  34.131832  20.0034  18.1304  17.4295  17.0757  16.8838    0.02280000   0.00009589   6844.861    28.747099   0.450896   0.757507     -69.552 0   0.110457   0.069331   0.036970   0.017098   0.017202   -15.0531   -16.8849   -17.5535   -17.8874   -18.0794     1.8319     2.5004     0.3339
139.804374  33.315631  18.8577  17.7410  17.2774  17.0053  16.9697    0.02250000   0.00008982   6738.375    26.927359   0.457932   0.769327    -176.038 0   0.102939   0.029548   0.042988   0.004808  -0.049294   -16.1623   -17.2056   -17.6826   -17.9165   -17.8980     1.0433     1.5203     0.2339
140.303748  33.420735  17.4706  15.7456  14.9862  14.6054  14.3354    0.02370000   0.00016149   7115.844    48.413484   0.466760   0.784159     201.431 0   0.167158   0.121687   0.054642   0.026046   0.031231   -17.7487   -19.4282   -20.1206   -20.4728   -20.7480     1.6795     2.3719     0.3522
140.461004  33.905560  19.8034  18.1855  17.5051  17.1849  16.9610    0.02220000   0.00017108   6669.573    51.288494   0.470228   0.789985    -244.841 0   0.059830   0.033947   0.016409   0.009323   0.008403   -15.1656   -16.7576   -17.4205   -17.7336   -17.9566     1.5920     2.2549     0.3131
140.089027  34.238463  17.7691  16.7396  16.3996  16.2854  16.2882    0.02460000   0.00008365   7376.333    25.077639   0.495324   0.832146     461.920 0   0.019012   0.001617   0.004191  -0.001839  -0.000597   -17.3835   -18.3956   -18.7382   -18.8464   -18.8448     1.0121     1.3547     0.1082
140.512345  33.864378  17.6510  16.3915  15.9271  15.6995  15.5297    0.02420000   0.00019486   7266.999    58.417558   0.501141   0.841918     352.586 0   0.089879   0.024904   0.034808   0.005709  -0.042590   -17.5152   -18.7097   -19.1840   -19.3825   -19.5040     1.1945     1.6688     0.1985
140.543093  33.848550  15.7495  13.8413  13.0470  12.6506  12.3705    0.02330000   0.00018406   6986.963    55.179800   0.523380   0.879281      72.550 0   0.098766   0.089491   0.033090   0.022779   0.024384   -19.3522   -21.2511   -21.9890   -22.3751   -22.6568     1.8989     2.6368     0.3861
140.538149  33.900865  17.5567  15.8120  15.0630  14.6921  14.4520    0.02360000   0.00016106   7065.119    48.284573   0.530460   0.891174     150.706 0   0.165777   0.116885   0.055315   0.024679   0.029184   -17.6520   -19.3478   -20.0352   -20.3755   -20.6201     1.6958     2.3832     0.3403
139.379701  33.475524  18.5269  17.1513  16.4697  16.1156  15.8834    0.02200000   0.00008392   6598.072    25.158583   0.534693   0.898286    -316.341 0   0.229039   0.168667   0.096906   0.021315  -0.015400   -16.5700   -17.8853   -18.4951   -18.7736   -18.9691     1.3152     1.9251     0.2785
140.297067  33.325745  18.6130  17.5559  17.3438  17.1706  17.2381    0.03160000   0.00007591   9480.397    22.757245   0.537044   0.902236    2565.984 1   0.111309   0.013741   0.055501  -0.021830  -0.010469   -17.1862   -18.1457   -18.3996   -18.4955   -18.4393     0.9595     1.2134     0.0959
140.560986  33.937708  17.0857  16.0035  15.5791  15.3478  15.1969    0.02010000   0.00008910   6040.788    26.711508   0.559209   0.939473    -873.625 0   0.098455   0.022495   0.041900  -0.000751  -0.039762   -17.7047   -18.7109   -19.1547   -19.3433   -19.4552     1.0062     1.4500     0.1886
139.437260  34.156861  18.5498  17.1562  16.4913  16.1981  15.9823    0.02230000   0.00015897   6688.250    47.658007   0.563492   0.946669    -226.163 0   0.045672   0.022957   0.011211   0.006494   0.003956   -16.4149   -17.7858   -18.4389   -18.7274   -18.9407     1.3709     2.0240     0.2885
140.464553  33.401856  15.7859  13.9218  13.0958  12.6955  12.4020    0.02360000   0.00018216   7075.402    54.610194   0.577814   0.970730     160.989 0   0.181680   0.145164   0.054524   0.031701   0.038282   -19.4387   -21.2663   -22.0016   -22.3791   -22.6792     1.8276     2.5629     0.3775
139.641471  34.293933  16.8828  15.1615  14.3819  13.9791  13.6350    0.02170000   0.00014313   6493.774    42.909295   0.579896   0.974227    -420.639 0   0.077502   0.073715   0.026796   0.019728   0.019923   -18.0326   -19.7501   -20.4828   -20.8785   -21.2228     1.7175     2.4502     0.3957
140.429018  33.364257  18.7999  17.5370  17.0459  16.7788  16.6168    0.02370000   0.00017416   7094.858    52.211854   0.580227   0.974784     180.445 0   0.099925   0.033286   0.039494   0.008872  -0.046431   -16.3522   -17.5484   -18.0457   -18.2822   -18.3889     1.1963     1.6936     0.2365
140.442995  33.311141  17.3226  15.9148  15.2950  14.9771  14.7653    0.02250000   0.00015356   6752.076    46.036130   0.625919   1.051546    -162.338 0   0.089561   0.042215   0.028755   0.011971  -0.002765   -17.6840   -19.0445   -19.6508   -19.9519   -20.1490     1.3605     1.9668     0.3011
140.247561  33.195271  17.4420  15.6870  14.9450  14.5685  14.3453    0.02110000   0.00016241   6330.388    48.689293   0.628943   1.056626    -584.026 0   0.173182   0.117931   0.058935   0.023703   0.027247   -17.5293   -19.2290   -19.9120   -20.2533   -20.4800     1.6997     2.3828     0.3413
140.500209  33.355297  20.1951  18.5753  17.8841  17.5658  17.3236    0.02490000   0.00016481   7462.674    49.408795   0.630306   1.058916     548.260 0   0.050483   0.029486   0.013368   0.008170   0.007788   -14.9940   -16.5928   -17.2679   -17.5810   -17.8228     1.5988     2.2739     0.3131
139.683194  34.378317  17.0630  15.3454  14.6186  14.2536  13.9669    0.02220000   0.00014879   6669.933    44.606120   0.646551   1.086209    -244.481 0   0.035083   0.028613   0.010667   0.008331   0.007866   -17.8813   -19.5924   -20.3013   -20.6639   -20.9502     1.7111     2.4200     0.3627
139.976792  33.107273  16.9224  15.2052  14.5011  14.1382  13.9032    0.02460000   0.00016392   7366.111    49.141980   0.657308   1.104279     451.697 0   0.116162   0.074894   0.039233   0.018126   0.018947   -18.3274   -20.0033   -20.6717   -21.0135   -21.2494     1.6759     2.3444     0.3418
140.007743  33.102018  17.8648  15.9772  14.9273  14.3896  13.9235    0.02130000   0.00018348   6378.085    55.005920   0.664814   1.116890    -536.329 0   0.711962   0.571573   0.202463   0.121234   0.095597   -17.6659   -19.4131   -20.0939   -20.5503   -20.9908     1.7472     2.4280     0.4565
140.254905  33.126682  17.7080  15.9559  15.2377  14.8817  14.6552    0.02310000   0.00014543   6930.602    43.598817   0.693899   1.165753      16.189 0   0.022429   0.017389   0.006421   0.005088   0.004842   -17.3105   -19.0576   -19.7648   -20.1195   -20.3457     1.7471     2.4543     0.3547
140.545920  33.300686  17.5032  15.7223  14.9725  14.5877  14.3440    0.02420000   0.00015932   7252.309    47.762934   0.694821   1.167302     337.896 0   0.156096   0.111383   0.051999   0.024304   0.028650   -17.7292   -19.4654   -20.1558   -20.5129   -20.7609     1.7362     2.4266     0.3571
140.389070  34.341157  19.4129  17.8768  17.1730  16.8576  16.6610    0.02250000   0.00014786   6749.527    44.327313   0.696447   1.170034    -164.886 0   0.067783   0.038156   0.019304   0.010401   0.009046   -15.5719   -17.0784   -17.7633   -18.0698   -18.2651     1.5065     2.1914     0.3065
139.797431  34.452817  19.5969  18.1227  17.5472  17.2336  17.0582    0.02110000   0.00015205   6336.713    45.583443   0.697547   1.171881    -577.700 0   0.124643   0.057561   0.048905   0.013136  -0.022401   -15.3258   -16.7329   -17.2998   -17.5776   -17.7175     1.4071     1.9740     0.2778
139.297700  34.253154  18.4130  16.8801  16.2281  15.8610  15.6217    0.02230000   0.00018760   6683.903    56.241065   0.713877   1.199316    -230.510 0   0.172156   0.101680   0.064830   0.016631   0.004430   -16.6782   -18.1406   -18.7558   -19.0747   -19.3018     1.4624     2.0776     0.3189
140.153892  33.074724  16.4978  14.9026  14.1922  13.8180  13.5400    0.02160000   0.00011401   6466.913    34.179338   0.714765   1.200807    -447.500 0   0.145216   0.096197   0.050212   0.021122   0.023216   -18.4854   -20.0316   -20.6960   -21.0412   -21.3212     1.5462     2.2106     0.3451
140.379320  34.387115  18.0178  16.2676  15.4908  15.1568  14.8930    0.03050000   0.00017049   9152.334    51.111616   0.730797   1.227741    2237.921 1   0.089756   0.068909   0.029323   0.018046   0.019361   -17.6539   -19.3833   -20.1205   -20.4432   -20.7083     1.7294     2.4666     0.3227
140.586745  33.250571  18.6954  17.6542  17.2697  17.0387  16.9735    0.02130000   0.00008813   6375.117    26.420709   0.753648   1.266132    -539.297 0   0.107203   0.019350   0.049805  -0.010021  -0.029481   -16.2305   -17.1839   -17.5988   -17.7700   -17.8157     0.9533     1.3683     0.1712
139.044487  33.529696  17.7403  15.9824  15.2113  14.8475  14.5649    0.02280000   0.00014454   6824.266    43.332002   0.765913   1.286736     -90.148 0   0.107526   0.083071   0.035535   0.020796   0.023058   -17.3132   -19.0467   -19.7702   -20.1193   -20.4042     1.7334     2.4570     0.3491
139.719150  34.515730  18.1554  16.9722  16.5239  16.2990  16.1482    0.02180000   0.00021101   6542.940    63.259207   0.771389   1.295936    -371.473 0   0.084996   0.021103   0.032528   0.003698  -0.037961   -16.7775   -17.8968   -18.3566   -18.5526   -18.6618     1.1193     1.5790     0.1961
140.886035  33.754955  16.6730  14.8792  14.1165  13.7391  13.4862    0.02210000   0.00017040   6631.619    51.084635   0.801484   1.346497    -282.794 0   0.134548   0.101198   0.044400   0.023627   0.027359   -18.3709   -20.1313   -20.8372   -21.1939   -21.4505     1.7604     2.4664     0.3566
140.400596  34.474097  19.8418  18.1632  17.5059  17.2710  17.1150    0.02150000   0.00017259   6449.825    51.741180   0.814841   1.368936    -464.588 0   0.045485   0.020026   0.010989   0.006177  -0.001385   -15.0428   -16.6960   -17.3442   -17.5743   -17.7228     1.6531     2.3014     0.2301
139.648401  34.553220  16.6742  14.7128  13.8264  13.3192  12.9259    0.02120000   0.00016004   6352.602    47.978785   0.822304   1.381474    -561.811 0   0.489563   0.392193   0.147698   0.100373   0.070132   -18.6023   -20.4663   -21.1082   -21.5681   -21.9311     1.8640     2.5059     0.4599
140.181792  32.968722  19.3144  18.1028  17.4510  17.1516  16.9679    0.02400000   0.00009504   7206.591    28.492275   0.823118   1.382841     292.178 0   0.000513   0.000227   0.000103   0.000070   0.000000   -15.7443   -16.9556   -17.6072   -17.9066   -18.0902     1.2113     1.8630     0.2994
139.484307  34.509308  17.0895  15.4992  14.8706  14.5328  14.3477    0.02330000   0.00015708   6973.502    47.091399   0.830289   1.394888      59.089 0   0.111017   0.058208   0.038605   0.014511   0.004385   -18.0244   -19.5619   -20.1709   -20.4846   -20.6596     1.5375     2.1465     0.3137
140.490815  33.073786  19.3464  18.0866  17.5366  17.2064  17.0548    0.02160000   0.00017786   6480.404    53.321087   0.835842   1.404218    -434.010 0   0.178792   0.097798   0.079700  -0.003203  -0.073603   -15.6704   -16.8492   -17.3811   -17.6284   -17.7096     1.1788     1.7107     0.2473
140.916459  33.981114  18.7877  17.6612  17.1406  16.9076  16.7108    0.02170000   0.00008758   6495.004    26.255823   0.855025   1.436445    -419.410 0   0.071227   0.022498   0.023209   0.008359  -0.032217   -16.1214   -17.1992   -17.7205   -17.9386   -18.0949     1.0778     1.5991     0.2181
139.419008  33.014602  17.9736  16.3718  15.6331  15.2634  14.9929    0.02320000   0.00008269   6967.836    24.789838   0.857296   1.440260      53.423 0   0.156061   0.107756   0.052889   0.023191   0.026825   -17.1665   -18.7200   -19.4038   -19.7438   -20.0180     1.5535     2.2373     0.3400
139.595017  32.934687  18.5602  17.5374  17.1368  16.9290  16.8347    0.02640000   0.00010083   7925.853    30.228074   0.871778   1.464590    1011.440 1   0.074620   0.013247   0.027589  -0.001843  -0.022260   -16.7809   -17.7423   -18.1573   -18.3356   -18.4095     0.9614     1.3764     0.1784
140.578822  33.077424  18.3557  17.5447  17.2994  17.1605  17.0001    0.02540000   0.00008163   7600.188    24.472058   0.876458   1.472453     685.775 0   0.002490   0.000219   0.000552  -0.000233  -0.000101   -16.8503   -17.6591   -17.9047   -18.0428   -18.2033     0.8087     1.0544     0.1381
139.034988  34.245905  18.5059  17.5534  17.3068  17.1381  17.0250    0.02370000   0.00008714   7118.932    26.123915   0.881461   1.480858     204.518 0   0.089042   0.010260   0.038686  -0.013027  -0.007658   -16.6353   -17.5090   -17.7840   -17.9010   -18.0195     0.8737     1.1487     0.1170
139.012640  34.231587  17.0946  15.8898  15.3604  15.0357  14.8038    0.03210000   0.00009645   9627.745    28.914983   0.889436   1.494255    2713.332 1   0.185690   0.127082   0.095224  -0.011441  -0.097369   -18.7848   -19.9310   -20.4285   -20.6465   -20.7925     1.1462     1.6437     0.2180
140.490946  33.006386  16.9042  15.0669  14.3027  13.9142  13.6455    0.02090000   0.00018924   6264.643    56.732725   0.892291   1.499053    -649.770 0   0.088252   0.075194   0.029453   0.019708   0.020791   -17.9398   -19.7640   -20.4825   -20.8612   -21.1310     1.8242     2.5427     0.3788
140.727704  33.142068  18.1051  17.0323  16.6213  16.3942  16.2737    0.02170000   0.00009051   6504.567    27.134215   0.913352   1.534434    -409.846 0   0.084526   0.017984   0.033078   0.000278  -0.032225   -16.8173   -17.8236   -18.2497   -18.4440   -18.5320     1.0063     1.4324     0.1943
139.170285  34.447572  17.9470  16.5221  15.9750  15.6842  15.5823    0.02370000   0.00017849   7102.653    53.509956   0.926920   1.557229     188.240 0   0.090325   0.035646   0.031386   0.011435  -0.025981   -17.1955   -18.5657   -19.1085   -19.3794   -19.4438     1.3702     1.9131     0.2708
140.046753  32.829357  18.6304  17.0328  16.3445  16.0201  15.7572    0.02250000   0.00014019   6753.874    42.027905   0.939385   1.578171    -160.539 0   0.052704   0.031788   0.014254   0.008805   0.008642   -16.3393   -17.9160   -18.5868   -18.9057   -19.1685     1.5767     2.2475     0.3190
140.978453  33.386704  18.8975  17.8012  17.3442  17.0576  17.0236    0.02290000   0.00030036   6875.290    90.045663   0.955493   1.605231     -39.123 0   0.132612   0.041671   0.061390  -0.002219  -0.064719   -16.2122   -17.2175   -17.6943   -17.9172   -17.8887     1.0054     1.4821     0.2230
138.917237  34.331700  19.2065  17.8296  17.3420  17.0777  16.9388    0.02280000   0.00019059   6830.381    57.137445   1.010520   1.697677     -84.032 0   0.098413   0.031552   0.038978   0.008119  -0.046735   -15.8379   -17.1480   -17.6430   -17.8764   -17.9605     1.3100     1.8051     0.2334
139.218722  34.589589  19.8223  18.1476  17.2164  16.7586  16.3827    0.03190000   0.00009728   9565.958    29.163810   1.012464   1.700943    2651.544 1   0.485996   0.414261   0.163671   0.097163   0.064079   -16.3437   -17.9467   -18.6273   -19.0186   -19.3614     1.6030     2.2836     0.3913
139.351003  34.674377  17.2860  15.4723  14.6778  14.2975  13.9995    0.02340000   0.00017168   7030.133    51.468369   1.027591   1.726357     115.720 0   0.102758   0.088194   0.034125   0.022303   0.024226   -17.8195   -19.6187   -20.3591   -20.7276   -21.0275     1.7991     2.5396     0.3685
139.513418  34.760784  18.2072  17.1840  16.8624  16.6980  16.6455    0.02150000   0.00011634   6447.427    34.877855   1.054016   1.770751    -466.987 0   0.093766   0.010547   0.042222  -0.015160  -0.006887   -16.7257   -17.6657   -18.0190   -18.1260   -18.1868     0.9400     1.2933     0.1070
139.242384  34.667372  17.5477  15.7219  14.9117  14.5255  14.2338    0.02200000   0.00017602   6581.883    52.769468   1.066353   1.791476    -332.530 0   0.164946   0.130213   0.051394   0.028903   0.034581   -17.4852   -19.2762   -20.0076   -20.3713   -20.6687     1.7911     2.5224     0.3637
140.058485  32.701082  19.3743  18.1404  17.5538  17.2924  17.0948    0.02330000   0.00025228   6998.265    75.631641   1.067963   1.794182      83.852 0   0.018053   0.006874   0.003576   0.002521  -0.003112   -15.6467   -16.8694   -17.4527   -17.7131   -17.9050     1.2227     1.8060     0.2603
139.509561  34.784113  21.4274  22.8141  20.7681  20.3335  20.7765    0.02190000   0.00012139   6550.945    36.391806   1.077143   1.809604    -363.468 0   0.595794   1.148400   0.488513   0.268356   0.094849   -14.0263   -13.1923   -14.5784   -14.7928   -14.1763    -0.8341     0.5520     0.2144
139.965738  32.663695  18.5200  17.1142  16.6166  16.3502  16.1471    0.02360000   0.00008453   7062.151    25.341456   1.099906   1.847846     147.738 0   0.109880   0.038301   0.045381   0.008606  -0.050477   -16.6328   -17.9670   -18.4717   -18.7013   -18.8453     1.3342     1.8389     0.2296
139.747784  34.862188  17.3717  15.6275  14.8721  14.5271  14.2459    0.02290000   0.00013745   6859.971    41.206473   1.108688   1.862600     -54.442 0   0.067697   0.052525   0.021472   0.014476   0.014818   -17.6731   -19.4021   -20.1264   -20.4644   -20.7460     1.7290     2.4534     0.3380
139.886545  32.653650  17.3353  15.8192  15.1273  14.7767  14.5287    0.02160000   0.00015313   6461.667    45.907219   1.109741   1.864369    -452.747 0   0.110645   0.067487   0.037175   0.016622   0.015879   -17.6134   -19.0863   -19.7479   -20.0780   -20.3252     1.4729     2.1345     0.3300
141.033881  33.137064  19.3923  18.0841  17.5978  17.4196  17.3203    0.02110000   0.00009979   6320.944    29.916289   1.116346   1.875465    -593.469 0   0.015050   0.003675   0.003163   0.001609  -0.006879   -15.4208   -16.7176   -17.2034   -17.3801   -17.4709     1.2968     1.7826     0.1766
140.447453  34.803382  17.8823  16.9901  16.6973  16.5062  16.3438    0.02450000   0.00008721   7347.793    26.144900   1.128369   1.895665     433.380 0   0.113680   0.014024   0.057416  -0.023312  -0.010398   -17.3561   -18.1486   -18.4848   -18.5952   -18.7705     0.7925     1.1287     0.1104
139.604248  34.861916  19.5036  18.0512  17.1838  16.8754  16.6897    0.02330000   0.00018377   6980.517    55.092860   1.130220   1.898774      66.104 0   0.048497   0.026733   0.012451   0.007423   0.006460   -15.5478   -16.9785   -17.8316   -18.1350   -18.3197     1.4306     2.2838     0.3034
139.949158  34.909443  18.0101  17.0551  16.6866  16.5281  16.3855    0.01730000   0.00008497   5175.017    25.473365   1.146665   1.926401   -1739.396 1   0.051866   0.005539   0.016301  -0.005253  -0.004274   -16.4055   -17.3142   -17.6934   -17.8304   -17.9739     0.9087     1.2879     0.1369
140.988334  32.964918  16.9915  15.3595  14.7051  14.3867  14.1447    0.02380000   0.00014841   7132.662    44.492199   1.192811   2.003927     218.249 0   0.040458   0.022676   0.009981   0.006333   0.005781   -18.1196   -19.7338   -20.3755   -20.6903   -20.9317     1.6142     2.2559     0.3148
139.064806  34.722411  19.3764  18.1773  17.6153  17.3630  17.1379    0.02260000   0.00011386   6787.361    34.134369   1.195115   2.007798    -127.052 0   0.062161   0.023434   0.017821   0.008490  -0.016961   -15.6125   -16.7729   -17.3293   -17.5722   -17.7719     1.1604     1.7168     0.2430
140.919670  32.883511  17.7051  16.7125  16.3957  16.2453  16.1631    0.02420000   0.00010343   7250.361    31.007534   1.208891   2.030941     335.947 0   0.064206   0.006673   0.022906  -0.007892  -0.004110   -17.4354   -18.3705   -18.7035   -18.8231   -18.9091     0.9351     1.2681     0.1196
141.328802  34.112490  17.1357  15.9472  15.5276  15.3039  15.1595    0.02260000   0.00010520   6782.145    31.538167   1.220638   2.050676    -132.268 0   0.100706   0.022980   0.043451  -0.001299  -0.040441   -17.8917   -19.0025   -19.4426   -19.6215   -19.7268     1.1108     1.5508     0.1790
140.840845  34.728604  19.0758  18.0559  17.7079  17.5063  17.3318    0.02750000   0.00007619   8240.695    22.841187   1.231218   2.068451    1326.282 1   0.112035   0.017189   0.054664  -0.016924  -0.020994   -16.4134   -17.3384   -17.7239   -17.8539   -18.0244     0.9251     1.3105     0.1300
139.735341  32.513018  18.7350  17.0589  16.3290  15.9846  15.7380    0.02670000   0.00016237   8003.379    48.677301   1.259577   2.116094    1088.966 1   0.092583   0.062737   0.029764   0.016302   0.017312   -16.6785   -18.3248   -19.0217   -19.3527   -19.6003     1.6463     2.3432     0.3309
139.635732  35.001708  17.1350  15.3310  14.5408  14.1580  13.9084    0.02310000   0.00016210   6925.266    48.596357   1.261363   2.119094      10.852 0   0.172988   0.127340   0.055862   0.027061   0.032681   -18.0341   -19.7924   -20.5111   -20.8651   -21.1204     1.7584     2.4771     0.3540
140.865387  32.750872  18.8455  17.7121  17.2310  16.9567  16.9554    0.02400000   0.00009891   7206.531    29.652472   1.280428   2.151124     292.118 0   0.005245   0.001555   0.001085   0.000720  -0.002286   -16.2179   -17.3476   -17.8282   -18.1022   -18.1005     1.1297     1.6103     0.2739
140.451589  32.557504  17.5162  16.4279  15.9427  15.6794  15.4872    0.02380000   0.00008343   7134.671    25.011685   1.283378   2.156079     220.258 0   0.122103   0.041267   0.053806   0.004843  -0.059153   -17.6765   -18.6840   -19.1817   -19.3961   -19.5243     1.0075     1.5052     0.2143
138.420474  33.324882  16.7175  15.5354  15.1690  14.9497  14.8691    0.01130000   0.00010097   3395.509    30.270044   1.322936   2.222537   -3518.904 1   0.098793   0.016926   0.043984  -0.008372  -0.025355   -16.7904   -17.8907   -18.2841   -18.4511   -18.5147     1.1002     1.4937     0.1669
141.186424  32.946948  18.5971  17.5360  16.9996  16.6979  16.4700    0.02670000   0.00010941   7993.876    32.800293   1.330752   2.235668    1079.463 1   0.177255   0.158299   0.107651  -0.020592  -0.104052   -16.9011   -17.9433   -18.4290   -18.6025   -18.7469     1.0421     1.5279     0.1735
140.103688  35.090165  19.0597  17.6224  16.9878  16.6541  16.4981    0.02330000   0.00017265   6973.922    51.759168   1.335732   2.244035      59.509 0   0.113150   0.057149   0.040306   0.014223  -0.000855   -16.0564   -17.4377   -18.0554   -18.3631   -18.5040     1.3813     1.9991     0.3076
139.444726  32.468293  17.8088  16.0553  15.2696  14.8965  14.6136    0.02360000   0.00017143   7080.498    51.393421   1.354142   2.274963     166.085 0   0.129062   0.099742   0.042404   0.023667   0.027180   -17.3632   -19.0873   -19.8157   -20.1701   -20.4565     1.7242     2.4525     0.3544
141.185930  32.876955  18.1219  16.7242  15.9736  15.5609  15.1962    0.02420000   0.00011711   7253.179    35.108695   1.374472   2.309117     338.765 0   0.310971   0.268202   0.128863   0.050580   0.010908   -17.2654   -18.6203   -19.2315   -19.5660   -19.8910     1.3549     1.9662     0.3344
139.644844  35.138115  18.7140  17.9204  17.6231  17.5036  17.3935    0.01740000   0.00010152   5226.402    30.434930   1.394285   2.342404   -1688.011 1   0.009236   0.000773   0.002044  -0.000923  -0.000235   -15.6500   -16.4352   -16.7338   -16.8503   -16.9611     0.7851     1.0837     0.1165
140.972046  32.667430  18.1953  17.1178  16.6373  16.3986  16.1493    0.02400000   0.00008262   7202.934    24.768853   1.400826   2.353393     288.520 0   0.138763   0.045685   0.064064  -0.003473  -0.068297   -17.0016   -17.9860   -18.4849   -18.6561   -18.8405     0.9844     1.4833     0.1712
139.904986  32.353198  16.7897  15.8449  15.4172  15.1631  14.9829    0.02650000   0.00010032   7937.815    30.075179   1.409873   2.368591    1023.402 1   0.136449   0.036486   0.065728  -0.011796  -0.059003   -18.6215   -19.4663   -19.9233   -20.0998   -20.2328     0.8448     1.3018     0.1766
140.991677  32.663718  17.7166  16.2880  15.5956  15.2671  15.0122    0.02360000   0.00011687   7073.813    35.036745   1.413938   2.375421     159.400 0   0.053479   0.031018   0.014279   0.008575   0.008089   -17.3798   -18.7859   -19.4616   -19.7844   -20.0388     1.4061     2.0818     0.3228
138.269189  33.421249  17.0736  16.0461  15.7117  15.5921  15.5092    0.01130000   0.00000653   3393.111     1.957645   1.415916   2.378743   -3521.302 1   0.038332   0.003579   0.010220  -0.004008  -0.001741   -16.3739   -17.3666   -17.7077   -17.8130   -17.8982     0.9927     1.3338     0.1054
138.578481  34.635018  19.0005  17.4073  16.7626  16.4549  16.2161    0.02290000   0.00015530   6859.491    46.557769   1.417018   2.380595     -54.922 0   0.029699   0.014810   0.006647   0.004229   0.002702   -16.0063   -17.5846   -18.2211   -18.5264   -18.7637     1.5783     2.2148     0.3053
138.235081  34.062538  17.3253  15.9627  15.3269  14.9968  14.7485    0.03230000   0.00016036   9671.634    48.074719   1.434041   2.409194    2757.221 1   0.103087   0.052479   0.034895   0.013650   0.002582   -18.5134   -19.8254   -20.4436   -20.7525   -20.9897     1.3120     1.9302     0.3089
140.120976  35.189985  18.2965  17.4719  17.2605  17.1914  16.9852    0.02500000   0.00008932   7507.523    26.777462   1.436541   2.413394     593.109 0   0.002179   0.000194   0.000483  -0.000200  -0.000097   -16.8619   -17.6845   -17.8962   -17.9646   -18.1709     0.8226     1.0343     0.0684
141.387680  34.578055  17.8716  17.0537  16.7420  16.6106  16.5154    0.01720000   0.00009310   5170.580    27.910678   1.465953   2.462806   -1743.833 1   0.005633   0.000482   0.001248  -0.000549  -0.000178   -16.4636   -17.2763   -17.5888   -17.7184   -17.8139     0.8127     1.1252     0.1296
140.097403  35.241489  16.9936  16.1157  15.7496  15.6014  15.4915    0.02540000   0.00007691   7621.624    23.057038   1.485663   2.495918     707.210 1   0.021866   0.001845   0.005056  -0.002248  -0.000552   -18.2318   -19.0897   -19.4590   -19.5999   -19.7115     0.8579     1.2272     0.1409
138.954968  32.488627  19.4814  18.0320  17.7045  17.5196  17.4717    0.01410000   0.00015631   4240.474    46.860559   1.506765   2.531371   -2673.939 1   0.100278   0.011708   0.047121  -0.017393  -0.008217   -14.5133   -15.8741   -16.2370   -16.3574   -16.4145     1.3608     1.7237     0.1204
139.646247  32.270008  17.0421  15.5561  14.8840  14.4955  14.2438    0.02690000   0.00010489   8061.089    31.445231   1.510489   2.537627    1146.676 1   0.215104   0.146642   0.083295   0.020660   0.004975   -18.5020   -19.9195   -20.5283   -20.8541   -21.0901     1.4175     2.0263     0.3259
138.969415  32.465985  17.2934  16.3952  15.9396  15.7973  15.6880    0.01430000   0.00011119   4290.869    33.333923   1.519669   2.553050   -2623.544 1   0.005340   0.000806   0.001158   0.000013  -0.001403   -16.6587   -17.5524   -18.0083   -18.1495   -18.2574     0.8937     1.3496     0.1412
139.137781  35.161259  16.8443  15.9614  15.7319  15.6390  15.5392    0.01730000   0.00012132   5196.692    36.370821   1.542781   2.591878   -1717.721 1   0.009581   0.000839   0.002117  -0.000897  -0.000379   -17.5290   -18.4032   -18.6339   -18.7238   -18.8241     0.8742     1.1049     0.0899
138.211460  33.142979  18.2603  16.5224  15.7648  15.4092  15.1212    0.02650000   0.00016978   7933.258    50.898764   1.551336   2.606250    1018.845 1   0.074659   0.059855   0.024271   0.016224   0.016780   -17.0891   -18.8122   -19.5342   -19.8818   -20.1703     1.7231     2.4451     0.3476
141.490737  34.629883  16.8940  15.7002  15.3500  15.1744  15.0684    0.02430000   0.00018299   7299.587    54.859022   1.565988   2.630865     385.173 0   0.089828   0.012504   0.038458  -0.009793  -0.014822   -18.2811   -19.3976   -19.7738   -19.9011   -20.0021     1.1165     1.4926     0.1273
139.057793  35.182908  18.3209  17.4886  17.3885  17.3064  17.4290    0.01740000   0.00000748   5212.222     2.242448   1.591324   2.673430   -1702.192 1   0.003343   0.000293   0.000741  -0.000315  -0.000129   -16.0373   -16.8665   -16.9671   -17.0481   -16.9257     0.8292     0.9298     0.0810
138.166983  33.127243  18.7987  17.7366  17.2827  17.0812  16.9497    0.02670000   0.00008242   7999.212    24.708894   1.591519   2.673758    1084.799 1   0.038738   0.008482   0.009890   0.002663  -0.016340   -16.5610   -17.5928   -18.0482   -18.2424   -18.3549     1.0318     1.4872     0.1943
139.313977  35.291267  18.8376  17.4320  16.8187  16.4908  16.4134    0.02380000   0.00026037   7121.000    78.056962   1.609691   2.704287     206.587 0   0.096670   0.045206   0.032555   0.012571  -0.005973   -16.3297   -17.6838   -18.2845   -18.5924   -18.6513     1.3541     1.9548     0.3079
140.219664  35.368281  15.8593  14.0567  13.5178  13.2164  13.5024    0.02500000   0.00016750   7489.955    50.215237   1.624243   2.728733     575.542 0   0.002691   0.000939   0.000543   0.000387  -0.000791   -19.2996   -21.1005   -21.6390   -21.9402   -21.6530     1.8008     2.3394     0.3012
140.200359  35.373354  17.3562  16.5165  16.0408  15.8255  15.7018    0.02460000   0.00008164   7366.440    24.475056   1.626897   2.733193     452.027 0   0.000592   0.000132   0.000126   0.000052  -0.000260   -17.7780   -18.6172   -19.0929   -19.3082   -19.4316     0.8392     1.3149     0.2152
138.439139  34.837332  16.5035  15.1100  14.5153  14.1981  13.9851    0.02370000   0.00016802   7118.512    50.371129   1.635207   2.747154     204.099 0   0.119931   0.056893   0.045454   0.013743  -0.013898   -18.6686   -19.9990   -20.5823   -20.8678   -21.0531     1.3305     1.9137     0.2855
141.655696  32.919201  18.0508  16.4103  15.6631  15.2908  14.9973    0.02700000   0.00014954   8104.349    44.830964   1.670130   2.805824    1189.936 1   0.127730   0.093061   0.042602   0.022020   0.025162   -17.4140   -19.0198   -19.7166   -20.0683   -20.3649     1.6058     2.3026     0.3517
141.272841  32.491231  18.4798  17.5625  17.3322  17.1938  17.0877    0.02340000   0.00008603   7017.302    25.791145   1.696630   2.850345     102.889 0   0.008122   0.000682   0.001798  -0.000809  -0.000214   -16.5311   -17.4410   -17.6724   -17.8082   -17.9149     0.9099     1.1413     0.1358
141.816834  34.427195  17.1247  15.2632  14.4273  14.0213  13.7002    0.02310000   0.00016657   6917.621    49.936430   1.709559   2.872065       3.208 0   0.175508   0.142452   0.052625   0.031478   0.037769   -18.0469   -19.8753   -20.6214   -21.0063   -21.3336     1.8284     2.5745     0.3849
137.866208  33.853416  17.5341  16.2801  15.7662  15.5038  15.3191    0.02690000   0.00017832   8062.259    53.458991   1.711459   2.875258    1147.845 1   0.107036   0.037659   0.043370   0.009274  -0.048121   -17.9019   -19.0865   -19.6061   -19.8344   -19.9617     1.1846     1.7042     0.2283
140.521651  35.424978  16.5836  15.5713  15.1571  14.9492  14.7979    0.02520000   0.00007833   7548.714    23.482743   1.735133   2.915031     634.301 1   0.066811   0.012406   0.023119  -0.000248  -0.021853   -18.6695   -19.6274   -20.0523   -20.2368   -20.3665     0.9579     1.3828     0.1845
141.534563  34.895391  15.7015  14.9577  14.6471  14.4862  14.2643    0.01630000   0.00010719   4876.244    32.134754   1.754851   2.948156   -2038.169 1   0.004523   0.000398   0.001001  -0.000423  -0.000182   -18.5149   -19.2546   -19.5658   -19.7253   -19.9474     0.7397     1.0509     0.1595
141.917767  34.533176  17.0783  16.0773  15.7497  15.5787  15.4695    0.01730000   0.00008089   5194.234    24.250212   1.829210   3.073079   -1720.179 1   0.085692   0.009395   0.036545  -0.012831  -0.005947   -17.3711   -18.2958   -18.6506   -18.7722   -18.8883     0.9247     1.2795     0.1216
139.786743  35.605340  19.1226  18.0693  17.7471  17.5933  17.8089    0.01760000   0.00014217   5288.549    42.621494   1.845768   3.100897   -1625.864 1   0.080236   0.008820   0.032756  -0.011128  -0.005948   -15.3375   -16.3193   -16.6655   -16.7754   -16.5650     0.9819     1.3280     0.1099
137.648410  33.732726  17.4859  16.3436  15.7359  15.4908  15.2721    0.01130000   0.00000740   3381.869     2.218464   1.890377   3.175840   -3532.544 1   0.022718   0.008821   0.004701   0.003154  -0.003545   -15.9459   -17.0744   -17.6779   -17.9215   -18.1335     1.1284     1.7320     0.2436
137.898194  32.848797  16.4934  15.1935  14.7491  14.5303  14.7107    0.01470000   0.00020938   4408.148    62.770545   1.914811   3.216889   -2506.265 1   0.064543   0.015722   0.021122   0.004313  -0.028927   -17.5784   -18.8294   -19.2792   -19.4812   -19.2676     1.2511     1.7009     0.2020
140.944124  35.483404  16.7871  15.5902  15.1212  14.8227  14.6120    0.02650000   0.00009444   7951.036    28.312400   1.918812   3.223611    1036.622 1   0.164547   0.067566   0.074795  -0.014481  -0.083561   -18.6522   -19.7521   -20.2283   -20.4376   -20.5792     1.0999     1.5761     0.2092
142.133018  34.389057  17.3002  16.4468  16.2316  16.1776  16.0701    0.01740000   0.00009063   5218.697    27.170190   1.941807   3.262243   -1695.716 1   0.009035   0.000796   0.001997  -0.000838  -0.000376   -17.0636   -17.9088   -18.1252   -18.1764   -18.2843     0.8452     1.0616     0.0512
139.460029  35.694645  18.3618  17.2866  17.0105  16.8185  16.7283    0.02980000   0.00009295   8941.910    27.865709   1.969455   3.308691    2027.496 1   0.101105   0.011752   0.047784  -0.017846  -0.008050   -17.2920   -18.2778   -18.5900   -18.7163   -18.8163     0.9858     1.2980     0.1264
137.826324  34.715998  18.6543  17.3557  16.8259  16.5530  16.3585    0.02710000   0.00008555   8121.168    25.647245   1.985840   3.336218    1206.755 1   0.094827   0.035455   0.034867   0.011029  -0.035198   -16.7642   -18.0034   -18.5326   -18.7817   -18.9300     1.2392     1.7684     0.2491
141.427290  35.306035  17.4406  16.1850  15.6949  15.4118  15.2176    0.01640000   0.00018971   4920.524    56.873627   1.986704   3.337670   -1993.890 1   0.124748   0.045439   0.054277   0.006703  -0.057696   -16.9444   -18.1207   -18.6196   -18.8552   -18.9850     1.1763     1.6752     0.2355
137.641228  34.434274  18.5526  17.4668  17.1103  16.9049  16.8251    0.02710000   0.00007763   8118.260    23.272889   2.011423   3.379197    1203.847 1   0.112770   0.017478   0.055167  -0.017056  -0.021576   -16.8838   -17.8743   -18.2685   -18.4017   -18.4770     0.9905     1.3847     0.1332
140.190806  35.762916  18.6065  17.6028  17.4667  17.3753  17.2718    0.02530000   0.00008993   7570.209    26.960336   2.012363   3.380777     655.796 1   0.076059   0.008282   0.029891  -0.009978  -0.005631   -16.6645   -17.6004   -17.7581   -17.8097   -17.9175     0.9359     1.0936     0.0515
141.966769  32.653417  16.4504  14.9959  14.3979  14.0640  13.8323    0.02700000   0.00015818   8104.979    47.421171   2.029989   3.410389    1190.566 1   0.138503   0.070302   0.054119   0.014300  -0.011276   -19.0252   -20.4115   -20.9933   -21.2874   -21.4935     1.3863     1.9681     0.2941
142.270247  34.345302  18.3515  17.4273  17.1697  16.9974  17.1381    0.02290000   0.00007912   6862.040    23.719579   2.037195   3.422494     -52.374 0   0.098901   0.011527   0.046060  -0.016818  -0.008144   -16.7245   -17.5613   -17.8534   -17.9628   -17.8308     0.8368     1.1290     0.1094
137.756136  34.740870  18.1758  17.3497  17.1227  17.0189  16.9235    0.01750000   0.00009086   5232.008    27.239143   2.048977   3.442289   -1682.405 1   0.004442   0.000392   0.000983  -0.000413  -0.000184   -16.2086   -17.0307   -17.2582   -17.3606   -17.4563     0.8221     1.0496     0.1024
138.858914  31.910883  19.1715  18.0857  17.6396  17.4048  17.2968    0.01450000   0.00019293   4337.517    57.838959   2.052175   3.447662   -2576.896 1   0.093066   0.022883   0.037741   0.002311  -0.040851   -14.9140   -15.9296   -16.3905   -16.5899   -16.6547     1.0156     1.4766     0.1994
142.394103  33.797513  17.4753  16.2970  15.8204  15.5218  15.3151    0.03180000   0.00012254   9523.237    36.736568   2.055456   3.453174    2608.824 1   0.162714   0.065523   0.073708  -0.012986  -0.082157   -18.3676   -19.4487   -19.9335   -20.1454   -20.2829     1.0811     1.5659     0.2119
137.632016  34.559207  17.9655  16.8467  16.4921  16.2656  16.1106    0.02720000   0.00007743   8145.751    23.212930   2.063555   3.466781    1231.338 1   0.126756   0.021057   0.065003  -0.023648  -0.026147   -17.4930   -18.5061   -18.9046   -19.0425   -19.1950     1.0131     1.4116     0.1378
138.236967  35.295124  19.3017  18.0525  17.6509  17.4928  17.4042    0.02330000   0.00008476   6998.805    25.410409   2.075996   3.487680      84.392 0   0.078815   0.014450   0.030151  -0.001989  -0.024487   -15.7800   -16.9649   -17.3822   -17.5081   -17.5742     1.1848     1.6021     0.1260
142.230522  32.925696  18.9038  17.9844  17.6949  17.5931  17.4191    0.02690000   0.00007754   8056.862    23.245907   2.093874   3.517716    1142.449 1   0.004076   0.000355   0.000903  -0.000387  -0.000151   -16.4292   -17.3449   -17.6350   -17.7355   -17.9097     0.9157     1.2057     0.1005
140.209656  35.853043  18.6456  17.6592  17.3897  17.2400  17.2181    0.02360000   0.00010204   7071.864    30.590822   2.103679   3.534189     157.451 0   0.066994   0.006965   0.024547  -0.008501  -0.004177   -16.4643   -17.3907   -17.6777   -17.7944   -17.8206     0.9264     1.2135     0.1167
141.377837  32.028174  18.6642  17.5697  17.0353  16.7369  16.5391    0.03620000   0.00007547  10837.887    22.625337   2.115289   3.553694    3923.474 1   0.179544   0.121400   0.096209  -0.021259  -0.101857   -17.4993   -18.5356   -19.0448   -19.2258   -19.3430     1.0364     1.5456     0.1809
