 24.344692  -0.447699  19.7168  17.9189  17.1395  16.7882  16.5093    0.05570000   0.00015479  16712.920    46.404875   0.008487   0.033513     -52.074 0   0.110244   0.084813   0.036447   0.021077   0.023488   -17.2952   -19.0676   -19.7987   -20.1346   -20.4159     1.7725     2.5035     0.3359
 24.357073  -0.468958  18.6532  17.2497  16.6809  16.3617  16.1876    0.05540000   0.00019571  16607.033    58.672382   0.016584   0.065483    -157.961 0   0.137730   0.063557   0.056552   0.011681  -0.033396   -18.3704   -19.6997   -20.2615   -20.5358   -20.6649     1.3293     1.8911     0.2743
 24.350887  -0.416578  20.0633  18.2938  17.5065  17.1263  16.8807    0.05620000   0.00017759  16845.338    53.240143   0.037039   0.146254      80.344 0   0.202433   0.147563   0.064903   0.029563   0.035638   -17.0603   -18.7750   -19.4796   -19.8245   -20.0761     1.7146     2.4193     0.3449
 24.309550  -0.469840  18.9979  17.9946  17.6673  17.4799  17.3782    0.05520000   0.00007870  16539.670    23.593666   0.044301   0.174929    -225.324 0   0.089661   0.010150   0.039179  -0.013507  -0.007076   -17.9697   -18.8935   -19.2498   -19.3846   -19.4927     0.9238     1.2801     0.1347
 24.342187  -0.498441  19.0398  17.4115  16.6787  16.2956  16.0299    0.05540000   0.00019372  16607.753    58.075795   0.045640   0.180216    -157.241 0   0.177949   0.121338   0.060489   0.023992   0.027607   -18.0240   -19.5957   -20.2676   -20.6143   -20.8836     1.5717     2.2436     0.3466
 24.303627  -0.504307  17.1414  15.2724  14.4294  14.0273  13.7354    0.05610000   0.00019788  16828.310    59.322932   0.069226   0.273353      63.316 0   0.230907   0.177124   0.067758   0.037695   0.044617   -20.0028   -21.8180   -22.5516   -22.9237   -23.2225     1.8152     2.5489     0.3720
 24.413088  -0.494337  18.0220  17.0528  16.7525  16.5146  16.4514    0.05100000   0.00008137  15282.940    24.394112   0.074436   0.293925   -1482.054 1   0.131665   0.018232   0.070102  -0.033072  -0.015482   -18.8361   -19.6919   -20.0441   -20.1788   -20.2596     0.8558     1.2079     0.1347
 24.414078  -0.407998  18.8713  16.9917  16.1410  15.7401  15.4481    0.05600000   0.00017803  16782.472    53.372051   0.078027   0.308102      17.478 0   0.258981   0.198324   0.075127   0.043636   0.048654   -18.3011   -20.1201   -20.8476   -21.2170   -21.5140     1.8189     2.5464     0.3694
 24.430516  -0.486200  18.2209  16.4486  15.6711  15.3067  15.0432    0.05130000   0.00016231  15380.312    48.659314   0.086138   0.340132   -1384.681 1   0.185811   0.133696   0.060551   0.027208   0.032821   -18.6828   -20.4030   -21.1074   -21.4384   -21.7075     1.7202     2.4245     0.3311
 24.243598  -0.399581  17.4863  15.7907  14.9356  14.4573  14.0825    0.05600000   0.00018780  16780.103    56.301024   0.120025   0.473942      15.110 0   0.437664   0.370905   0.150447   0.088368   0.056809   -19.8648   -21.4936   -22.1283   -22.5445   -22.8877     1.6288     2.2635     0.4162
 24.377372  -0.326126  17.9854  16.8550  16.4103  16.1530  16.0661    0.04310000   0.00010721  12927.351    32.140749   0.130236   0.514259   -3837.643 1   0.102291   0.027478   0.043186   0.003032  -0.047511   -18.4810   -19.5365   -19.9969   -20.2141   -20.2504     1.0556     1.5160     0.2171
 24.276296  -0.337354  19.9416  18.2315  17.4825  17.1518  16.9016    0.05580000   0.00013823  16743.019    41.440311   0.138073   0.545205     -21.975 0   0.063928   0.045142   0.019342   0.012444   0.012837   -17.0279   -18.7193   -19.4425   -19.7663   -20.0169     1.6913     2.4145     0.3238
 24.323063  -0.299724  19.2919  17.3158  16.5220  16.1703  16.0125    0.05450000   0.00016307  16328.916    48.887156   0.156368   0.617446    -436.078 0   0.193683   0.135809   0.064544   0.026277   0.030971   -17.7773   -19.6956   -20.4181   -20.7315   -20.8940     1.9182     2.6408     0.3134
 24.184730  -0.421539  19.2990  18.0091  17.4959  17.2170  16.9798    0.05730000   0.00009394  17182.335    28.162504   0.169110   0.667762     417.341 0   0.147223   0.061945   0.064123   0.004390  -0.062297   -17.8291   -19.0337   -19.5491   -19.7682   -19.9387     1.2046     1.7200     0.2192
 24.315118  -0.644670  19.0452  17.5679  16.8280  16.3837  16.0632    0.05700000   0.00010150  17094.766    30.428934   0.194352   0.767433     329.772 0   0.329433   0.287371   0.134259   0.056400   0.017882   -18.2576   -19.6928   -20.2796   -20.6460   -20.9280     1.4352     2.0220     0.3664
 24.106252  -0.500596  19.1763  17.2692  16.3910  15.9044  15.5582    0.05790000   0.00017657  17368.356    52.934354   0.248988   0.983174     603.362 1   0.459106   0.389537   0.155923   0.092688   0.060291   -18.2903   -20.1278   -20.7724   -21.1958   -21.5096     1.8375     2.4821     0.4234
 24.389843  -0.196726  18.5530  17.4157  16.9740  16.6858  16.5269    0.05520000   0.00009258  16554.540    27.754786   0.259844   1.026043    -210.454 0   0.151525   0.050096   0.070379  -0.012902  -0.073589   -18.4765   -19.5124   -19.9743   -20.1793   -20.2775     1.0359     1.4979     0.2049
 24.555350  -0.263211  19.2665  17.8722  17.1523  16.7480  16.3929    0.05620000   0.00009350  16837.783    28.030595   0.279468   1.103532      72.790 0   0.295465   0.249387   0.122777   0.045897   0.007260   -17.9502   -19.2984   -19.8917   -20.2191   -20.5356     1.3482     1.9415     0.3274
 24.568598  -0.224620  19.1059  18.1965  17.7312  17.4448  17.3068    0.05940000   0.00009191  17821.492    27.553925   0.316043   1.247953    1056.499 1   0.094695   0.167634   0.102977  -0.069677  -0.062925   -18.0307   -19.0131   -19.4137   -19.5275   -19.6722     0.9823     1.3830     0.1137
 24.116624  -0.698200  18.1949  16.6322  15.9395  15.5801  15.3504    0.05630000   0.00016314  16872.020    48.908142   0.338591   1.336989     107.026 0   0.166067   0.102452   0.060151   0.019299   0.016025   -18.9176   -20.4167   -21.0671   -21.3856   -21.6120     1.4991     2.1495     0.3185
 24.601930  -0.205794  16.9584  15.2598  14.4582  14.0429  13.7423    0.05610000   0.00017043  16823.244    51.093629   0.352833   1.393225      58.250 0   0.239358   0.179609   0.074276   0.037373   0.042293   -20.1942   -21.8331   -22.5294   -22.9078   -23.2133     1.6389     2.3351     0.3784
 23.993841  -0.340399  19.3186  17.6932  16.9833  16.6740  16.4606    0.05540000   0.00014879  16604.695    44.606120   0.374449   1.478581    -160.299 0   0.058358   0.034111   0.016031   0.009380   0.008878   -17.6256   -19.2268   -19.9186   -20.2212   -20.4341     1.6012     2.2930     0.3026
 24.669352  -0.159345  16.9468  15.7245  15.1538  14.8163  14.6301    0.05650000   0.00011389  16947.448    34.143363   0.433683   1.712475     182.454 0   0.195004   0.140782   0.097108  -0.000820  -0.085244   -20.2023   -21.3704   -21.8974   -22.1370   -22.2388     1.1681     1.6951     0.2396
 23.917164  -0.466426  18.1616  16.3200  15.4685  15.0531  14.7184    0.05600000   0.00018707  16785.949    56.082175   0.433786   1.712885      20.955 0   0.244955   0.190175   0.068542   0.041699   0.048551   -18.9968   -20.7836   -21.5135   -21.9020   -22.2436     1.7868     2.5167     0.3886
 24.619732  -0.090966  18.4653  17.0750  16.4752  16.1205  15.8890    0.05580000   0.00009571  16729.139    28.693136   0.451496   1.782814     -35.855 0   0.181028   0.103096   0.074371   0.008487  -0.033564   -18.6213   -19.9337   -20.5048   -20.7936   -20.9831     1.3124     1.8834     0.2888
 24.009381  -0.152884  18.4032  17.1279  16.5866  16.2431  16.0181    0.05200000   0.00018266  15590.287    54.760090   0.454954   1.796468   -1174.707 1   0.188258   0.127069   0.093668  -0.007865  -0.091611   -18.5326   -19.7467   -20.2546   -20.4966   -20.6378     1.2141     1.7220     0.2420
 24.645169  -0.829961  18.7497  17.8586  17.4331  17.1580  16.9752    0.05100000   0.00008166  15277.634    24.481052   0.477805   1.886700   -1487.360 1   0.083677   0.164470   0.100009  -0.075453  -0.056788   -18.0604   -19.0323   -19.3934   -19.4930   -19.6945     0.9719     1.3329     0.0996
 24.679600  -0.807066  17.7512  16.2181  15.4993  15.1374  14.8524    0.05750000   0.00018705  17236.028    56.076179   0.482747   1.906214     471.034 1   0.113897   0.076067   0.038136   0.018591   0.020067   -19.3551   -20.8503   -21.5312   -21.8736   -22.1600     1.4953     2.1761     0.3424
 24.664770  -0.057005  17.7806  16.3182  15.6517  15.3142  15.0181    0.05740000   0.00016676  17208.927    49.993390   0.505853   1.997454     443.933 1   0.008762   0.005272   0.002044   0.001500   0.001490   -19.2167   -20.6757   -21.3389   -21.6759   -21.9720     1.4589     2.1222     0.3370
 24.901239  -0.446543  17.5181  15.9682  15.2221  14.8706  14.6185    0.05790000   0.00016196  17362.031    48.554386   0.550492   2.173719     597.037 1   0.153710   0.101322   0.053353   0.021496   0.023509   -19.6431   -21.1406   -21.8387   -22.1584   -22.4125     1.4975     2.1956     0.3196
 24.899717  -0.522812  18.8156  17.8601  17.6669  17.4276  17.4419    0.05580000   0.00009152  16714.569    27.437006   0.553269   2.184685     -50.425 0   0.115616   0.015072   0.058614  -0.023173  -0.012895   -18.2056   -19.0606   -19.2973   -19.4548   -19.4508     0.8550     1.0917     0.1575
 24.658264  -0.935605  18.5396  16.8080  16.0422  15.5665  15.2444    0.05730000   0.00019677  17178.078    58.990162   0.571713   2.257513     413.084 0   0.165579   0.135986   0.050228   0.030469   0.036256   -18.6068   -20.3088   -20.9889   -21.4448   -21.7727     1.7020     2.3820     0.4559
 24.926911  -0.464870  18.6705  17.5571  17.1288  16.8130  16.7464    0.05650000   0.00008248  16923.584    24.726882   0.576228   2.275339     158.590 0   0.171663   0.086492   0.091217  -0.050791  -0.084463   -18.4553   -19.4835   -19.9165   -20.0903   -20.1233     1.0282     1.4613     0.1738
 23.758287  -0.426011  19.1414  17.8959  17.2691  16.9301  16.6641    0.06800000   0.00009190  20394.371    27.550927   0.593113   2.342013    3629.377 1   0.214422   0.166633   0.102870   0.013004  -0.060418   -18.4098   -19.6075   -20.1705   -20.4196   -20.6122     1.1977     1.7607     0.2491
 24.043590  -0.985386  18.8844  17.8655  17.5174  17.3057  17.2187    0.04440000   0.00008551  13302.961    25.635253   0.614113   2.424939   -3462.033 1   0.102666   0.014205   0.048079  -0.014844  -0.015394   -17.6257   -18.5561   -18.9381   -19.0869   -19.1733     0.9304     1.3124     0.1488
 24.126607  -1.047958  19.1899  17.9099  17.3921  17.1510  17.0150    0.05590000   0.00027448  16755.400    82.287034   0.635209   2.508237      -9.593 0   0.059804   0.019098   0.017747   0.007561  -0.026037   -17.7754   -19.0147   -19.5311   -19.7620   -19.8644     1.2393     1.7557     0.2309
 24.688885   0.097168  19.2574  17.6788  16.9712  16.6497  16.4081    0.05640000   0.00013994  16899.451    41.952957   0.646279   2.551948     134.457 0   0.077343   0.046377   0.023253   0.012437   0.011918   -17.7662   -19.3138   -19.9983   -20.3090   -20.5501     1.5476     2.2321     0.3107
 24.874606  -0.052162  18.3199  17.3641  17.0567  16.8193  16.7024    0.05690000   0.00007654  17050.156    22.946115   0.659961   2.605975     285.163 0   0.135127   0.018767   0.072421  -0.035837  -0.015448   -18.7808   -19.6202   -19.9813   -20.1104   -20.2477     0.8394     1.2005     0.1291
 24.432246  -1.109151  18.5383  17.4318  16.9240  16.6056  16.4465    0.05820000   0.00009493  17435.749    28.459298   0.660577   2.608409     670.756 1   0.177518   0.116487   0.095572  -0.025583  -0.101213   -18.6367   -19.6821   -20.1690   -20.3663   -20.4497     1.0455     1.5324     0.1972
 24.882360  -0.031295  16.9951  15.7825  15.2463  14.8985  14.6772    0.05660000   0.00009043  16968.823    27.110232   0.678912   2.680807     203.829 0   0.188845   0.135323   0.097293  -0.007323  -0.095432   -20.1477   -21.3068   -21.8050   -22.0482   -22.1814     1.1591     1.6572     0.2432
 25.072783  -0.294695  16.8995  15.0168  14.1750  13.7817  13.4961    0.05830000   0.00021122  17479.999    63.322163   0.739270   2.919140     715.005 1   0.207515   0.160831   0.061580   0.034118   0.041427   -20.3053   -22.1413   -22.8839   -23.2497   -23.5426     1.8360     2.5786     0.3658
 24.659880   0.222564  18.5967  17.5461  17.0724  16.7692  16.5833    0.05680000   0.00007950  17023.235    23.833500   0.743479   2.935761     258.241 0   0.173212   0.110781   0.096032  -0.035044  -0.097398   -18.5422   -19.5304   -19.9893   -20.1614   -20.2850     0.9882     1.4471     0.1721
 25.105758  -0.458736  17.9044  16.9647  16.6924  16.4545  16.3766    0.05770000   0.00008121  17292.928    24.346146   0.754977   2.981164     527.935 1   0.125684   0.017137   0.065958  -0.028858  -0.014911   -19.2212   -20.0524   -20.3735   -20.5166   -20.6084     0.8312     1.1523     0.1431
 24.856529  -1.025437  18.7270  17.5079  16.9665  16.6287  16.4240    0.05600000   0.00008883  16797.971    26.630564   0.763380   3.014346      32.977 0   0.186000   0.117255   0.089605  -0.008973  -0.088227   -18.3724   -19.5228   -20.0365   -20.2758   -20.4012     1.1504     1.6641     0.2392
 24.694356   0.233353  18.3674  16.7116  16.0657  15.7306  15.5076    0.05610000   0.00016450  16806.725    49.315859   0.768094   3.032960      41.731 0   0.085771   0.044586   0.026524   0.012048   0.006200   -18.6317   -20.2463   -20.8741   -21.1947   -21.4119     1.6146     2.2425     0.3206
 25.091980  -0.228434  18.1599  16.8980  16.4230  16.0989  15.9023    0.05720000   0.00009733  17148.488    29.178800   0.774634   3.058783     383.495 0   0.169219   0.076789   0.076752  -0.012912  -0.085397   -18.9903   -20.1598   -20.6347   -20.8692   -20.9933     1.1695     1.6444     0.2344
 25.137248  -0.349613  18.8467  17.3319  16.7084  16.3525  16.1114    0.05840000   0.00015738  17499.246    47.181337   0.793296   3.132472     734.252 1   0.153264   0.083868   0.059007   0.015435  -0.002776   -18.3328   -19.7782   -20.3768   -20.6892   -20.9121     1.4454     2.0440     0.3123
 23.689087  -0.994904  17.8414  15.9607  15.1036  14.7006  14.4194    0.04440000   0.00019413  13301.761    58.198710   0.854865   3.375591   -3463.232 1   0.236503   0.182916   0.067714   0.039509   0.046498   -18.8025   -20.6296   -21.3715   -21.7463   -22.0345     1.8271     2.5690     0.3748
 23.703108  -1.021284  18.6859  17.4382  16.9732  16.7041  16.5043    0.04490000   0.00021976  13455.975    65.882391   0.861216   3.400667   -3309.019 1   0.133430   0.045139   0.060722   0.000570  -0.065632   -17.9008   -19.0602   -19.5407   -19.7497   -19.8833     1.1594     1.6400     0.2089
 25.197769  -0.218277  18.1750  17.1481  16.7610  16.5077  16.3976    0.05830000   0.00007980  17490.192    23.923438   0.879056   3.471111     725.198 1   0.131460   0.028782   0.065429  -0.016630  -0.045090   -18.9538   -19.8780   -20.3017   -20.4730   -20.5546     0.9242     1.3480     0.1712
 23.557976  -0.858855  18.6417  17.5886  17.3663  17.1883  17.1335    0.06810000   0.00009603  20413.888    28.789070   0.890342   3.515678    3648.894 1   0.089927   0.010328   0.039308  -0.013341  -0.007577   -18.7848   -19.7583   -20.0096   -20.1350   -20.1955     0.9735     1.2248     0.1254
 23.459479  -0.545433  19.0522  18.4861  18.2412  17.9544  17.8174    0.05070000   0.00003661  15210.780    10.975402   0.895985   3.537958   -1554.214 1   0.131681   0.018646   0.069920  -0.032394  -0.016704   -17.7761   -18.2292   -18.5254   -18.7099   -18.8626     0.4531     0.7492     0.1845
