213.419922  43.659204  19.8753  17.9443  16.9857  16.5256  16.1569    0.09040000   0.00018632  27107.234    55.857331   0.009239   0.055879     437.997 0   0.509071   0.410837   0.155212   0.103304   0.071507   -18.5886   -20.4214   -21.1244   -21.5326   -21.8695     1.8328     2.5357     0.4082
213.431236  43.644771  18.4652  16.4016  15.4406  14.9853  14.6209    0.09090000   0.00021201  27247.807    63.558999   0.018629   0.112672     578.569 0   0.485200   0.384399   0.143126   0.099497   0.070746   -20.0080   -21.9708   -22.6905   -23.1022   -23.4379     1.9628     2.6825     0.4117
213.423021  43.682228  20.0429  18.1399  17.1937  16.7495  16.3752    0.08880000   0.00016462  26627.266    49.351834   0.019758   0.119502     -41.971 0   0.483456   0.389521   0.147704   0.099217   0.069003   -18.3590   -20.1681   -20.8725   -21.2682   -21.6123     1.8091     2.5134     0.3957
213.400388  43.666006  19.6661  18.2924  17.5800  17.2167  17.0029    0.08820000   0.00013975  26428.564    41.895996   0.022514   0.136169    -240.673 0   0.257839   0.215576   0.115380   0.031630  -0.020938   -18.4955   -19.8269   -20.4391   -20.7187   -20.8799     1.3314     1.9436     0.2796
213.380199  43.689130  20.2853  18.3093  17.3940  16.9707  16.6366    0.08880000   0.00014669  26613.986    43.976556   0.045040   0.272414     -55.252 0   0.371022   0.286950   0.104205   0.072211   0.063121   -18.0042   -19.8961   -20.6287   -21.0200   -21.3450     1.8919     2.6245     0.3913
213.411431  43.709957  19.8235  17.8487  16.8984  16.4774  16.1402    0.08960000   0.00016978  26847.194    50.898764   0.048726   0.294707     177.957 0   0.409933   0.320123   0.117631   0.082539   0.065557   -18.5456   -20.4306   -21.1784   -21.5643   -21.8845     1.8850     2.6328     0.3859
213.412686  43.614895  19.5173  17.7402  16.7252  16.2913  15.9738    0.09230000   0.00016034  27664.458    48.068723   0.050340   0.304471     995.221 0   0.553318   0.486162   0.186210   0.105000   0.073535   -19.0574   -20.7673   -21.4824   -21.8351   -22.1211     1.7099     2.4250     0.3527
213.469693  43.707443  19.0392  17.5695  16.7758  16.3273  16.0325    0.08810000   0.00016629  26424.607    49.852488   0.052069   0.314929    -244.631 0   0.358522   0.315152   0.141559   0.065550   0.028783   -19.2417   -20.6681   -21.2882   -21.6607   -21.9187     1.4263     2.0464     0.3725
213.444338  43.714748  19.6105  17.6380  16.7436  16.3247  15.9539    0.08560000   0.00014457  25658.817    43.340996   0.052207   0.315767   -1010.421 1   0.334478   0.257283   0.093082   0.062713   0.059770   -18.5810   -20.4763   -21.2065   -21.5950   -21.9629     1.8953     2.6255     0.3885
213.501957  43.681286  19.3082  17.4615  16.5872  16.1838  15.8946    0.08480000   0.00014769  25424.079    44.276348   0.054153   0.327532   -1245.158 1   0.272086   0.208648   0.078170   0.046848   0.050778   -18.7819   -20.5652   -21.3090   -21.6811   -21.9742     1.7833     2.5271     0.3721
213.476569  43.618052  20.3329  18.4646  17.5972  17.1885  16.8660    0.07950000   0.00014062  23830.622    42.156815   0.055936   0.338320   -2838.615 1   0.258845   0.199710   0.072201   0.044370   0.050381   -17.6245   -19.4337   -20.1736   -20.5545   -20.8830     1.8092     2.5491     0.3809
213.314592  43.669602  18.7016  16.8090  15.9182  15.4977  15.1666    0.08760000   0.00015970  26256.303    47.876856   0.084655   0.512021    -412.934 0   0.317373   0.243668   0.087942   0.058336   0.057959   -19.5046   -21.3235   -22.0586   -22.4495   -22.7802     1.8189     2.5540     0.3909
213.508330  43.733332  19.7215  17.9038  17.0428  16.6609  16.3105    0.08810000   0.00014444  26411.776    43.302023   0.089418   0.540830    -257.462 0   0.219353   0.172147   0.062809   0.037112   0.044543   -18.4203   -20.1907   -20.9424   -21.2986   -21.6564     1.7705     2.5222     0.3562
213.420307  43.761744  19.5293  17.5399  16.6346  16.2238  15.8731    0.09200000   0.00013305  27592.748    39.887387   0.098665   0.596758     923.511 0   0.332063   0.255393   0.092418   0.062101   0.059490   -18.7984   -20.7111   -21.4534   -21.8339   -22.1820     1.9127     2.6551     0.3805
213.354990  43.759042  20.1549  18.3140  17.3896  16.9316  16.5835    0.08890000   0.00016005  26650.260    47.981783   0.110430   0.667916     -18.977 0   0.470888   0.395932   0.156477   0.095295   0.063137   -18.2369   -20.0029   -20.6878   -21.0846   -21.4006     1.7659     2.4509     0.3968
213.573725  43.599894  19.5018  17.8296  17.0301  16.6984  16.4018    0.09000000   0.00014025  26975.445    42.045892   0.121031   0.732034     306.208 0   0.097296   0.074932   0.032012   0.019253   0.020955   -18.5644   -20.2142   -20.9708   -21.2897   -21.5880     1.6498     2.4064     0.3189
213.259511  43.651725  19.7423  17.8356  16.8950  16.4908  16.1539    0.08940000   0.00014896  26801.446    44.657085   0.124821   0.754957     132.208 0   0.390726   0.303887   0.111211   0.077508   0.064283   -18.5790   -20.3989   -21.1468   -21.5173   -21.8410     1.8199     2.5678     0.3705
213.304254  43.572905  19.2929  17.3786  16.4236  16.0312  15.7064    0.09080000   0.00015592  27221.785    46.743640   0.128981   0.780119     552.547 0   0.396024   0.307995   0.112577   0.078819   0.064811   -19.0913   -20.9176   -21.6771   -22.0358   -22.3466     1.8263     2.5859     0.3586
213.359755  43.785800  17.9416  16.8715  16.4042  16.0479  15.8657    0.08630000   0.00009152  25869.721    27.437006   0.132893   0.803777    -799.517 0   0.172223   0.133086   0.101935  -0.031671  -0.101169   -20.1081   -21.1390   -21.5752   -21.7979   -21.9106     1.0310     1.4671     0.2227
213.456520  43.818390  18.6365  17.3082  16.5990  16.2524  15.9809    0.09480000   0.00014966  28409.353    44.866939   0.156060   0.943899    1740.115 1   0.252315   0.211081   0.114546   0.029343  -0.026627   -19.6743   -20.9614   -21.5740   -21.8354   -22.0510     1.2871     1.8997     0.2614
213.305494  43.791156  18.2126  16.9001  16.1801  15.7493  15.4575    0.09470000   0.00020892  28397.031    62.632640   0.156857   0.948723    1727.794 1   0.305219   0.284099   0.137423   0.048563  -0.007414   -20.1513   -21.4426   -22.0160   -22.3579   -22.5937     1.2914     1.8647     0.3419
213.661572  43.639216  20.3662  18.5014  17.6843  17.3384  17.0589    0.09050000   0.00012946  27123.843    38.811132   0.168327   1.018095     454.605 0   0.114587   0.096135   0.037620   0.023653   0.026325   -17.7293   -19.5757   -20.3343   -20.6662   -20.9484     1.8463     2.6049     0.3319
213.376012  43.494068  18.7575  17.5095  16.8767  16.5357  16.2914    0.09090000   0.00018815  27261.987    56.405951   0.173991   1.052355     592.750 0   0.211587   0.160844   0.100840   0.011475  -0.060877   -19.4421   -20.6394   -21.2122   -21.4638   -21.6357     1.1973     1.7701     0.2516
213.523246  43.472567  19.6661  17.9331  17.0263  16.6716  16.3317    0.08890000   0.00014751  26653.258    44.222385   0.202092   1.222316     -15.979 0   0.339827   0.268940   0.107010   0.064951   0.053486   -18.5947   -20.2568   -21.0017   -21.3143   -21.6427     1.6621     2.4070     0.3126
213.079693  43.791446  20.0408  18.4907  17.6631  17.2386  16.8920    0.09230000   0.00017278  27666.287    51.798141   0.284768   1.722363     997.050 0   0.373570   0.321400   0.140226   0.071135   0.038918   -18.3541   -19.8521   -20.4985   -20.8539   -21.1683     1.4979     2.1444     0.3554
213.131845  43.926699  18.5299  17.7832  16.9651  16.7940  16.6456    0.09440000   0.00093827  28308.682   281.286270   0.340961   2.062237    1639.445 1   0.050303   0.446309   0.149901   0.039083  -0.140133   -19.5721   -20.7148   -21.2365   -21.2968   -21.2660     1.1427     1.6644     0.0603
213.217827  43.358468  19.9645  18.3943  17.5364  17.1148  16.8063    0.08690000   0.00014400  26066.475    43.170114   0.341806   2.067350    -602.763 0   0.405113   0.357401   0.152428   0.079139   0.043232   -18.3331   -19.8556   -20.5085   -20.8569   -21.1295     1.5225     2.1754     0.3483
212.968549  43.747603  20.3371  18.4324  17.5255  17.2566  16.7991    0.08800000   0.00015839  26369.175    47.484127   0.345186   2.087790    -300.062 0   0.136892   0.116242   0.043278   0.027335   0.031392   -17.6959   -19.5800   -20.4139   -20.6669   -21.1284     1.8840     2.7180     0.2530
213.611817  43.996918  17.9955  15.9389  15.0477  14.6298  14.3413    0.08800000   0.00014783  26394.088    44.318319   0.358172   2.166335    -275.150 0   0.319514   0.245422   0.088706   0.058889   0.058133   -20.2202   -22.2027   -22.9372   -23.3252   -23.6130     1.9825     2.7170     0.3881
213.548651  43.285097  18.5658  16.8385  15.9738  15.5656  15.2348    0.08790000   0.00016124  26338.656    48.338536   0.387711   2.345000    -330.581 0   0.345934   0.275888   0.111176   0.066807   0.052593   -19.6764   -21.3337   -22.0337   -22.3975   -22.7141     1.6573     2.3572     0.3638
213.316249  43.269650  18.8029  16.9305  16.0361  15.6486  15.3361    0.09480000   0.00016226  28406.984    48.644324   0.402451   2.434147    1737.747 1   0.289764   0.222597   0.083523   0.051152   0.052868   -19.5454   -21.3506   -22.1059   -22.4611   -22.7753     1.8052     2.5606     0.3551
213.447045  43.218917  19.9641  18.2555  17.4430  17.0514  16.7630    0.08820000   0.00014836  26455.635    44.477209   0.444629   2.689256    -213.602 0   0.232346   0.173361   0.072744   0.035620   0.040819   -18.1720   -19.8216   -20.5335   -20.8879   -21.1815     1.6496     2.3615     0.3545
213.743152  43.222445  19.0520  17.8154  17.2712  16.9235  16.7918    0.08930000   0.00015255  26765.231    45.733339   0.495313   2.995810      95.994 0   0.187640   0.125360   0.093161  -0.008599  -0.091865   -19.0664   -20.2407   -20.7527   -20.9986   -21.0471     1.1743     1.6863     0.2459
213.525842  43.162823  19.4844  17.4807  16.5463  16.1410  15.7829    0.08930000   0.00016158  26775.873    48.440465   0.505228   3.055775     106.636 0   0.397434   0.309015   0.112865   0.079151   0.064982   -18.8438   -20.7590   -21.4973   -21.8689   -22.2128     1.9153     2.6535     0.3716
213.552221  44.172345  20.0389  18.2151  17.4195  17.0184  16.6866    0.08950000   0.00014318  26818.894    42.924284   0.516407   3.123393     149.656 0   0.095656   0.087706   0.032211   0.022467   0.023862   -18.0135   -19.8294   -20.5695   -20.9608   -21.2940     1.8159     2.5560     0.3914
213.693767  43.159721  19.1582  18.1050  17.7016  17.3700  17.2042    0.09640000   0.00004578  28909.287    13.724499   0.538279   3.255677    2240.049 1   0.167856   0.096069   0.095076  -0.052911  -0.082626   -19.1282   -20.1096   -20.5120   -20.6956   -20.8317     0.9814     1.3838     0.1836
213.385709  43.120348  20.1434  18.2971  17.4289  17.0575  16.7170    0.08800000   0.00015341  26392.649    45.991161   0.544053   3.290600    -276.589 0   0.220827   0.173213   0.063121   0.037371   0.044790   -17.9736   -19.7723   -20.5304   -20.8760   -21.2239     1.7987     2.5568     0.3456
213.860330  44.111467  20.2327  18.2515  17.3125  16.9445  16.6170    0.08820000   0.00016072  26455.066    48.182644   0.545060   3.296691    -214.172 0   0.349239   0.269133   0.097411   0.066536   0.061257   -18.0203   -19.9214   -20.6886   -21.0258   -21.3480     1.9011     2.6684     0.3371
212.861286  43.295492  20.2605  18.5968  17.7073  17.3304  16.9775    0.09000000   0.00014112  26984.499    42.306712   0.552622   3.342431     315.262 0   0.339188   0.269432   0.108559   0.064830   0.052206   -18.0476   -19.6415   -20.3701   -20.7033   -21.0436     1.5939     2.3226     0.3332
212.742238  43.418569  19.2502  18.1774  17.6806  17.3631  17.2101    0.09520000   0.00008098  28552.953    24.277193   0.555354   3.358954    1883.716 1   0.172990   0.135284   0.102328  -0.030057  -0.101862   -18.9929   -20.0280   -20.4918   -20.6770   -20.7581     1.0351     1.4989     0.1851
213.892198  44.114521  18.8356  16.9683  16.0366  15.5968  15.1900    0.08820000   0.00017756  26429.163    53.231149   0.560961   3.392869    -240.074 0   0.471833   0.383630   0.147246   0.096941   0.066855   -19.5400   -21.3191   -22.0144   -22.4039   -22.7806     1.7791     2.4744     0.3895
214.048752  44.034314  18.4051  17.5062  17.1354  16.8609  16.7413    0.09690000   0.00004135  29037.598    12.396418   0.580596   3.511625    2368.360 1   0.162046   0.072464   0.093570  -0.084543  -0.048933   -19.8867   -20.6960   -21.0879   -21.1843   -21.3395     0.8093     1.2012     0.0964
