217.107873  45.969452  17.9981  16.1038  15.1744  14.7404  14.4452    0.07370000   0.00020638  22109.394    61.871167   0.030859   0.158902    -238.635 0   0.402467   0.313465   0.114767   0.080514   0.065223   -19.9378   -21.7431   -22.4738   -22.8736   -23.1535     1.8053     2.5360     0.3997
217.182300  46.000070  18.7933  16.9319  16.0388  15.6373  15.3583    0.07560000   0.00017199  22677.471    51.561305   0.030985   0.159546     329.442 0   0.313273   0.241249   0.089056   0.057284   0.056388   -19.0877   -20.8771   -21.6180   -21.9877   -22.2658     1.7894     2.5303     0.3697
217.160141  46.009745  19.3432  17.6465  16.8424  16.4765  16.2389    0.07610000   0.00016646  22819.392    49.903453   0.032015   0.164852     471.364 0   0.226094   0.164157   0.074868   0.031853   0.035100   -18.4650   -20.0998   -20.8146   -21.1375   -21.3783     1.6348     2.3496     0.3229
217.149372  46.011650  18.8486  17.0758  16.2305  15.8586  15.5869    0.07550000   0.00015534  22628.964    46.569760   0.033194   0.170925     280.936 0   0.253719   0.191182   0.080087   0.040160   0.042892   -18.9700   -20.6802   -21.4144   -21.7464   -22.0208     1.7103     2.4445     0.3320
217.193384  46.008770  19.4202  17.5997  16.7094  16.3093  16.0116    0.07560000   0.00017482  22669.706    52.409718   0.042580   0.219256     321.677 0   0.325832   0.252457   0.094941   0.060603   0.056690   -18.4734   -20.2205   -20.9533   -21.3190   -21.6128     1.7471     2.4799     0.3658
217.090218  45.965899  18.4042  17.2439  16.6062  16.2070  16.0032    0.07490000   0.00005153  22463.329    15.448305   0.043631   0.224668     115.300 0   0.219662   0.269478   0.137900   0.017800  -0.078747   -19.3599   -20.5700   -21.0761   -21.3552   -21.4625     1.2101     1.7162     0.2791
217.082925  45.986010  17.8966  15.9864  15.0969  14.6730  14.3878    0.07360000   0.00018206  22051.144    54.580215   0.047456   0.244363    -296.884 0   0.290723   0.223143   0.080548   0.051693   0.054682   -19.9246   -21.7673   -22.5142   -22.9092   -23.1974     1.8426     2.5895     0.3950
217.092537  45.952828  18.9142  17.0625  16.2290  15.7976  15.4755    0.07280000   0.00017602  21825.640    52.769468   0.047654   0.245382    -522.388 1   0.212451   0.167703   0.061032   0.036091   0.043626   -18.7837   -20.5907   -21.3175   -21.7239   -22.0536     1.8070     2.5338     0.4065
217.185538  45.883975  19.6567  17.8357  17.0136  16.6080  16.3078    0.07370000   0.00015271  22083.762    45.781306   0.097601   0.502569    -264.267 0   0.212477   0.163314   0.063401   0.034503   0.041663   -18.0892   -19.8611   -20.5833   -20.9600   -21.2673     1.7718     2.4940     0.3767
217.287717  45.944601  19.4447  17.6600  16.7800  16.3622  16.0662    0.07440000   0.00016664  22297.004    49.957415   0.101291   0.521571     -51.025 0   0.331427   0.257474   0.097187   0.062182   0.056978   -18.4377   -20.1485   -20.8682   -21.2510   -21.5418     1.7107     2.4305     0.3828
217.278564  45.900803  18.3793  16.5466  15.7403  15.3111  14.9924    0.07450000   0.00014992  22339.725    44.944885   0.118196   0.608617      -8.304 0   0.157229   0.130626   0.048167   0.029656   0.034965   -19.3349   -21.1410   -21.8649   -22.2756   -22.5996     1.8061     2.5299     0.4107
217.237062  45.864620  19.2967  17.5745  16.7490  16.3029  15.9860    0.07380000   0.00016585  22110.833    49.720579   0.128808   0.663261    -237.196 0   0.219167   0.172219   0.062647   0.037154   0.044605   -18.4377   -20.1129   -20.8288   -21.2495   -21.5738     1.6753     2.3912     0.4206
216.966530  45.999488  19.6243  17.8295  17.0216  16.6117  16.2965    0.07480000   0.00015551  22432.900    46.620725   0.129457   0.666602      84.871 0   0.153730   0.126628   0.047650   0.028859   0.033939   -18.0740   -19.8417   -20.5706   -20.9617   -21.2820     1.7677     2.4966     0.3911
217.099004  46.109446  19.7180  18.1927  17.3248  16.7368  16.3899    0.07460000   0.00009824  22375.939    29.451611   0.135756   0.699039      27.911 0   0.514855   0.451298   0.176784   0.099732   0.066970   -18.3568   -19.8185   -20.4119   -20.9229   -21.2370     1.4617     2.0551     0.5109
217.159337  46.122759  19.5711  18.3152  17.6088  17.2015  16.9482    0.07450000   0.00010227  22320.688    30.659775   0.144432   0.743711     -27.341 0   0.276889   0.308055   0.148391   0.041243  -0.039376   -18.2628   -19.5499   -20.0966   -20.3967   -20.5694     1.2871     1.8338     0.3002
216.978883  45.883017  20.0969  18.4887  17.7015  17.2280  16.9111    0.07460000   0.00017379  22374.051    52.100931   0.152667   0.786117      26.022 0   0.380026   0.330893   0.144207   0.072377   0.038296   -17.8431   -19.4021   -20.0026   -20.4043   -20.6871     1.5591     2.1596     0.4017
217.286189  46.167764  19.7140  17.7770  16.8965  16.4740  16.1806    0.07440000   0.00016292  22311.334    48.842187   0.211535   1.089239     -36.695 0   0.292860   0.224726   0.080519   0.052255   0.055250   -18.1299   -19.9987   -20.7350   -21.1293   -21.4257     1.8689     2.6052     0.3942
217.415332  45.816369  18.2650  16.4995  15.7373  15.2979  14.9926    0.07430000   0.00017721  22269.633    53.126221   0.245325   1.263233     -78.396 0   0.171091   0.134680   0.052886   0.029607   0.035598   -19.4572   -21.1863   -21.8667   -22.2828   -22.5941     1.7291     2.4095     0.4161
216.987875  46.201558  18.3862  17.3326  16.9588  16.6575  16.5849    0.07350000   0.00008163  22022.844    24.472058   0.250038   1.287502    -325.185 0   0.170915   0.052377   0.086176  -0.068707  -0.051263   -19.3092   -20.2442   -20.6518   -20.7982   -20.8883     0.9351     1.3427     0.1464
217.088467  45.721591  18.0652  16.2414  15.3836  14.9820  14.6499    0.07340000   0.00016905  22015.589    50.679915   0.260446   1.341092    -332.440 0   0.234763   0.183012   0.066156   0.039725   0.047018   -19.6941   -21.4662   -22.2071   -22.5823   -22.9217     1.7720     2.5130     0.3752
217.277791  45.729962  19.1646  18.0811  17.6821  17.3501  17.2109    0.07470000   0.00008128  22394.856    24.367131   0.263811   1.358421      46.828 0   0.171113   0.076268   0.089843  -0.059085  -0.075130   -18.5481   -19.5368   -19.9494   -20.1324   -20.2556     0.9887     1.4012     0.1831
217.054997  45.711674  18.9417  17.6228  17.0825  16.7469  16.5085    0.07360000   0.00015492  22065.384    46.443848   0.274893   1.415486    -282.644 0   0.171939   0.087329   0.074643  -0.000800  -0.067376   -18.7607   -19.9950   -20.5227   -20.7828   -20.9546     1.2343     1.7619     0.2602
217.301753  46.239921  19.1510  17.8720  17.4334  17.1564  17.0434    0.07510000   0.00023964  22504.850    71.842265   0.281836   1.451236     156.821 0   0.117696   0.035440   0.052550   0.002374  -0.057072   -18.5412   -19.7379   -20.1936   -20.4205   -20.4740     1.1967     1.6525     0.2268
216.851163  46.199763  18.9612  17.1978  16.3782  15.9826  15.6992    0.07500000   0.00016443  22469.924    49.294874   0.303646   1.563539     121.896 0   0.243433   0.183038   0.075426   0.038298   0.042899   -18.8538   -20.5568   -21.2688   -21.6273   -21.9153     1.7030     2.4150     0.3585
217.145470  46.306805  19.8341  18.3255  17.4987  17.0925  16.8146    0.07440000   0.00015321  22314.452    45.931202   0.328360   1.690799     -33.577 0   0.354703   0.309388   0.139319   0.064624   0.029034   -18.0716   -19.5349   -20.1916   -20.5231   -20.7654     1.4633     2.1200     0.3315
217.110744  45.642949  19.6428  17.9526  17.0831  16.6662  16.3657    0.07580000   0.00014922  22736.500    44.735031   0.336640   1.733432     388.471 0   0.383714   0.315897   0.129687   0.076775   0.052301   -18.3356   -19.9580   -20.6413   -21.0053   -21.2813     1.6224     2.3057     0.3640
217.151990  46.316566  18.4726  16.9278  16.3491  16.0061  15.8564    0.07460000   0.00014229  22377.259    42.657469   0.338106   1.740983      29.230 0   0.149639   0.074461   0.060600   0.012241  -0.025643   -19.2370   -20.7066   -21.2714   -21.5661   -21.6779     1.4696     2.0345     0.2946
216.776041  46.247763  19.2440  17.2817  16.3324  15.8741  15.5634    0.07430000   0.00015253  22287.860    45.727344   0.374410   1.927917     -60.168 0   0.483205   0.402648   0.157201   0.097844   0.065775   -18.7903   -20.6721   -21.3759   -21.7749   -22.0535     1.8817     2.5856     0.3989
216.882655  46.346905  19.7586  18.0935  17.3559  16.8464  16.5441    0.07420000   0.00019389  22258.241    58.126760   0.412742   2.125298     -89.788 0   0.345328   0.294336   0.132835   0.062941   0.031099   -18.1349   -19.7490   -20.3251   -20.7648   -21.0352     1.6141     2.1902     0.4396
217.780691  45.950166  19.0604  17.9241  17.2942  16.9275  16.7512    0.07470000   0.00008993  22400.792    26.960336   0.438958   2.260292      52.763 0   0.208507   0.255314   0.133808   0.011209  -0.085924   -18.6897   -19.8728   -20.3812   -20.6253   -20.7045     1.1831     1.6915     0.2441
217.234127  46.415845  17.9935  16.0244  15.1348  14.7206  14.3985    0.07400000   0.00018925  22185.421    56.735723   0.441241   2.272048    -162.607 0   0.306926   0.235520   0.084907   0.055709   0.056763   -19.8557   -21.7534   -22.4924   -22.8774   -23.2006     1.8977     2.6367     0.3850
217.227370  46.426978  19.1788  17.7239  17.0002  16.6067  16.3738    0.07240000   0.00017059  21700.837    51.141595   0.451699   2.325896    -647.192 1   0.250861   0.189007   0.097635   0.031985   0.013619   -18.5455   -19.9385   -20.5709   -20.8987   -21.1133     1.3930     2.0254     0.3278
216.968876  46.434733  20.1072  18.1267  17.2490  16.8130  16.5214    0.07750000   0.00016158  23223.063    48.440465   0.473378   2.437525     875.034 1   0.311442   0.238802   0.085548   0.056831   0.057593   -17.8473   -19.7552   -20.4796   -20.8869   -21.1792     1.9079     2.6323     0.4073
217.783502  46.177328  18.6002  16.7290  15.9124  15.4967  15.1903    0.07320000   0.00016147  21952.063    48.407488   0.482852   2.486313    -395.966 1   0.152754   0.127230   0.047160   0.029087   0.034120   -19.0500   -20.8956   -21.6322   -22.0298   -22.3412     1.8457     2.5822     0.3976
216.607778  45.660740  18.9900  17.3584  16.5772  16.1641  15.8843    0.07360000   0.00016274  22064.155    48.788225   0.493062   2.538883    -283.873 0   0.270697   0.206564   0.091900   0.042596   0.038566   -18.8112   -20.3787   -21.0452   -21.4090   -21.6848     1.5675     2.2340     0.3638
217.912524  46.070685  19.7879  18.1444  17.4307  17.0743  16.8208    0.07250000   0.00014490  21731.476    43.439927   0.537629   2.768367    -616.553 1   0.103074   0.067177   0.033848   0.016972   0.017779   -17.7885   -19.3961   -20.0764   -20.4160   -20.6703     1.6076     2.2880     0.3395
216.895381  46.496854  19.2338  17.6716  16.8956  16.4771  16.1627    0.07790000   0.00019402  23366.244    58.165733   0.547836   2.820926    1018.215 1   0.318922   0.263583   0.121642   0.055768   0.028824   -18.7182   -20.2250   -20.8591   -21.2117   -21.4992     1.5069     2.1409     0.3526
216.386583  45.751262  18.5087  16.6427  15.7440  15.2969  14.9576    0.07340000   0.00015781  21996.852    47.310248   0.577344   2.972873    -351.177 0   0.422408   0.347137   0.137760   0.086512   0.059254   -19.4383   -21.2290   -21.9183   -22.3142   -22.6262     1.7907     2.4801     0.3959
216.778924  46.500730  18.3902  17.2097  16.8141  16.4739  16.3149    0.07380000   0.00008591  22133.347    25.755170   0.582568   2.999771    -214.681 0   0.172626   0.076562   0.087163  -0.047408  -0.083432   -19.2976   -20.3821   -20.7883   -20.9939   -21.1169     1.0844     1.4906     0.2056
217.656612  45.473374  18.2336  16.9269  16.3779  16.0472  15.8405    0.07230000   0.00016945  21676.674    50.799832   0.615541   3.169553    -671.355 1   0.163949   0.080158   0.069470   0.004294  -0.055179   -19.4008   -20.6237   -21.1620   -21.4275   -21.5748     1.2229     1.7612     0.2655
218.019782  46.199471  19.4851  17.8896  17.3616  17.0704  17.0246    0.07130000   0.00017474  21372.144    52.385734   0.643349   3.312747    -975.884 1   0.005423   0.001898   0.001092   0.000779  -0.001565   -17.9816   -19.5736   -20.1008   -20.3917   -20.4351     1.5920     2.1192     0.2909
217.975414  46.270292  18.0295  16.1986  15.3492  14.9491  14.6759    0.07250000   0.00015893  21748.834    47.646015   0.643359   3.312797    -599.195 1   0.239396   0.181650   0.071955   0.038544   0.044342   -19.6832   -21.4564   -22.1961   -22.5627   -22.8417     1.7732     2.5129     0.3667
218.062080  46.146179  17.8733  16.0010  15.1510  14.7634  14.4687    0.07510000   0.00016518  22525.086    49.519718   0.655413   3.374867     177.057 0   0.231962   0.177961   0.067995   0.037933   0.044801   -19.9332   -21.7515   -22.4915   -22.8490   -23.1506     1.8183     2.5583     0.3575
217.150861  45.318221  19.5816  17.9337  17.0858  16.6307  16.3576    0.07750000   0.00015128  23243.179    45.352603   0.660241   3.399726     895.150 1   0.385311   0.332705   0.143467   0.074291   0.041654   -18.4468   -20.0421   -20.7007   -21.0866   -21.3271     1.5953     2.2540     0.3859
217.354468  45.308822  17.1653  16.5532  16.0638  15.5211  15.3563    0.07480000   0.00105172  22409.996   315.297724   0.684499   3.524637      61.967 0   0.095864   0.306019   0.136398  -0.030035  -0.085742   -20.4751   -21.2974   -21.6171   -21.9934   -22.1025     0.8223     1.1420     0.3763
217.167421  46.664427  18.4850  17.5550  17.3278  17.1021  17.1236    0.07360000   0.00008636  22070.901    25.890077   0.686068   3.532713    -277.128 0   0.109615   0.013854   0.053999  -0.020259  -0.011526   -19.1551   -19.9894   -20.2567   -20.4082   -20.3954     0.8342     1.1016     0.1514
216.162051  45.951183  18.9890  17.5615  16.8886  16.5812  16.1580    0.07240000   0.00017172  21714.777    51.480361   0.687335   3.539241    -633.252 1   0.007125   0.004400   0.001693   0.001256   0.001257   -18.4916   -19.9163   -20.5865   -20.8935   -21.3167     1.4248     2.0950     0.3070
217.342426  45.301036  18.7033  16.9262  16.0800  15.6525  15.3636    0.07490000   0.00015383  22457.393    46.117074   0.690451   3.555285     109.364 0   0.271138   0.207555   0.079300   0.046294   0.049798   -19.1122   -20.8258   -21.5437   -21.9382   -22.2306     1.7135     2.4315     0.3945
