190.539395  42.281297  19.0532  17.1389  16.2511  15.8184  15.4810    0.07140000   0.00017333  21396.787    51.963027   0.013579   0.067941    -238.635 0   0.329047   0.252870   0.091262   0.061319   0.059284   -18.7190   -20.5571   -21.2833   -21.6860   -22.0214     1.8381     2.5643     0.4028
190.540366  42.286339  20.3322  18.3831  17.4538  17.0101  16.7252    0.07120000   0.00016007  21355.836    47.987779   0.015196   0.076032    -279.586 0   0.399565   0.310530   0.113274   0.079646   0.065249   -17.5044   -19.3644   -20.0965   -20.5065   -20.7770     1.8601     2.5921     0.4101
190.559516  42.300293  19.3146  17.8012  16.9928  16.5922  16.3355    0.07270000   0.00016773  21800.698    50.284189   0.022969   0.114924     165.276 0   0.352302   0.311323   0.141165   0.063517   0.025224   -18.5414   -20.0138   -20.6521   -20.9750   -21.1934     1.4724     2.1107     0.3230
190.543636  42.245056  20.2884  18.4201  17.5646  17.1691  16.8716    0.07220000   0.00017240  21652.990    51.684220   0.033818   0.169202      17.568 0   0.260047   0.198985   0.075810   0.043785   0.048551   -17.4603   -19.2675   -19.9999   -20.3633   -20.6656     1.8072     2.5396     0.3635
190.603503  42.270658  19.0763  17.1501  16.2344  15.7389  15.3574    0.07510000   0.00018324  22511.446    54.933970   0.035080   0.175516     876.024 1   0.513351   0.427653   0.164834   0.102327   0.069760   -19.0115   -20.8520   -21.5049   -21.9379   -22.2869     1.8405     2.4934     0.4330
190.616569  42.261746  19.5012  17.6979  16.7212  16.2018  15.8298    0.07290000   0.00016163  21850.433    48.455455   0.046789   0.234103     215.011 0   0.608933   0.505203   0.186983   0.112111   0.082541   -18.6174   -20.3170   -20.9755   -21.4200   -21.7624     1.6996     2.3581     0.4445
190.490830  42.292639  20.1206  18.2212  17.3864  16.9712  16.6909    0.07230000   0.00017833  21678.053    53.461989   0.051259   0.256467      42.630 0   0.226306   0.175078   0.065702   0.037490   0.044646   -17.5761   -19.4243   -20.1497   -20.5367   -20.8242     1.8482     2.5736     0.3870
190.626839  42.243815  19.8248  18.1726  17.3472  16.9682  16.7280    0.07270000   0.00017883  21798.449    53.611885   0.061644   0.308428     163.027 0   0.261069   0.197082   0.086685   0.040423   0.039519   -17.9400   -19.5282   -20.2432   -20.5759   -20.8152     1.5882     2.3032     0.3327
190.473624  42.274107  19.8003  18.2994  17.4687  17.0648  16.7945    0.06970000   0.00015767  20899.132    47.268277   0.061760   0.309007    -736.290 0   0.374909   0.347549   0.154047   0.070601   0.026083   -17.9652   -19.4387   -20.0759   -20.3964   -20.6222     1.4735     2.1107     0.3205
190.488594  42.323496  19.2142  17.7451  17.0415  16.6604  16.4452    0.07230000   0.00014673  21680.901    43.988547   0.068445   0.342454      45.479 0   0.223311   0.156281   0.085439   0.023494   0.010563   -18.4795   -19.8816   -20.5144   -20.8335   -21.0358     1.4021     2.0348     0.3192
190.650048  42.216316  20.2122  18.2931  17.4494  17.0379  16.7479    0.07350000   0.00015348  22022.754    46.012146   0.092052   0.460570     387.332 0   0.209993   0.165770   0.060601   0.035652   0.043141   -17.5222   -19.3971   -20.1356   -20.5222   -20.8197     1.8749     2.6134     0.3866
190.693959  42.264293  18.8447  17.0142  16.1304  15.7254  15.4309    0.07080000   0.00016222  21228.904    48.632333   0.102197   0.511329    -406.519 0   0.313592   0.241755   0.089836   0.057357   0.056076   -18.9149   -20.6735   -21.4054   -21.7779   -22.0711     1.7587     2.4905     0.3725
190.635236  42.191859  19.8153  17.8300  16.9688  16.5390  16.2444    0.07180000   0.00016500  21517.903    49.465756   0.103298   0.516835    -117.519 0   0.265494   0.204616   0.073596   0.045864   0.051468   -17.9267   -19.8512   -20.5813   -20.9834   -21.2836     1.9244     2.6546     0.4021
190.411255  42.254330  18.2240  16.3537  15.4613  15.0119  14.6905    0.07490000   0.00017318  22452.596    51.918058   0.110259   0.551666     817.174 0   0.414373   0.335747   0.131171   0.084824   0.060507   -19.7348   -21.5264   -22.2143   -22.6173   -22.9144     1.7917     2.4795     0.4031
190.393669  42.318093  17.8615  16.6697  16.1699  15.8354  15.6347    0.06990000   0.00017765  20954.563    53.258130   0.127498   0.637919    -680.859 0   0.179439   0.103330   0.088065  -0.019759  -0.096256   -19.7148   -20.8305   -21.3150   -21.5417   -21.6659     1.1157     1.6002     0.2267
190.672195  42.168437  20.1442  18.2743  17.3945  16.9585  16.6608    0.07200000   0.00015940  21573.335    47.786918   0.138350   0.692215     -62.087 0   0.315951   0.242422   0.087219   0.057963   0.057942   -17.6299   -19.4263   -20.1509   -20.5577   -20.8553     1.7964     2.5210     0.4067
190.363453  42.299452  19.7327  17.8813  16.9726  16.5375  16.2327    0.07120000   0.00018645  21359.883    55.896304   0.144875   0.724860    -275.539 0   0.401445   0.319888   0.122291   0.081418   0.061653   -18.1057   -19.8756   -20.5867   -20.9809   -21.2660     1.7698     2.4809     0.3942
190.351588  42.338654  19.1086  18.1819  17.8151  17.5147  17.3825    0.06900000   0.00007059  20682.981    21.162350   0.163846   0.819782    -952.441 1   0.150481   0.089608   0.096397  -0.088289  -0.052040   -18.4317   -19.2975   -19.6711   -19.7868   -19.9553     0.8658     1.2394     0.1157
190.350053  42.336252  19.3452  18.6867  18.5634  18.3276  18.3656    0.06900000   0.00008331  20690.926    24.975710   0.164023   0.820667    -944.496 1   0.102292   0.012428   0.048485  -0.017483  -0.009796   -18.1469   -18.7156   -18.8749   -19.0447   -19.0144     0.5686     0.7280     0.1698
190.789836  42.239974  19.4471  17.7091  16.8557  16.4519  16.1604    0.07360000   0.00014522  22077.346    43.535861   0.176311   0.882145     441.924 0   0.297017   0.229791   0.092105   0.052240   0.049681   -18.3804   -20.0512   -20.7669   -21.1309   -21.4198     1.6708     2.3865     0.3639
190.779282  42.208633  18.4425  17.0046  16.3238  15.8723  15.6011    0.07170000   0.00102812  21496.079   308.222622   0.178280   0.891999    -139.344 0   0.279233   0.230867   0.117125   0.040470   0.001700   -19.2890   -20.6785   -21.2456   -21.6204   -21.8529     1.3895     1.9566     0.3748
190.308356  42.304727  19.9748  18.2510  17.4088  17.0372  16.7578    0.07220000   0.00015307  21632.964    45.889232   0.185971   0.930482      -2.458 0   0.252478   0.190541   0.078664   0.040286   0.043682   -17.7663   -19.4282   -20.1585   -20.4917   -20.7745     1.6619     2.3922     0.3332
190.745656  42.144566  19.6858  17.9572  17.1631  16.7804  16.5065    0.07210000   0.00014358  21625.439    43.044201   0.192702   0.964159      -9.983 0   0.193025   0.139680   0.062443   0.028158   0.034038   -17.9716   -19.6469   -20.3637   -20.7121   -20.9919     1.6753     2.3921     0.3484
190.773547  42.162837  18.4902  16.9583  16.2218  15.8302  15.5697    0.07400000   0.00014675  22192.227    43.994543   0.196982   0.985569     556.805 0   0.235408   0.170000   0.087220   0.028582   0.020325   -19.2875   -20.7540   -21.4077   -21.7407   -21.9929     1.4665     2.1202     0.3330
190.776230  42.156404  19.9789  18.5069  17.8326  17.3261  16.9720    0.07130000   0.00008281  21377.421    24.825813   0.202379   1.012575    -258.001 0   0.312295   0.271092   0.130102   0.050762   0.009996   -17.7947   -19.2255   -19.7588   -20.1860   -20.4993     1.4308     1.9641     0.4272
190.762839  42.416021  18.2686  16.9971  16.3243  15.9846  15.8049    0.07240000   0.00018125  21694.751    54.337383   0.205952   1.030450      59.329 0   0.230037   0.232252   0.125686   0.019720  -0.069704   -19.4349   -20.7086   -21.2748   -21.5086   -21.5988     1.2737     1.8399     0.2337
190.382750  42.455648  19.1659  17.6839  16.9656  16.5661  16.3043    0.07190000   0.00008458  21568.718    25.356446   0.219977   1.100622     -66.704 0   0.247548   0.184890   0.095848   0.030686   0.013986   -18.5400   -19.9593   -20.5886   -20.9229   -21.1680     1.4193     2.0486     0.3343
190.282761  42.368811  19.1956  17.3235  16.3988  15.9281  15.5609    0.07170000   0.00015447  21493.920    46.308941   0.222532   1.113407    -141.502 0   0.491660   0.401017   0.153504   0.100226   0.068768   -18.7483   -20.5298   -21.2070   -21.6244   -21.9601     1.7815     2.4586     0.4174
190.871940  42.242596  20.0167  18.4805  17.6219  17.2298  16.8996    0.07410000   0.00014958  22217.979    44.842956   0.235626   1.178920     582.557 0   0.355974   0.296229   0.128297   0.068088   0.042146   -17.8845   -19.3610   -20.0517   -20.3836   -20.6878     1.4765     2.1671     0.3319
190.309449  42.103232  18.9655  17.6340  16.9282  16.5173  16.2301    0.07340000   0.00009547  21990.436    28.621186   0.252738   1.264541     355.014 0   0.294652   0.273120   0.134353   0.044468  -0.013181   -18.8537   -20.1637   -20.7307   -21.0517   -21.2813     1.3100     1.8770     0.3210
190.793209  42.462530  19.5158  18.1058  17.3609  16.9775  16.6944    0.07310000   0.00017382  21907.873    52.109925   0.254605   1.273881     272.451 0   0.288777   0.247922   0.124041   0.042952  -0.002125   -18.2886   -19.6578   -20.2788   -20.5811   -20.8191     1.3691     1.9902     0.3023
190.220768  42.195821  18.5369  17.5118  17.1181  16.8274  16.7338    0.07150000   0.00007869  21428.685    23.590669   0.261795   1.309853    -206.737 0   0.171000   0.057070   0.085315  -0.059922  -0.061460   -19.0771   -19.9883   -20.4102   -20.5557   -20.6477     0.9112     1.3331     0.1455
190.898562  42.360457  19.0621  17.9133  17.3337  16.9882  16.7669    0.07050000   0.00009128  21138.036    27.365056   0.266036   1.331072    -497.386 0   0.195517   0.180174   0.111819  -0.002413  -0.096791   -18.5669   -19.7003   -20.2116   -20.4429   -20.5698     1.1335     1.6447     0.2313
190.694300  42.524079  17.6433  15.8944  14.9914  14.5627  14.2703    0.07300000   0.00016797  21890.426    50.356139   0.266784   1.334816     255.003 0   0.423514   0.360333   0.148175   0.084971   0.053566   -20.2898   -21.9755   -22.6663   -23.0318   -23.2928     1.6857     2.3766     0.3655
190.764194  42.058584  19.0907  17.3756  16.5241  16.1535  15.8729    0.07360000   0.00016960  22060.108    50.844801   0.267185   1.336821     424.686 0   0.271801   0.207403   0.084780   0.045137   0.046094   -18.7116   -20.3623   -21.0912   -21.4221   -21.7037     1.6507     2.3796     0.3310
190.194867  42.303153  19.0117  17.7637  17.2596  16.9823  16.8193    0.07350000   0.00018908  22023.354    56.684758   0.269158   1.346695     387.931 0   0.099323   0.034450   0.038627   0.009746  -0.044137   -18.6121   -19.7952   -20.3035   -20.5519   -20.6610     1.1831     1.6914     0.2484
190.211303  42.396164  17.5859  16.4702  15.9741  15.6747  15.5259    0.06570000   0.00020807  19705.088    62.377817   0.281991   1.410903   -1930.334 1   0.156139   0.061956   0.070030  -0.006069  -0.076882   -19.8498   -20.8713   -21.3755   -21.5988   -21.6767     1.0215     1.5257     0.2233
190.454045  42.560297  18.6532  16.9739  16.1564  15.7482  15.4856    0.07170000   0.00015929  21480.579    47.753941   0.292968   1.465825    -154.843 0   0.291232   0.226156   0.096657   0.049563   0.043565   -19.0903   -20.7045   -21.3925   -21.7536   -22.0102     1.6142     2.3022     0.3611
190.943157  42.211849  19.0552  17.4533  16.6475  16.2123  15.9173    0.07230000   0.00015355  21678.053    46.033132   0.293157   1.466769      42.630 0   0.351860   0.299949   0.134019   0.065054   0.033647   -18.7671   -20.3171   -20.9569   -21.3232   -21.5868     1.5500     2.1899     0.3662
190.163502  42.211047  18.9325  18.0398  17.7259  17.4642  17.4550    0.07020000   0.00007502  21050.797    22.490430   0.298596   1.493981    -584.625 1   0.149929   0.024279   0.078380  -0.046325  -0.022222   -18.6448   -19.4119   -19.7799   -19.9169   -19.9502     0.7671     1.1351     0.1370
190.454940  42.570552  19.7211  17.9186  17.0549  16.6534  16.3830    0.07300000   0.00015734  21891.805    47.169345   0.302717   1.514600     256.383 0   0.278773   0.213568   0.085077   0.047450   0.048415   -18.0672   -19.8045   -20.5397   -20.9036   -21.1750     1.7373     2.4725     0.3639
190.090636  42.316536  18.2815  16.4627  15.6475  15.2313  14.9439    0.06960000   0.00018956  20854.103    56.828658   0.347255   1.737444    -781.319 1   0.209447   0.160467   0.062961   0.033768   0.040911   -19.3334   -21.1032   -21.8209   -22.2079   -22.5024     1.7698     2.4875     0.3870
191.006633  42.135150  19.5168  17.8475  16.9912  16.4737  16.0794    0.07410000   0.00016043  22217.859    48.095704   0.361834   1.810387     582.437 0   0.476569   0.411500   0.164433   0.095058   0.061323   -18.5050   -20.1093   -20.7185   -21.1666   -21.5272     1.6042     2.2135     0.4481
190.068158  42.310338  18.8524  17.7302  17.0952  16.7102  16.5127    0.06900000   0.00007754  20684.151    23.245907   0.363172   1.817078    -951.271 1   0.210156   0.257917   0.134561   0.012301  -0.084853   -18.7476   -19.9175   -20.4292   -20.6919   -20.7923     1.1700     1.6816     0.2627
191.014965  42.078201  19.6912  17.9371  17.1041  16.7471  16.4344    0.07120000   0.00016048  21331.133    48.110694   0.393077   1.966707    -304.289 0   0.144200   0.117264   0.045760   0.027115   0.031607   -17.8900   -19.6172   -20.3787   -20.7170   -21.0342     1.7272     2.4887     0.3384
191.182645  42.288012  20.4247  18.6049  17.7181  17.2931  16.9674    0.07460000   0.00014499  22372.342    43.466908   0.463052   2.316816     736.920 1   0.375709   0.301216   0.118595   0.075006   0.056907   -17.5109   -19.2562   -19.9604   -20.3418   -20.6494     1.7453     2.4495     0.3814
189.920983  42.217771  19.5879  18.1708  17.4451  17.0022  16.7299    0.07320000   0.00009030  21937.403    27.071259   0.474332   2.373252     301.981 0   0.313192   0.278794   0.133800   0.050471   0.004909   -18.2227   -19.6054   -20.1861   -20.5457   -20.7724     1.3827     1.9634     0.3596
189.913894  42.288840  18.2966  17.1073  16.5679  16.2512  16.1196    0.07310000   0.00018908  21916.837    56.684758   0.475951   2.381356     281.415 0   0.165707   0.077808   0.072371  -0.002183  -0.071844   -19.3848   -20.4862   -21.0201   -21.2623   -21.3242     1.1014     1.6354     0.2421
191.190635  42.130780  18.3134  16.3546  15.4637  15.0341  14.7186    0.07240000   0.00017796  21715.437    53.351066   0.491233   2.457817      80.015 0   0.329689   0.253496   0.091693   0.061495   0.059246   -19.4897   -21.3723   -22.1014   -22.5008   -22.8141     1.8826     2.6117     0.3994
191.196136  42.102585  17.9351  15.9432  15.0403  14.6214  14.3006    0.07270000   0.00021123  21796.650    63.325161   0.504189   2.522637     161.228 0   0.333310   0.256210   0.092449   0.062400   0.059772   -19.9019   -21.8167   -22.5558   -22.9447   -23.2629     1.9148     2.6539     0.3889
191.220926  42.110892  19.6799  17.8816  17.0290  16.6387  16.3155    0.07230000   0.00016165  21687.316    48.461451   0.518706   2.595272      51.894 0   0.218177   0.170552   0.062997   0.036635   0.044007   -18.0087   -19.7594   -20.5044   -20.8684   -21.1989     1.7507     2.4957     0.3639
191.205269  42.041423  19.3859  18.0962  17.4788  17.1275  16.9494    0.07420000   0.00009961  22258.900    29.862327   0.534574   2.674663     623.478 1   0.197969   0.128673   0.086766   0.006720  -0.046898   -18.3603   -19.5807   -20.1562   -20.4274   -20.5519     1.2204     1.7959     0.2713
191.052586  41.887288  18.3016  16.6603  15.8415  15.4483  15.1652    0.07300000   0.00014841  21898.700    44.492199   0.535404   2.678817     263.278 0   0.282703   0.218445   0.096020   0.046373   0.040144   -19.4906   -21.0677   -21.7641   -22.1076   -22.3845     1.5770     2.2734     0.3436
191.301602  42.207202  19.9844  18.3197  17.5523  17.1755  16.8868    0.07100000   0.00013544  21271.144    40.603891   0.555400   2.778868    -364.278 0   0.133887   0.099119   0.044410   0.023125   0.026724   -17.5984   -19.2283   -19.9410   -20.2965   -20.5888     1.6299     2.3426     0.3555
191.050339  41.852582  19.4621  18.2357  17.6598  17.3204  17.1234    0.07330000   0.00008284  21973.858    24.834807   0.560110   2.802433     338.436 0   0.196198   0.149245   0.100549  -0.000107  -0.088561   -18.2557   -19.4352   -19.9624   -20.2011   -20.3096     1.1794     1.7067     0.2387
190.380931  42.824031  20.2407  18.4008  17.6255  17.1663  16.8903    0.06520000   0.00011587  19557.051    34.736952   0.561935   2.811561   -2078.371 1   0.198845   0.152031   0.060631   0.032033   0.038988   -17.1997   -18.9928   -19.6767   -20.1073   -20.3903     1.7931     2.4770     0.4306
189.804986  42.154306  19.5814  18.1814  17.5145  17.1597  16.9154    0.06010000   0.00016166  18020.884    48.464449   0.569849   2.851158   -3614.538 1   0.187533   0.115572   0.071131   0.016633   0.003000   -17.6736   -19.0017   -19.6241   -19.9244   -20.1551     1.3280     1.9505     0.3003
189.783550  42.324770  18.1707  17.0668  16.6065  16.3017  16.1421    0.07160000   0.00009062  21467.418    27.167193   0.574213   2.872991    -168.004 0   0.173687   0.082000   0.085763  -0.035729  -0.091022   -19.4522   -20.4644   -20.9285   -21.1118   -21.2161     1.0122     1.4763     0.1833
189.866187  42.539493  19.1272  17.2078  16.3252  15.8263  15.5005    0.06970000   0.00016599  20903.809    49.762550   0.574393   2.873897    -731.614 1   0.489227   0.430253   0.171452   0.095961   0.062092   -18.7526   -20.6130   -21.2368   -21.6602   -21.9522     1.8604     2.4842     0.4234
190.376777  42.856208  18.6114  17.5059  17.0366  16.6784  16.5433    0.06520000   0.00008048  19553.603    24.127297   0.593964   2.971817   -2081.819 1   0.174248   0.124474   0.099240  -0.030473  -0.101050   -18.8044   -19.8602   -20.3042   -20.5327   -20.5972     1.0557     1.4998     0.2285
190.235613  42.905741  17.9563  16.2211  15.4076  15.0090  14.7285    0.06460000   0.00016218  19366.323    48.620341   0.671825   3.361381   -2269.099 1   0.245381   0.183933   0.077399   0.038192   0.041878   -19.5140   -21.1877   -21.8947   -22.2541   -22.5383     1.6738     2.3807     0.3594
189.827189  42.690733  17.3239  15.8611  15.1101  14.7402  14.4638    0.07160000   0.00015824  21458.904    47.439159   0.680005   3.402311    -176.518 0   0.278859   0.222414   0.110175   0.042514   0.015913   -20.4042   -21.8105   -22.4493   -22.7515   -23.0013     1.4064     2.0451     0.3022
189.648451  42.401395  18.9870  17.1051  16.2312  15.8412  15.5009    0.06610000   0.00016719  19826.954    50.122301   0.683554   3.420067   -1808.468 1   0.228853   0.178717   0.064989   0.038668   0.045996   -18.5381   -20.3698   -21.1300   -21.4937   -21.8413     1.8318     2.5919     0.3637
191.338944  41.911485  18.9703  17.0229  16.1584  15.7732  15.4808    0.06560000   0.00015765  19659.610    47.262281   0.684576   3.425178   -1975.812 1   0.242564   0.185430   0.071300   0.039887   0.045953   -18.5519   -20.4422   -21.1926   -21.5464   -21.8448     1.8903     2.6406     0.3538
189.784462  41.873652  18.1444  16.8995  16.3581  16.0385  15.8194    0.06590000   0.00016002  19759.471    47.972789   0.699798   3.501342   -1875.951 1   0.173320   0.088646   0.076239  -0.002957  -0.072591   -19.3185   -20.4788   -21.0078   -21.2482   -21.3976     1.1602     1.6892     0.2404
190.306189  41.601069  19.2413  17.9899  17.5931  17.3431  17.2462    0.06660000   0.00010491  19954.636    31.451227   0.701324   3.508977   -1680.786 1   0.113393   0.025745   0.052554  -0.005830  -0.043827   -18.1635   -19.3272   -19.7508   -19.9425   -20.0014     1.1638     1.5874     0.1916
189.612776  42.362486  18.3260  16.6811  15.9021  15.5213  15.2258    0.06590000   0.00016591  19749.218    49.738567   0.703773   3.521228   -1886.204 1   0.152294   0.112489   0.049980   0.025073   0.029675   -19.1159   -20.7210   -21.4375   -21.7934   -22.0935     1.6051     2.3216     0.3559
191.474402  42.080001  18.7204  17.3244  16.5612  16.1462  15.8340    0.07230000   0.00021456  21689.984    64.323470   0.706921   3.536977      54.562 0   0.327195   0.291055   0.136787   0.055121   0.012407   -19.0772   -20.4371   -21.0460   -21.3794   -21.6488     1.3599     1.9688     0.3333
