182.214284   5.089690  18.8000  16.9645  16.0860  15.6824  15.3793    0.07540000   0.00018517  22613.435    55.512569   0.006780   0.035465    -112.032 0   0.280057   0.215100   0.078219   0.049091   0.053012   -19.0390   -20.8095   -21.5511   -21.9256   -22.2326     1.7705     2.5122     0.3745
182.208558   5.116771  19.7987  17.8667  16.9969  16.5777  16.2765    0.07590000   0.00016335  22745.404    48.971098   0.024062   0.125861      19.936 0   0.266365   0.205095   0.074245   0.045994   0.051358   -18.0622   -19.9330   -20.6719   -21.0629   -21.3694     1.8707     2.6097     0.3909
182.196024   5.121942  19.1502  17.6750  16.9583  16.5421  16.2621    0.07690000   0.00014083  23044.057    42.219772   0.031643   0.165514     318.589 1   0.284103   0.234489   0.117487   0.042444   0.006229   -18.7600   -20.1856   -20.7853   -21.1265   -21.3702     1.4256     2.0253     0.3412
182.197463   5.143763  19.3355  17.6325  16.8379  16.4490  16.1654    0.07590000   0.00013765  22750.560    41.266432   0.052157   0.272820      25.093 0   0.208571   0.153449   0.066180   0.030957   0.037130   -18.4676   -20.1155   -20.8229   -21.1765   -21.4663     1.6479     2.3552     0.3537
182.348357   5.161758  19.2833  17.6648  16.8910  16.4901  16.1867    0.07290000   0.00014129  21847.465    42.357676   0.155754   0.814708    -878.002 1   0.224954   0.165028   0.072554   0.032846   0.037523   -18.4513   -20.0099   -20.6912   -21.0524   -21.3605     1.5586     2.2399     0.3612
182.202000   4.930610  18.9488  16.9869  15.9945  15.5007  15.0764    0.07640000   0.00015462  22904.863    46.353910   0.162220   0.848530     179.396 0   0.580834   0.463224   0.171096   0.111807   0.079653   -19.2409   -21.0852   -21.7855   -22.2200   -22.6122     1.8443     2.5446     0.4345
182.374833   5.121007  18.8787  17.0265  16.1784  15.8009  15.5222    0.07610000   0.00015704  22819.392    47.079408   0.168379   0.880748      93.925 0   0.234052   0.178402   0.069589   0.037870   0.044306   -18.9375   -20.7340   -21.4733   -21.8191   -22.1042     1.7965     2.5358     0.3458
182.406143   5.151705  18.7665  17.0337  16.2262  15.8330  15.5291    0.07310000   0.00015150  21916.118    45.418557   0.205806   1.076522    -809.350 1   0.186367   0.143226   0.057398   0.030565   0.037193   -18.9355   -20.6252   -21.3468   -21.7132   -22.0237     1.6897     2.4113     0.3664
182.203498   4.873636  19.2955  17.5604  16.7255  16.3330  16.0389    0.07550000   0.00015896  22637.508    47.655009   0.219126   1.146195     -87.959 0   0.269291   0.205297   0.082922   0.044775   0.046629   -18.5386   -20.2097   -20.9223   -21.2766   -21.5726     1.6711     2.3836     0.3544
182.367035   5.266342  18.7748  16.9273  16.0827  15.7060  15.4271    0.07890000   0.00015823  23645.920    47.436161   0.234904   1.228722     920.453 1   0.226937   0.172433   0.068082   0.036186   0.042940   -19.1130   -20.9060   -21.6462   -21.9910   -22.2767     1.7930     2.5332     0.3448
182.321885   5.318689  19.0427  17.2006  16.3290  15.9368  15.6266    0.07510000   0.00016933  22514.054    50.763857   0.252765   1.322153    -211.414 0   0.268324   0.205904   0.076683   0.046072   0.050542   -18.8001   -20.5798   -21.3222   -21.6838   -21.9984     1.7797     2.5221     0.3616
182.208801   5.355310  19.1647  17.0594  16.1295  15.7119  15.3839    0.07850000   0.00018864  23528.042    56.552849   0.262599   1.373588     802.574 1   0.380907   0.295385   0.107664   0.074862   0.063733   -18.8660   -20.8858   -21.6280   -22.0128   -22.3296     2.0198     2.7620     0.3848
182.277579   5.363064  19.2630  17.6456  16.8898  16.5097  16.2289    0.07730000   0.00013544  23177.794    40.603891   0.279046   1.459622     452.327 1   0.187277   0.132969   0.061702   0.026612   0.031834   -18.5587   -20.1218   -20.8064   -21.1514   -21.4374     1.5631     2.2476     0.3450
182.236961   5.381927  19.2824  17.5543  16.7038  16.2983  16.0170    0.07690000   0.00015722  23054.370    47.133370   0.290631   1.520220     328.902 1   0.298836   0.231585   0.093334   0.052669   0.049419   -18.6425   -20.3034   -21.0156   -21.3805   -21.6585     1.6608     2.3731     0.3648
182.523067   5.126060  19.9133  18.0088  17.1907  16.8156  16.4969    0.07600000   0.00014683  22789.203    44.018527   0.315401   1.649784      63.736 0   0.111427   0.098816   0.036584   0.024439   0.026869   -17.7986   -19.6905   -20.4463   -20.8093   -21.1304     1.8919     2.6478     0.3630
182.512087   5.274431  19.9678  18.1343  17.2146  16.7958  16.4658    0.07650000   0.00015447  22945.335    46.308941   0.353054   1.846735     219.868 0   0.414280   0.334317   0.129794   0.084799   0.061155   -18.0400   -19.7935   -20.5087   -20.8825   -21.1889     1.7535     2.4687     0.3738
182.093179   5.431700  18.3269  16.7227  15.9540  15.5830  15.3189    0.07670000   0.00015553  22991.443    46.626721   0.357821   1.871674     265.976 0   0.200848   0.141291   0.067095   0.026971   0.031316   -19.4732   -21.0178   -21.7123   -22.0432   -22.3116     1.5446     2.2391     0.3309
182.502990   5.300817  19.9193  17.9135  17.0272  16.6208  16.3333    0.07700000   0.00016913  23088.516    50.703898   0.359902   1.882558     363.049 1   0.280297   0.215354   0.077823   0.049217   0.053283   -17.9687   -19.9096   -20.6584   -21.0361   -21.3277     1.9409     2.6896     0.3778
182.568410   5.174284  19.9054  17.9049  17.0385  16.6262  16.3256    0.07510000   0.00015463  22524.547    46.356908   0.367953   1.924670    -200.921 0   0.249862   0.193511   0.069856   0.042636   0.049185   -17.9190   -19.8631   -20.6058   -20.9909   -21.2981     1.9441     2.6869     0.3851
182.228986   5.460109  19.1723  17.1742  16.2979  15.8959  15.5714    0.07730000   0.00016431  23165.683    49.258899   0.367981   1.924814     440.215 1   0.259416   0.200314   0.072006   0.044583   0.050655   -18.7216   -20.6606   -21.4086   -21.7831   -22.1137     1.9390     2.6870     0.3746
182.099834   5.452862  19.2880  17.4193  16.5183  16.1219  15.8034    0.07640000   0.00017525  22891.223    52.538628   0.375974   1.966628     165.755 0   0.322128   0.248692   0.092268   0.059605   0.057090   -18.6430   -20.4383   -21.1829   -21.5466   -21.8626     1.7953     2.5398     0.3637
182.528326   5.296063  19.7073  17.8816  17.0076  16.5889  16.2612    0.07930000   0.00016197  23775.401    48.557384   0.378194   1.978237    1049.933 1   0.287160   0.220443   0.078947   0.050872   0.054534   -18.2701   -20.0290   -20.7615   -21.1522   -21.4835     1.7590     2.4915     0.3906
182.594760   5.048476  19.5813  18.2414  17.5957  17.2680  16.9855    0.07600000   0.00020359  22785.366    61.034747   0.387576   2.027313      59.899 0   0.004487   0.002476   0.000992   0.000702   0.000645   -18.0236   -19.3615   -20.0057   -20.3332   -20.6156     1.3379     1.9821     0.3274
182.458404   5.397519  20.3178  18.4686  17.6319  17.2683  17.0185    0.07650000   0.00019838  22936.282    59.472828   0.393726   2.059485     210.814 0   0.236488   0.176788   0.073979   0.036485   0.041373   -17.5122   -19.3017   -20.0356   -20.3617   -20.6164     1.7895     2.5234     0.3261
182.309212   5.478043  19.5116  17.7475  16.9441  16.5696  16.4420    0.07670000   0.00014995  23004.005    44.953879   0.398252   2.083158     278.537 0   0.226224   0.164100   0.075108   0.031754   0.034836   -18.3138   -20.0158   -20.7302   -21.0614   -21.1921     1.7020     2.4164     0.3311
182.255356   5.490345  18.9765  17.0613  16.2156  15.8216  15.5109    0.07580000   0.00016850  22739.168    50.515029   0.400399   2.094385      13.701 0   0.195941   0.156570   0.057257   0.033965   0.041086   -18.8142   -20.6900   -21.4364   -21.8071   -22.1249     1.8758     2.6222     0.3707
182.512388   5.394194  19.7920  17.8644  16.9262  16.4811  16.1090    0.08000000   0.00017793  23997.337    53.342072   0.427432   2.235790    1271.870 1   0.471848   0.373956   0.139471   0.097020   0.069486   -18.3921   -20.2218   -20.9255   -21.3282   -21.6727     1.8297     2.5334     0.4026
182.600600   5.274403  19.8805  18.0579  17.1849  16.7601  16.4784    0.07810000   0.00016990  23428.601    50.934739   0.431026   2.254588     703.133 1   0.294445   0.226332   0.084692   0.052356   0.053554   -18.0738   -19.8283   -20.5597   -20.9521   -21.2350     1.7545     2.4858     0.3925
182.630922   5.189075  19.0982  17.1561  16.2545  15.8343  15.5034    0.07630000   0.00016102  22884.687    48.272582   0.431948   2.259411     159.220 0   0.336890   0.259109   0.093632   0.063316   0.060098   -18.8477   -20.7120   -21.4482   -21.8381   -22.1657     1.8643     2.6004     0.3899
182.026545   5.488260  19.0345  17.4042  16.7119  16.3614  16.1137    0.07240000   0.00014276  21709.291    42.798371   0.434964   2.275187   -1016.177 1   0.057426   0.036334   0.016199   0.010034   0.010120   -18.4964   -20.1056   -20.7777   -21.1221   -21.3699     1.6092     2.2814     0.3443
182.306056   5.517381  20.0422  18.3085  17.4358  17.0430  16.7326    0.07640000   0.00017621  22910.829    52.826429   0.435713   2.279106     185.362 0   0.322262   0.252818   0.100962   0.059702   0.051953   -17.8890   -19.5532   -20.2741   -20.6256   -20.9283     1.6643     2.3851     0.3515
182.583435   5.323442  19.8130  17.9339  17.0643  16.6345  16.3427    0.07750000   0.00019260  23220.515    57.740027   0.439243   2.297570     495.047 1   0.271906   0.209302   0.075243   0.047347   0.052353   -18.1020   -19.9185   -20.6540   -21.0559   -21.3527     1.8165     2.5520     0.4019
182.656112   5.182819  19.1845  17.8406  17.0925  16.7019  16.4169    0.07530000   0.00016992  22578.869    50.940734   0.455161   2.380832    -146.599 0   0.310150   0.293430   0.140553   0.050946  -0.006816   -18.6847   -20.0119   -20.6071   -20.9081   -21.1353     1.3272     1.9224     0.3010
182.575953   5.363125  19.1343  17.2406  16.3579  15.9176  15.6028    0.08060000   0.00015122  24174.574    45.334615   0.455309   2.381608    1449.107 1   0.309877   0.237715   0.085498   0.056440   0.057229   -18.8829   -20.7045   -21.4349   -21.8462   -22.1618     1.8215     2.5520     0.4112
182.394340   5.509126  18.5899  16.8103  15.8750  15.4137  15.0519    0.07590000   0.00018706  22761.652    56.079177   0.455828   2.384321      36.185 0   0.494205   0.415245   0.162175   0.099192   0.066514   -19.4989   -21.1995   -21.8817   -22.2801   -22.6092     1.7006     2.3829     0.3983
182.406071   4.681379  18.3681  17.2540  16.6466  16.2969  16.0348    0.08100000   0.00018399  24282.919    55.158814   0.456117   2.385835    1557.452 1   0.200896   0.215970   0.122335   0.005027  -0.092852   -19.5721   -20.7013   -21.2150   -21.4474   -21.6117     1.1292     1.6429     0.2324
182.587758   5.358342  19.6728  17.8441  16.9675  16.5632  16.2921    0.08020000   0.00015017  24034.571    45.019833   0.462055   2.416897    1309.104 1   0.291015   0.223680   0.084872   0.051336   0.052464   -18.3330   -20.0944   -20.8322   -21.2030   -21.4752     1.7614     2.4992     0.3708
182.172271   5.554763  20.2822  18.3351  17.4773  17.0817  16.7655    0.07680000   0.00016065  23034.554    48.161658   0.463434   2.424109     309.086 1   0.211613   0.166940   0.060934   0.035891   0.043420   -17.5285   -19.4309   -20.1827   -20.5533   -20.8770     1.9024     2.6542     0.3706
182.570080   5.386039  17.1626  15.0779  14.1856  13.7582  13.4837    0.07620000   0.00021954  22832.733    65.816436   0.464728   2.430876     107.266 0   0.303302   0.232711   0.083691   0.054824   0.056415   -20.7257   -22.7398   -23.4831   -23.8816   -24.1577     2.0141     2.7574     0.3985
182.596674   5.350793  18.7120  16.7868  15.8707  15.4557  15.1472    0.07660000   0.00017613  22968.149    52.802446   0.465119   2.432921     242.682 0   0.330293   0.253833   0.091581   0.061634   0.059439   -19.2147   -21.0634   -21.8173   -22.2023   -22.5086     1.8487     2.6026     0.3851
182.582938   5.373619  19.5677  17.6327  16.7336  16.3091  15.9926    0.07440000   0.00020138  22312.204    60.372205   0.467159   2.443593    -413.264 1   0.326900   0.251270   0.090842   0.060781   0.058957   -18.3102   -20.1696   -20.9082   -21.3027   -21.6174     1.8594     2.5980     0.3944
181.872644   4.765192  19.1071  17.2865  16.4497  16.0978  15.8256    0.07860000   0.00014658  23566.355    43.943578   0.467946   2.447711     840.888 1   0.189689   0.142838   0.059277   0.029990   0.036532   -18.7564   -20.5301   -21.2833   -21.6060   -21.8847     1.7737     2.5270     0.3226
182.051719   5.534807  20.0191  18.3174  17.4826  17.1133  16.8678    0.07660000   0.00016166  22978.372    48.464449   0.468763   2.451982     252.905 0   0.264619   0.200507   0.087193   0.041640   0.040727   -17.8419   -19.4795   -20.2010   -20.5247   -20.7693     1.6376     2.3591     0.3237
182.589782   5.391975  18.9372  17.1035  16.2191  15.8008  15.4972    0.07490000   0.00017465  22454.215    52.358753   0.483759   2.530424    -271.252 1   0.319946   0.246030   0.089473   0.059016   0.057885   -18.9271   -20.6869   -21.4148   -21.8026   -22.1051     1.7598     2.4876     0.3878
182.625320   5.342966  20.1534  18.2676  17.4142  17.0186  16.7358    0.07330000   0.00017583  21966.333    52.712508   0.485029   2.537064    -759.134 1   0.256706   0.196636   0.074328   0.043143   0.048451   -17.6249   -19.4506   -20.1817   -20.5462   -20.8343     1.8257     2.5568     0.3644
182.519561   5.469386  19.3581  17.5139  16.6480  16.2428  15.9549    0.07400000   0.00016645  22186.920    49.900455   0.487924   2.552211    -538.547 1   0.282990   0.217150   0.082007   0.049370   0.051759   -18.4672   -20.2456   -20.9763   -21.3489   -21.6392     1.7784     2.5091     0.3726
182.613010   5.367499  20.1821  18.3493  17.5167  17.1363  16.9555    0.07530000   0.00015625  22579.888    46.842572   0.487949   2.552342    -145.579 0   0.249853   0.187699   0.079115   0.039132   0.042160   -17.6268   -19.3975   -20.1215   -20.4619   -20.6457     1.7706     2.4947     0.3404
182.394995   5.549049  20.0711  18.2802  17.4890  17.1145  16.8224    0.07290000   0.00017493  21850.733    52.442695   0.492813   2.577781    -874.734 1   0.112903   0.092083   0.037196   0.022746   0.025337   -17.5515   -19.3216   -20.0579   -20.4179   -20.7126     1.7701     2.5064     0.3601
182.476325   5.510846  19.2383  17.3549  16.4765  16.0787  15.7546    0.07310000   0.00016012  21912.700    48.002768   0.496151   2.595240    -812.767 1   0.251755   0.194835   0.070324   0.043010   0.049454   -18.5291   -20.3556   -21.1095   -21.4800   -21.8105     1.8265     2.5804     0.3705
182.455779   5.524133  20.0088  18.1956  17.3379  16.9223  16.6046    0.07590000   0.00016321  22760.333    48.929127   0.496931   2.599322      34.866 0   0.225203   0.176192   0.064157   0.038070   0.045437   -17.8110   -19.5752   -20.3208   -20.7103   -21.0354     1.7642     2.5099     0.3895
182.545830   5.464917  20.3517  18.5772  17.7321  17.3167  17.0301    0.07800000   0.00014497  23384.801    43.460913   0.501636   2.623933     659.334 1   0.276815   0.211969   0.082723   0.047334   0.049391   -17.5610   -19.2706   -19.9865   -20.3665   -20.6552     1.7097     2.4255     0.3800
182.639645   5.359897  20.0142  18.1188  17.2471  16.8488  16.5490    0.07960000   0.00017263  23871.544    51.753172   0.506037   2.646953    1146.077 1   0.251797   0.194256   0.071147   0.042745   0.048964   -17.9389   -19.7768   -20.5254   -20.8953   -21.2013     1.8379     2.5864     0.3699
182.564763   5.455996  19.1474  17.4148  16.5562  16.1394  15.8116    0.07650000   0.00015854  22932.564    47.529096   0.508052   2.657493     207.097 0   0.361857   0.293358   0.120170   0.071114   0.051538   -18.8080   -20.4721   -21.1575   -21.5252   -21.8335     1.6641     2.3495     0.3677
182.152380   5.599605  18.8974  16.9392  16.1044  15.7067  15.3862    0.07730000   0.00015976  23171.439    47.894843   0.509932   2.667326     445.971 1   0.183964   0.147926   0.054673   0.032319   0.039036   -18.9210   -20.8432   -21.5847   -21.9601   -22.2873     1.9222     2.6637     0.3753
182.317634   5.592445  17.4768  15.4368  14.5200  14.0990  13.7776    0.07600000   0.00022695  22792.981    68.037898   0.511484   2.675448      67.513 0   0.369063   0.285579   0.103899   0.071750   0.062829   -20.4927   -22.4492   -23.1843   -23.5732   -23.8857     1.9565     2.6916     0.3889
182.666364   5.323728  19.2079  17.2415  16.3474  15.9469  15.6391    0.07640000   0.00017917  22893.411    53.713815   0.511504   2.675549     167.944 0   0.289369   0.222095   0.080005   0.051365   0.054593   -18.6904   -20.5895   -21.3415   -21.7134   -22.0244     1.8991     2.6511     0.3719
182.693738   5.286633  20.0821  18.3149  17.4325  17.0242  16.7379    0.07750000   0.00015925  23225.581    47.741949   0.521060   2.725533     500.114 1   0.331446   0.260867   0.103460   0.062436   0.053219   -17.8924   -19.5890   -20.3140   -20.6813   -20.9584     1.6966     2.4216     0.3673
182.685930   5.309823  19.9682  17.9521  17.0435  16.6156  16.3067    0.07640000   0.00016388  22891.702    49.129988   0.523042   2.735902     166.235 0   0.356403   0.274657   0.099185   0.068339   0.062094   -17.9971   -19.9315   -20.6646   -21.0616   -21.3643     1.9344     2.6675     0.3971
182.710565   5.258996  19.4730  17.6164  16.7980  16.3720  16.0641    0.07900000   0.00015447  23681.026    46.308941   0.527296   2.758154     955.558 1   0.185557   0.149469   0.054888   0.032635   0.039442   -18.3974   -20.2179   -20.9417   -21.3455   -21.6602     1.8205     2.5443     0.4037
182.713785   5.289285  19.3976  17.5227  16.6391  16.2074  15.9063    0.07570000   0.00016867  22679.989    50.565994   0.540603   2.827761     -45.479 0   0.310313   0.237975   0.085345   0.056553   0.057407   -18.4833   -20.2859   -21.0169   -21.4198   -21.7217     1.8026     2.5335     0.4029
182.648601   5.414593  20.1008  18.2487  17.3722  16.9615  16.6732    0.07410000   0.00017982  22218.788    53.908680   0.544096   2.846029    -506.679 1   0.290173   0.222765   0.081117   0.051508   0.054254   -17.7346   -19.5193   -20.2542   -20.6353   -20.9263     1.7847     2.5195     0.3811
182.432058   5.591958  20.3655  18.4802  17.5904  17.1349  16.7989    0.07660000   0.00015223  22961.164    45.637406   0.546779   2.860066     235.697 0   0.481801   0.409083   0.161691   0.096689   0.063780   -17.7127   -19.5253   -20.1677   -20.5582   -20.8613     1.8126     2.4550     0.3905
182.683877   5.372162  19.3193  17.4706  16.5660  16.1371  15.8288    0.07750000   0.00019681  23226.690    59.002154   0.550079   2.877323     501.223 1   0.357877   0.276784   0.100963   0.068895   0.061645   -18.6816   -20.4492   -21.1780   -21.5748   -21.8759     1.7676     2.4964     0.3968
182.619623   5.469690  19.6336  17.7731  16.9177  16.5347  16.2045    0.07990000   0.00015703  23943.075    47.076410   0.556826   2.912616    1217.607 1   0.177457   0.143652   0.053116   0.031654   0.038043   -18.2322   -20.0589   -20.8237   -21.1853   -21.5219     1.8267     2.5916     0.3615
182.722738   5.336270  19.9955  18.0526  17.1720  16.7476  16.4275    0.07530000   0.00017367  22587.263    52.064956   0.567444   2.968159    -138.204 0   0.320663   0.246117   0.088526   0.059168   0.058494   -17.8842   -19.7526   -20.4756   -20.8706   -21.1901     1.8684     2.5914     0.3950
182.774927   5.032713  20.4472  18.5915  17.7174  17.3294  17.0188    0.07610000   0.00016007  22817.923    47.987779   0.567678   2.969382      92.456 0   0.279324   0.214202   0.080528   0.048494   0.051533   -17.4142   -19.2048   -19.9452   -20.3012   -20.6148     1.7906     2.5310     0.3560
182.714314   5.366296  18.7491  16.8406  15.9506  15.5192  15.2137    0.07870000   0.00017628  23596.604    52.847414   0.573577   3.000239     871.137 1   0.312766   0.239944   0.086404   0.057146   0.057534   -19.2402   -21.0759   -21.8123   -22.2145   -22.5204     1.8357     2.5721     0.4021
182.595446   4.646854  18.6011  16.7909  15.9279  15.5067  15.1965    0.07610000   0.00016925  22822.300    50.739874   0.589554   3.083809      96.833 0   0.263343   0.202858   0.073483   0.045287   0.050926   -19.2443   -20.9941   -21.7277   -22.1207   -22.4365     1.7497     2.4833     0.3930
182.711987   5.422130  18.1930  16.1951  15.2824  14.8663  14.5327    0.07840000   0.00019317  23495.544    57.910909   0.600272   3.139872     770.077 1   0.376867   0.291537   0.105767   0.073691   0.063695   -19.8521   -21.7646   -22.4916   -22.8756   -23.1992     1.9126     2.6395     0.3840
182.821912   5.102958  19.1850  17.6779  16.9296  16.5178  16.1658    0.07820000   0.00017793  23453.004    53.342072   0.611384   3.197998     727.536 1   0.301945   0.247731   0.118178   0.049802   0.021575   -18.7584   -20.2113   -20.8300   -21.1734   -21.4972     1.4529     2.0716     0.3434
182.738680   5.452338  20.0712  18.4544  17.6578  17.2951  16.9375    0.07730000   0.00016161  23182.741    48.449459   0.639165   3.343315     457.273 1   0.073219   0.065454   0.024760   0.017760   0.017904   -17.6365   -19.2455   -20.0014   -20.3571   -20.7149     1.6090     2.3649     0.3557
182.296466   5.735455  18.8533  17.5579  16.9873  16.6482  16.4473    0.08010000   0.00014177  24001.174    42.501577   0.648729   3.393339    1275.707 1   0.176818   0.095726   0.075605   0.002792  -0.056199   -19.0385   -20.2528   -20.8033   -21.0696   -21.2115     1.2143     1.7648     0.2663
181.772973   4.608270  18.2814  17.2061  16.8358  16.5461  16.3846    0.07620000   0.00007593  22846.644    22.763241   0.650082   3.400416     121.176 0   0.161526   0.040858   0.078555  -0.042478  -0.052963   -19.4651   -20.4197   -20.8277   -20.9964   -21.1474     0.9546     1.3626     0.1687
182.860405   5.186283  19.3348  17.7017  16.8811  16.4895  16.1982    0.07420000   0.00014327  22234.497    42.951265   0.656343   3.433169    -490.970 1   0.291556   0.227080   0.098623   0.049476   0.041741   -18.5050   -20.0736   -20.7657   -21.1082   -21.3918     1.5686     2.2608     0.3425
182.782803   5.429114  19.7849  17.9443  17.1312  16.7502  16.4560    0.07910000   0.00015820  23727.674    47.427167   0.663885   3.472617    1002.206 1   0.155834   0.122822   0.049278   0.027657   0.032809   -18.0585   -19.8661   -20.6057   -20.9650   -21.2644     1.8076     2.5471     0.3594
182.501678   5.699219  19.6745  18.2543  17.6284  17.2887  17.0597    0.07490000   0.00008292  22447.470    24.858791   0.673281   3.521765    -277.998 1   0.152471   0.082873   0.058870   0.015286  -0.003861   -18.0224   -19.3730   -19.9749   -20.2710   -20.4808     1.3506     1.9525     0.2961
