201.372607  -1.361186  19.6993  17.7700  16.8629  16.4298  16.1274    0.08310000   0.00016702  24902.830    50.071336   0.021992   0.126419    -295.026 0   0.362086   0.279724   0.101571   0.069894   0.062326   -18.4339   -20.2809   -21.0098   -21.4112   -21.7061     1.8469     2.5759     0.4014
201.424962  -1.383173  19.1085  17.1187  16.1992  15.7940  15.4798    0.08110000   0.00017027  24325.820    51.045662   0.034876   0.200481    -872.036 1   0.348855   0.269027   0.097607   0.066472   0.061081   -18.9612   -20.8711   -21.6192   -21.9933   -22.3021     1.9100     2.6581     0.3741
201.356324  -1.372063  19.1291  17.3063  16.3403  15.8976  15.5728    0.08380000   0.00016706  25130.792    50.083328   0.037330   0.214589     -67.064 0   0.510309   0.440287   0.172352   0.099940   0.067049   -19.1734   -20.9262   -21.6243   -21.9945   -22.2864     1.7528     2.4508     0.3703
201.441027  -1.376268  19.2553  17.3583  16.4562  16.0413  15.7469    0.08350000   0.00016339  25044.362    48.983090   0.048233   0.277262    -153.494 0   0.308151   0.236425   0.085121   0.056014   0.056972   -18.8372   -20.6625   -21.4133   -21.7991   -22.0945     1.8253     2.5761     0.3858
201.339452  -1.311137  20.4138  18.4258  17.5480  17.1507  16.8489    0.08340000   0.00014036  24987.761    42.078869   0.078547   0.451516    -210.095 0   0.275323   0.211818   0.076029   0.048148   0.052869   -17.6433   -19.5678   -20.3098   -20.6792   -20.9857     1.9245     2.6665     0.3694
201.458443  -1.321409  19.1229  17.1596  16.2430  15.8316  15.4769    0.08510000   0.00017093  25526.368    51.243525   0.080048   0.460145     328.513 0   0.364422   0.281868   0.102601   0.070552   0.062387   -19.0857   -20.9665   -21.7038   -22.0832   -22.4297     1.8807     2.6181     0.3794
201.472111  -1.386340  20.0378  18.2937  17.3926  16.9542  16.6744    0.08550000   0.00015200  25641.159    45.568454   0.080695   0.463866     443.303 0   0.454808   0.411970   0.169159   0.088898   0.052542   -18.2741   -19.9754   -20.6337   -20.9918   -21.2353     1.7013     2.3596     0.3581
201.429585  -1.275932  19.2071  18.0314  17.6180  17.3345  17.1749    0.09270000   0.00007707  27794.178    23.105005   0.099066   0.569469    2596.323 1   0.151971   0.043101   0.072659  -0.022087  -0.064905   -18.9781   -20.0450   -20.4879   -20.6767   -20.7935     1.0668     1.5098     0.1888
201.330032  -1.449542  20.0978  18.3011  17.3951  16.9676  16.7098    0.08680000   0.00013674  26009.754    40.993621   0.103153   0.592963     811.898 0   0.431299   0.375202   0.155394   0.085870   0.051752   -18.2235   -19.9641   -20.6503   -21.0083   -21.2320     1.7406     2.4268     0.3580
201.274012  -1.395204  19.0071  17.4942  16.6769  16.2392  15.9863    0.08300000   0.00018271  24881.455    54.775080   0.122436   0.703809    -316.401 0   0.353609   0.311921   0.141139   0.063943   0.026117   -19.1178   -20.5890   -21.2355   -21.5960   -21.8111     1.4712     2.1177     0.3605
201.251562  -1.397963  17.9914  16.0095  15.0209  14.5542  14.2281    0.08660000   0.00020601  25973.719    61.760244   0.144953   0.833241     775.863 0   0.550008   0.453033   0.171318   0.107237   0.074975   -20.4224   -22.3074   -23.0142   -23.4169   -23.7107     1.8849     2.5918     0.4026
201.336511  -1.505574  20.2239  18.4708  17.5542  17.1531  16.8687    0.08410000   0.00014964  25222.709    44.860943   0.148723   0.854911      24.853 0   0.347449   0.273781   0.106334   0.066976   0.056199   -17.9420   -19.6214   -20.3706   -20.7323   -21.0059     1.6794     2.4286     0.3617
201.520172  -1.460855  19.3970  17.5150  16.6158  16.2015  15.8988    0.08460000   0.00016404  25369.877    49.177955   0.156954   0.902226     172.021 0   0.317233   0.243537   0.087849   0.058299   0.057967   -18.7516   -20.5599   -21.3034   -21.6882   -21.9905     1.8083     2.5518     0.3848
201.379214  -1.208197  18.8509  17.6388  17.0226  16.6624  16.4614    0.08300000   0.00008015  24876.928    24.028366   0.160618   0.923292    -320.928 0   0.217049   0.197072   0.114874   0.011872  -0.076098   -19.1374   -20.3296   -20.8636   -21.1208   -21.2338     1.1921     1.7261     0.2572
201.234922  -1.323746  20.0142  18.3719  17.5938  17.2381  17.0242    0.08610000   0.00016229  25803.077    48.653318   0.164607   0.946223     605.221 0   0.219667   0.156013   0.075146   0.028859   0.030440   -18.0567   -19.6353   -20.3325   -20.6420   -20.8574     1.5786     2.2759     0.3094
201.590776  -1.351221  18.3506  17.3204  16.9426  16.6277  16.5712    0.08400000   0.00007637  25195.098    22.895150   0.197984   1.138085      -2.758 0   0.170048   0.066682   0.089733  -0.071402  -0.060724   -19.6380   -20.5648   -20.9657   -21.1195   -21.1866     0.9268     1.3277     0.1538
201.192041  -1.427973  19.3630  17.5272  16.6210  16.2226  15.9251    0.08260000   0.00015521  24758.810    46.530787   0.210054   1.207465    -439.046 0   0.322848   0.249038   0.091922   0.059791   0.057446   -18.7206   -20.4826   -21.2317   -21.5980   -21.8931     1.7620     2.5111     0.3663
201.580248  -1.491128  19.8567  18.3938  17.7502  17.3233  17.0693    0.08370000   0.00016062  25102.162    48.152665   0.223572   1.285173     -95.694 0   0.229383   0.166394   0.094047   0.022115  -0.005959   -18.1835   -19.5834   -20.1546   -20.5096   -20.7355     1.3999     1.9712     0.3550
201.335419  -1.140199  18.7003  16.8222  15.8588  15.4204  15.0869    0.08510000   0.00015663  25504.154    46.956493   0.235252   1.352314     306.298 0   0.499072   0.408060   0.156172   0.101276   0.069403   -19.6430   -21.4301   -22.1416   -22.5251   -22.8267     1.7871     2.4986     0.3835
201.666921  -1.283310  20.4287  18.5482  17.6878  17.2915  17.0049    0.08520000   0.00013666  25532.154    40.969637   0.286252   1.645480     334.299 0   0.270822   0.206949   0.080716   0.045821   0.048763   -17.6704   -19.4871   -20.2212   -20.5826   -20.8722     1.8166     2.5508     0.3614
201.119005  -1.454053  19.1071  17.6846  17.0125  16.6086  16.3673    0.08020000   0.00015645  24057.026    46.902530   0.287503   1.652672   -1140.830 1   0.239740   0.178312   0.097064   0.026665   0.001084   -18.8475   -20.2085   -20.7994   -21.1329   -21.3486     1.3611     1.9519     0.3335
201.171614  -1.562601  19.0606  17.6010  17.1787  16.8836  16.6807    0.08440000   0.00009765  25315.914    29.274734   0.294937   1.695403     118.058 0   0.155864   0.053939   0.071986  -0.015044  -0.076567   -18.9030   -20.2607   -20.7010   -20.9091   -21.0505     1.3577     1.7980     0.2081
201.686466  -1.510834  17.8892  16.8156  16.3796  15.9839  15.8397    0.07820000   0.00008397  23429.080    25.173573   0.325809   1.872871   -1768.776 1   0.164449   0.140934   0.104721  -0.039187  -0.097432   -19.9167   -20.9668   -21.3666   -21.6184   -21.7043     1.0501     1.4499     0.2518
201.166339  -1.087930  20.1932  18.4510  17.5917  17.3525  16.9163    0.08240000   0.00013851  24705.147    41.524253   0.360690   2.073375    -492.709 0   0.261425   0.198557   0.080274   0.042838   0.045795   -17.8237   -19.5030   -20.2440   -20.4458   -20.8850     1.6793     2.4203     0.2018
201.269921  -1.028890  19.0462  17.1867  16.3378  15.9326  15.6566    0.08410000   0.00013329  25204.241    39.959337   0.361072   2.075575       6.386 0   0.249867   0.191415   0.072588   0.041640   0.047438   -19.0221   -20.8231   -21.5532   -21.9275   -22.2093     1.8010     2.5311     0.3743
201.299442  -1.719033  19.2199  17.3913  16.5066  16.0924  15.7929    0.08430000   0.00014824  25284.706    44.441234   0.363223   2.087939      86.850 0   0.318927   0.246989   0.093589   0.058723   0.055539   -18.9042   -20.6608   -21.3921   -21.7715   -22.0678     1.7567     2.4880     0.3793
201.326002  -1.008392  18.1546  16.6991  15.9398  15.5163  15.2610    0.08550000   0.00021312  25639.660    63.891769   0.366056   2.104223     441.804 0   0.316052   0.276356   0.131929   0.051800   0.010346   -20.0186   -21.4344   -22.0493   -22.3926   -22.6065     1.4158     2.0307     0.3434
201.345078  -1.005004  18.3668  17.0091  16.2800  15.8602  15.6031    0.08630000   0.00021537  25867.982    64.566302   0.366386   2.106118     670.126 0   0.309584   0.282726   0.136219   0.049480  -0.001860   -19.8202   -21.1511   -21.7336   -22.0667   -22.2725     1.3308     1.9134     0.3331
201.309745  -1.011119  17.9005  16.6748  16.0405  15.6420  15.4171    0.08620000   0.00021726  25832.247    65.132909   0.366741   2.108158     634.391 0   0.232655   0.228452   0.124198   0.019978  -0.066172   -20.1859   -21.4074   -21.9374   -22.2317   -22.3705     1.2215     1.7515     0.2943
201.585035  -1.686319  18.7542  17.1565  16.3232  15.8936  15.5915    0.08650000   0.00014819  25932.617    44.426244   0.371336   2.134573     734.761 0   0.383816   0.331043   0.142893   0.073937   0.041468   -19.5094   -21.0544   -21.6995   -22.0601   -22.3298     1.5449     2.1901     0.3606
201.654858  -1.091925  19.8486  18.2962  17.4963  17.1126  16.8111    0.08500000   0.00014425  25479.661    43.245062   0.380271   2.185938     281.805 0   0.305647   0.246291   0.113093   0.052811   0.032098   -18.3014   -19.7944   -20.4611   -20.7846   -21.0653     1.4930     2.1597     0.3234
201.166512  -1.061904  18.9348  17.7336  17.1219  16.7876  16.6098    0.09350000   0.00010115  28019.353    30.324007   0.381161   2.191054    2821.497 1   0.202244   0.178303   0.110286   0.002793  -0.089989   -19.2983   -20.4756   -21.0192   -21.2461   -21.3311     1.1773     1.7209     0.2268
201.236392  -1.007906  19.4608  17.7990  16.9300  16.5377  16.2664    0.08360000   0.00015052  25048.709    45.124761   0.393009   2.259160    -149.147 0   0.324030   0.257257   0.106935   0.060219   0.048011   -18.6475   -20.2425   -20.9612   -21.3068   -21.5659     1.5950     2.3137     0.3456
201.709683  -1.126259  18.9104  17.4571  16.7656  16.4228  16.1374    0.07410000   0.00015481  22222.626    46.410870   0.398077   2.288290   -2975.230 1   0.048686   0.030069   0.013121   0.008368   0.008342   -18.6836   -20.1182   -20.7928   -21.1308   -21.4162     1.4347     2.1092     0.3380
201.107033  -1.088053  18.8657  17.6597  17.0828  16.7596  16.5599    0.08220000   0.00019269  24642.910    57.767009   0.400584   2.302705    -554.946 0   0.176925   0.095473   0.076633   0.000960  -0.062259   -19.0586   -20.1832   -20.7412   -20.9887   -21.1252     1.1245     1.6826     0.2475
201.793290  -1.461759  19.0547  17.6454  16.9641  16.5971  16.4000    0.08710000   0.00013100  26100.381    39.272812   0.410520   2.359821     902.525 1   0.209332   0.139718   0.081446   0.018973   0.001618   -19.0310   -20.3707   -20.9937   -21.2982   -21.4780     1.3397     1.9627     0.3045
201.033063  -1.166323  17.6481  16.6485  16.2538  15.9643  15.8482    0.08300000   0.00008455  24897.224    25.347452   0.412990   2.374017    -300.632 0   0.162385   0.081509   0.094519  -0.075002  -0.059621   -20.2856   -21.2043   -21.6120   -21.7320   -21.8635     0.9187     1.3264     0.1200
201.184798  -1.000578  18.4421  16.5875  15.6798  15.2591  14.9563    0.08300000   0.00017211  24881.995    51.597280   0.422668   2.429652    -315.861 0   0.328953   0.252743   0.091123   0.061290   0.059323   -19.6581   -21.4365   -22.1826   -22.5735   -22.8743     1.7784     2.5245     0.3909
201.567938  -0.982245  20.4277  18.5142  17.5135  16.9974  16.6238    0.08610000   0.00015460  25807.934    46.347914   0.423522   2.434562     610.078 0   0.644461   0.522728   0.190133   0.115779   0.087108   -18.0680   -19.8597   -20.5278   -20.9696   -21.3145     1.7918     2.4599     0.4417
201.279768  -0.959975  19.2023  17.9090  17.4485  17.1079  16.9834    0.08530000   0.00017690  25583.239    53.033286   0.423736   2.435787     385.383 0   0.173240   0.080718   0.082990  -0.027360  -0.091688   -18.8018   -20.0026   -20.4654   -20.6956   -20.7558     1.2008     1.6636     0.2302
201.330181  -1.793166  19.1504  17.9347  17.3989  17.0498  16.8846    0.08730000   0.00010748  26176.229    32.221693   0.429667   2.469882     978.373 1   0.181859   0.105860   0.085639  -0.010376  -0.087489   -18.9340   -20.0737   -20.5893   -20.8424   -20.9304     1.1397     1.6553     0.2531
200.955171  -1.509124  18.9932  17.8764  17.3145  16.9091  16.7027    0.08530000   0.00004214  25565.401    12.633254   0.460277   2.645840     367.546 0   0.204086   0.203046   0.118171   0.004121  -0.090930   -19.0417   -20.1575   -20.6345   -20.9259   -21.0372     1.1158     1.5928     0.2914
200.930946  -1.439366  18.2318  17.1692  16.6708  16.3197  16.1822    0.07730000   0.00009504  23163.854    28.492275   0.467833   2.689273   -2034.002 1   0.169900   0.155958   0.107769  -0.028963  -0.102369   -19.5726   -20.6212   -21.0714   -21.2858   -21.3499     1.0487     1.4989     0.2144
201.570319  -0.919413  18.5592  16.8736  16.0075  15.5816  15.2765    0.07930000   0.00015737  23773.722    47.178339   0.482342   2.772680   -1424.134 1   0.398537   0.337408   0.141284   0.079160   0.049227   -19.5295   -21.1540   -21.8240   -22.1878   -22.4629     1.6245     2.2944     0.3638
200.917962  -1.463665  17.2354  16.5112  15.9406  15.5101  15.3418    0.07670000   0.00117999  22989.465   353.752103   0.484860   2.787150   -2208.391 1   0.103520   0.319464   0.140613  -0.023651  -0.087282   -20.4673   -21.4075   -21.7992   -22.0655   -22.1701     0.9401     1.3319     0.2662
201.043238  -1.030247  19.6610  17.8900  16.9946  16.5911  16.2841    0.08910000   0.00015228  26716.335    45.652396   0.486608   2.797203    1518.479 1   0.351190   0.278380   0.109473   0.068200   0.055360   -18.6372   -20.3354   -21.0619   -21.4241   -21.7183     1.6982     2.4247     0.3622
200.979000  -1.087198  18.9592  17.6768  17.0267  16.6670  16.4797    0.08250000   0.00018099  24740.223    54.259437   0.500633   2.877823    -457.633 0   0.225207   0.183944   0.108212   0.017449  -0.053708   -19.0453   -20.2864   -20.8608   -21.1297   -21.2459     1.2411     1.8155     0.2689
201.538767  -0.880060  19.1647  17.4031  16.5611  16.1454  15.8518    0.07290000   0.00015600  21857.838    46.767623   0.509278   2.927517   -3340.018 1   0.275893   0.211243   0.081770   0.047231   0.049719   -18.6209   -20.3178   -21.0304   -21.4115   -21.7076     1.6970     2.4095     0.3812
200.906603  -1.216144  18.7176  16.7877  15.8468  15.4100  15.0861    0.08270000   0.00017567  24796.404    52.664541   0.509915   2.931176    -401.452 0   0.437158   0.344859   0.128327   0.089550   0.066802   -19.4802   -21.3178   -22.0421   -22.4402   -22.7413     1.8376     2.5620     0.3980
201.002283  -1.704144  20.0438  18.1864  17.3528  16.9023  16.5925    0.07080000   0.00014703  21223.477    44.078485   0.515563   2.963642   -3974.379 1   0.248173   0.192210   0.069586   0.042251   0.048855   -17.6503   -19.4518   -20.1628   -20.5859   -20.9023     1.8014     2.5124     0.4232
200.887863  -1.264028  18.9455  17.7774  17.2587  16.9254  16.7035    0.08540000   0.00005632  25602.396    16.884311   0.516075   2.966589     404.540 0   0.182332   0.118380   0.093355  -0.016774  -0.099082   -19.0914   -20.1956   -20.6892   -20.9124   -21.0520     1.1041     1.5978     0.2232
200.907240  -1.550810  19.8400  17.9646  17.1062  16.7344  16.4761    0.08540000   0.00013616  25613.818    40.819741   0.519260   2.984893     415.962 0   0.263932   0.200686   0.080931   0.043466   0.046199   -18.2785   -20.0907   -20.8293   -21.1636   -21.4247     1.8122     2.5508     0.3343
200.922792  -1.595067  19.9961  18.1360  17.1951  16.6973  16.3059    0.08440000   0.00014854  25295.019    44.531172   0.522381   3.002836      97.163 0   0.562152   0.464366   0.174965   0.108204   0.076440   -18.3738   -20.1361   -20.7876   -21.2186   -21.5783     1.7623     2.4138     0.4310
201.356922  -0.845573  17.1677  16.0995  15.6300  15.2723  15.1172    0.07300000   0.00009856  21881.042    29.547545   0.523884   3.011478   -3316.814 1   0.169080   0.140424   0.104179  -0.033534  -0.100395   -20.5109   -21.5505   -21.9837   -22.2037   -22.2919     1.0395     1.4728     0.2200
200.877671  -1.476776  20.0974  18.2758  17.4240  17.0232  16.7509    0.08390000   0.00014945  25153.367    44.803983   0.526956   3.029135     -44.489 0   0.241582   0.184639   0.071095   0.039661   0.045773   -17.9390   -19.7036   -20.4419   -20.8113   -21.0897     1.7647     2.5029     0.3694
201.072984  -1.792454  19.5222  17.7835  16.9758  16.6151  16.3748    0.08400000   0.00012794  25181.787    38.355447   0.531653   3.056138     -16.069 0   0.228888   0.167459   0.074868   0.033014   0.036685   -18.5252   -20.2025   -20.9176   -21.2365   -21.4804     1.6773     2.3924     0.3188
201.514378  -1.896387  20.1194  18.3496  17.5216  17.1319  16.8915    0.08660000   0.00013814  25964.485    41.413330   0.541861   3.114813     766.629 1   0.258264   0.194814   0.083041   0.040708   0.042024   -18.0027   -19.7090   -20.4253   -20.7726   -21.0143     1.7064     2.4226     0.3474
200.954174  -1.696720  18.0358  16.8677  16.3425  15.9960  15.7933    0.08300000   0.00010132  24895.095    30.374972   0.548454   3.152715    -302.760 0   0.186335   0.142381   0.101029  -0.011271  -0.100712   -19.9218   -21.0460   -21.5298   -21.7640   -21.8773     1.1241     1.6080     0.2342
201.371912  -1.921623  18.9387  16.9252  15.9475  15.5066  15.1810    0.08510000   0.00017673  25520.582    52.982321   0.553860   3.183791     322.727 0   0.512208   0.407798   0.152175   0.104030   0.072845   -19.4177   -21.3268   -22.0489   -22.4416   -22.7361     1.9091     2.6312     0.3928
200.840460  -1.321497  19.7938  17.6991  16.9554  16.5259  16.1819    0.08550000   0.00017259  25633.185    51.741180   0.554813   3.189266     435.329 0   0.059905   0.058629   0.021067   0.016392   0.015581   -18.1232   -20.2167   -20.9228   -21.3476   -21.6908     2.0934     2.7996     0.4248
200.917708  -1.654001  19.2434  17.3273  16.3996  15.9918  15.6720    0.08370000   0.00016831  25105.880    50.458069   0.554893   3.189726     -91.976 0   0.356228   0.274802   0.099543   0.068348   0.061899   -18.9236   -20.7583   -21.5107   -21.8873   -22.2007     1.8347     2.5871     0.3766
201.560581  -1.898498  19.6521  17.6976  16.7242  16.2296  15.8674    0.08990000   0.00013779  26939.740    41.308403   0.556010   3.196148    1741.884 1   0.574528   0.477953   0.179591   0.108951   0.077853   -18.8652   -20.7231   -21.3981   -21.8221   -22.1532     1.8579     2.5330     0.4240
201.548190  -1.912966  18.5875  17.7354  17.4559  17.1678  17.1696    0.08540000   0.00007744  25604.794    23.215928   0.566318   3.255404     406.938 0   0.144144   0.022055   0.076315  -0.041521  -0.019910   -19.4112   -20.1412   -20.4750   -20.6453   -20.6651     0.7300     1.0638     0.1703
201.828131  -1.001243  19.4371  17.5768  16.7025  16.3171  16.0330    0.07370000   0.00015836  22086.610    47.475134   0.568746   3.269362   -3111.246 1   0.269261   0.206370   0.077763   0.046104   0.050176   -18.3656   -20.1630   -20.9087   -21.2625   -21.5506     1.7974     2.5431     0.3537
201.867655  -1.051444  20.4052  18.5355  17.5108  17.0522  16.6765    0.08630000   0.00013677  25869.061    41.002614   0.570134   3.277339     671.205 1   0.586157   0.466871   0.172140   0.112310   0.080254   -18.0584   -19.8088   -20.5388   -20.9375   -21.2812     1.7504     2.4804     0.3988
200.865947  -1.592649  18.0156  16.8569  16.4505  16.1670  15.9904    0.07640000   0.00008362  22897.009    25.068645   0.573150   3.294673   -2300.847 1   0.150828   0.043953   0.071782  -0.019478  -0.066665   -19.7441   -20.7960   -21.2302   -21.4224   -21.5518     1.0518     1.4861     0.1922
201.841561  -1.008654  17.4325  15.5085  14.6017  14.1867  13.8911    0.07400000   0.00020875  22176.158    62.581676   0.574402   3.301872   -3021.698 1   0.312096   0.239379   0.086021   0.056986   0.057542   -20.4219   -22.2732   -23.0266   -23.4126   -23.7088     1.8513     2.6047     0.3860
201.834863  -0.985204  19.2432  17.3276  16.4767  16.0802  15.7743    0.07250000   0.00017023  21724.251    51.033670   0.584290   3.358713   -3473.605 1   0.208601   0.165232   0.060091   0.035621   0.043088   -18.4387   -20.3109   -21.0567   -21.4287   -21.7421     1.8722     2.6180     0.3720
200.807061  -1.453440  19.9769  18.0302  17.0744  16.5573  16.2114    0.08320000   0.00015623  24943.212    46.836576   0.592402   3.405344    -254.644 0   0.570127   0.483714   0.182833   0.107607   0.076879   -18.3698   -20.2300   -20.8850   -21.3268   -21.6420     1.8603     2.5152     0.4419
201.797652  -0.927902  19.1353  18.0742  17.5614  17.2522  17.1082    0.07400000   0.00007694  22185.541    23.066032   0.597596   3.435202   -3012.315 1   0.166845   0.150343   0.106668  -0.033737  -0.100504   -18.5739   -19.6185   -20.0876   -20.2564   -20.3336     1.0446     1.5137     0.1688
201.015136  -0.876781  18.9017  17.5522  16.8979  16.5038  16.2557    0.08500000   0.00009672  25487.395    28.995927   0.620100   3.564562     289.540 0   0.245552   0.201999   0.111710   0.026901  -0.029689   -19.1882   -20.4941   -21.0582   -21.3675   -21.5590     1.3059     1.8700     0.3093
