207.924496  46.366737  17.2893  15.0828  14.1745  13.7404  13.4511    0.06250000   0.00023297  18728.874    69.842649   0.010561   0.046014    -104.388 0   0.354635   0.273126   0.098499   0.067864   0.061996   -20.2395   -22.3645   -23.0981   -23.5016   -23.7850     2.1250     2.8587     0.4035
207.892777  46.371722  19.4432  17.5343  16.6872  16.2682  15.9895    0.06340000   0.00017648  18999.137    52.907373   0.032819   0.142994     165.875 0   0.234451   0.182070   0.066669   0.039362   0.046568   -17.9966   -19.8531   -20.5848   -20.9765   -21.2624     1.8565     2.5882     0.3917
207.983068  46.352048  18.8813  17.1299  16.3634  15.9740  15.7045    0.06170000   0.00014095  18500.193    42.255747   0.033302   0.145101    -333.069 0   0.187766   0.135802   0.060881   0.027655   0.033433   -18.4276   -20.1270   -20.8186   -21.1747   -21.4500     1.6994     2.3910     0.3562
207.952884  46.401846  18.2997  16.4171  15.5395  15.1213  14.7970    0.06270000   0.00018891  18792.250    56.633793   0.036190   0.157685     -41.012 0   0.299140   0.229524   0.082438   0.053801   0.055947   -19.1806   -20.9935   -21.7240   -22.1136   -22.4401     1.8130     2.5435     0.3896
207.888327  46.355420  19.8334  17.8641  17.0382  16.6368  16.3652    0.06430000   0.00015580  19276.475    46.707665   0.037297   0.162505     443.213 0   0.208481   0.160239   0.062464   0.033792   0.040995   -17.6111   -19.5322   -20.2603   -20.6330   -20.9118     1.9211     2.6492     0.3727
207.955951  46.436685  19.2757  17.5539  16.7186  16.3381  16.0254    0.06190000   0.00014600  18553.436    43.769699   0.070768   0.308344    -279.826 0   0.237783   0.178728   0.073343   0.037291   0.042522   -18.1115   -19.7743   -20.5042   -20.8486   -21.1666     1.6627     2.3927     0.3444
208.057353  46.360797  20.4022  18.3898  17.5529  17.1514  16.8593    0.06200000   0.00014974  18582.785    44.890923   0.081338   0.354396    -250.477 0   0.183254   0.147772   0.054403   0.032342   0.039029   -16.9377   -18.9146   -19.6581   -20.0376   -20.3364     1.9769     2.7204     0.3794
208.001761  46.451843  18.6083  16.6941  15.8399  15.4757  15.1804    0.06680000   0.00016571  20016.093    49.678608   0.095186   0.414735    1182.831 1   0.168568   0.137783   0.050989   0.030732   0.036669   -18.8795   -20.7629   -21.5303   -21.8742   -22.1755     1.8834     2.6508     0.3439
208.061973  46.418777  19.2826  17.4183  16.5558  16.1593  15.8843    0.06400000   0.00016529  19174.905    49.552695   0.099039   0.431523     341.643 0   0.248354   0.190043   0.072514   0.041203   0.047001   -18.1916   -19.9976   -20.7426   -21.1077   -21.3885     1.8060     2.5510     0.3652
207.843506  46.282609  19.4903  18.1406  17.4389  17.0223  16.7794    0.06500000   0.00007930  19490.557    23.773542   0.107253   0.467311     657.295 0   0.281428   0.250420   0.126810   0.039371  -0.015247   -18.0508   -19.3695   -19.9476   -20.2767   -20.4650     1.3187     1.8968     0.3292
207.776948  46.349411  19.4415  17.5984  16.7689  16.3816  16.0915    0.06010000   0.00015429  18009.642    46.254978   0.113712   0.495451    -823.620 0   0.197222   0.152949   0.059365   0.032595   0.039602   -17.8232   -19.6220   -20.3579   -20.7185   -21.0156     1.7988     2.5347     0.3605
207.955671  46.248046  18.9683  17.0544  16.2099  15.7982  15.5367    0.06150000   0.00016569  18430.701    49.672612   0.119258   0.519618    -402.561 0   0.254538   0.194722   0.074164   0.042510   0.047869   -18.4002   -20.2543   -20.9783   -21.3583   -21.6252     1.8541     2.5780     0.3800
207.774395  46.402092  19.5811  17.7584  16.9406  16.5518  16.2683    0.06360000   0.00015691  19068.989    47.040435   0.119468   0.520531     235.727 0   0.199889   0.151369   0.061506   0.031613   0.038507   -17.8310   -19.6051   -20.3331   -20.6920   -20.9824     1.7742     2.5021     0.3589
207.995221  46.249957  19.9753  18.2818  17.5173  17.1170  16.8291    0.06030000   0.00015455  18069.271    46.332924   0.122942   0.535671    -763.991 0   0.194238   0.142127   0.062145   0.028925   0.035108   -17.2937   -18.9350   -19.6196   -19.9866   -20.2807     1.6414     2.3259     0.3671
208.090443  46.441617  19.0019  17.3135  16.5030  16.1466  15.8741    0.06110000   0.00015079  18306.137    45.205705   0.128074   0.558031    -527.125 0   0.206892   0.150851   0.066401   0.030110   0.035997   -18.3297   -19.9621   -20.6882   -21.0083   -21.2866     1.6324     2.3584     0.3201
208.125009  46.376395  19.3638  17.6615  16.8229  16.4249  16.1272    0.06230000   0.00015277  18680.248    45.799294   0.128161   0.558411    -153.014 0   0.280461   0.215105   0.088387   0.047191   0.046467   -18.0625   -19.6995   -20.4113   -20.7682   -21.0651     1.6369     2.3488     0.3568
208.070737  46.462294  18.3402  16.5673  15.7134  15.3202  15.0251    0.06420000   0.00015968  19254.740    47.870860   0.131463   0.572794     421.478 0   0.274516   0.210077   0.081563   0.046834   0.049410   -19.1634   -20.8719   -21.5973   -21.9557   -22.2534     1.7085     2.4338     0.3585
208.133878  46.383353  19.1842  17.3949  16.5440  16.1480  15.8612    0.06260000   0.00016388  18775.642    49.129988   0.134941   0.587949     -57.620 0   0.274890   0.210289   0.082923   0.046665   0.048613   -18.2470   -19.9717   -20.6953   -21.0550   -21.3438     1.7247     2.4482     0.3597
207.743087  46.356538  19.9997  18.2973  17.4586  17.0952  16.8039    0.06290000   0.00016043  18853.228    48.095704   0.136127   0.593119      19.966 0   0.270335   0.205940   0.086799   0.043978   0.043734   -17.4587   -19.0967   -19.8162   -20.1368   -20.4279     1.6380     2.3576     0.3206
208.045204  46.249565  20.0037  18.3954  17.7054  17.3043  17.0663    0.06140000   0.00019419  18396.794    58.216697   0.137964   0.601122    -436.468 0   0.215870   0.148201   0.079676   0.023759   0.016865   -17.3263   -18.8669   -19.4884   -19.8336   -20.0647     1.5406     2.1621     0.3452
208.014721  46.237443  18.7660  16.8786  16.0590  15.6637  15.3825    0.06320000   0.00017054  18938.309    51.126606   0.139305   0.606965     105.047 0   0.180141   0.141480   0.054975   0.030721   0.037178   -18.5913   -20.4400   -21.1731   -21.5442   -21.8318     1.8487     2.5818     0.3710
207.738061  46.409686  19.5093  17.6357  16.7779  16.3606  16.0700    0.06290000   0.00016609  18864.620    49.792529   0.145664   0.634671      31.358 0   0.249278   0.192391   0.070605   0.042210   0.048550   -17.9280   -19.7447   -20.4808   -20.8697   -21.1666     1.8167     2.5527     0.3889
207.949214  46.219209  19.3092  17.4689  16.5826  16.2012  15.8789    0.06230000   0.00016177  18670.145    48.497426   0.147734   0.643691    -163.117 0   0.287738   0.221035   0.084327   0.050440   0.051809   -18.1244   -19.8980   -20.6476   -20.9951   -21.3188     1.7736     2.5232     0.3475
208.156140  46.371744  19.4884  17.9363  17.1735  16.7306  16.4080    0.05880000   0.00010333  17634.482    30.977555   0.149365   0.650795   -1198.780 1   0.341432   0.290475   0.131755   0.061783   0.029991   -17.8690   -19.3701   -19.9742   -20.3471   -20.6379     1.5011     2.1052     0.3729
207.773595  46.266821  19.3423  17.6139  16.8015  16.4460  16.1786    0.06490000   0.00015634  19451.164    46.869553   0.152148   0.662923     617.902 0   0.203137   0.148034   0.065163   0.029629   0.035664   -18.0958   -19.7691   -20.4987   -20.8186   -21.0921     1.6733     2.4028     0.3200
208.160571  46.349855  16.8114  14.8369  13.9443  13.5210  13.2475    0.06230000   0.00025961  18671.074    77.829120   0.153280   0.667854    -162.188 0   0.308961   0.237127   0.085685   0.056203   0.056915   -20.6434   -22.5461   -23.2872   -23.6811   -23.9553     1.9027     2.6438     0.3938
207.730553  46.313932  19.6451  17.9083  17.1068  16.7031  16.4150    0.06350000   0.00009681  19046.954    29.022908   0.153763   0.669960     213.692 0   0.215278   0.160601   0.066966   0.032894   0.039336   -17.7576   -19.4398   -20.1476   -20.5173   -20.8118     1.6821     2.3900     0.3696
208.109157  46.478606  20.4040  18.4763  17.6230  17.2493  16.9747    0.06670000   0.00014640  19989.502    43.889616   0.161733   0.704684    1156.240 1   0.222203   0.169861   0.066219   0.035850   0.042803   -17.1094   -18.9848   -19.7345   -20.0778   -20.3593     1.8754     2.6250     0.3433
208.000667  46.210433  19.2158  17.5135  16.6933  16.3345  16.0387    0.06530000   0.00015638  19570.482    46.881545   0.161909   0.705453     737.220 0   0.157436   0.120511   0.050470   0.026852   0.032001   -18.1900   -19.8554   -20.6056   -20.9408   -21.2417     1.6654     2.4155     0.3352
207.698108  46.388549  19.8423  18.2679  17.5128  17.1152  16.8256    0.06200000   0.00015276  18588.242    45.796296   0.168189   0.732815    -245.020 0   0.271634   0.208805   0.097828   0.041503   0.031311   -17.5860   -19.0975   -19.7417   -20.0829   -20.3623     1.5116     2.1557     0.3413
208.083846  46.505720  17.6097  15.6688  14.7821  14.3769  14.0544    0.06100000   0.00018192  18278.826    54.538244   0.170817   0.744265    -554.436 0   0.285571   0.219225   0.079190   0.050426   0.053996   -19.7933   -21.6679   -22.4146   -22.7910   -23.1171     1.8746     2.6212     0.3764
207.737431  46.259230  19.5860  17.7072  16.8039  16.4297  16.1299    0.06300000   0.00017306  18884.556    51.882083   0.176271   0.768029      51.294 0   0.299416   0.230167   0.085271   0.053692   0.054623   -17.8836   -19.6932   -20.4516   -20.7942   -21.0950     1.8096     2.5680     0.3426
207.881499  46.191651  19.7392  17.7073  16.7988  16.3906  16.0269    0.06350000   0.00018826  19050.042    56.438928   0.179709   0.783010     216.780 0   0.372571   0.288188   0.104644   0.072609   0.063263   -17.8208   -19.7683   -20.4933   -20.8695   -21.2238     1.9475     2.6725     0.3762
207.845706  46.536429  19.5290  17.6127  16.7432  16.3542  16.0680    0.06510000   0.00016610  19507.076    49.795527   0.181630   0.791379     673.814 0   0.261029   0.200568   0.074177   0.044482   0.049860   -17.9737   -19.8296   -20.5727   -20.9320   -21.2236     1.8558     2.5989     0.3593
207.925756  46.184706  17.9701  16.1604  15.2438  14.8362  14.4950    0.06480000   0.00020309  19420.645    60.884850   0.182352   0.794522     587.383 0   0.387356   0.306367   0.116242   0.077615   0.061218   -19.6489   -21.3776   -22.1041   -22.4731   -22.7979     1.7287     2.4552     0.3690
208.199521  46.409547  20.0159  18.1373  17.2484  16.8608  16.5578    0.06260000   0.00016505  18777.381    49.480745   0.184245   0.802773     -55.881 0   0.280607   0.215375   0.079211   0.049076   0.052636   -17.4210   -19.2344   -19.9872   -20.3446   -20.6512     1.8134     2.5661     0.3575
208.200474  46.426035  20.1844  18.3653  17.5559  17.2155  16.9491    0.06510000   0.00014448  19516.399    43.314014   0.189378   0.825136     683.137 0   0.112943   0.088693   0.037298   0.021899   0.024490   -17.1703   -18.9651   -19.7231   -20.0481   -20.3171     1.7948     2.5529     0.3250
207.843081  46.553848  19.2964  17.9658  17.3494  17.0435  16.7771    0.05970000   0.00011549  17911.250    34.623031   0.198598   0.865309    -922.012 1   0.006716   0.003133   0.001368   0.000929   0.000340   -17.7845   -19.1116   -19.7262   -20.0316   -20.2975     1.3270     1.9417     0.3055
207.687067  46.261780  18.7381  16.8819  15.9812  15.5930  15.2792    0.06500000   0.00016493  19486.480    49.444770   0.203575   0.886995     653.218 0   0.316551   0.243700   0.089471   0.058145   0.057030   -18.8381   -20.6214   -21.3679   -21.7248   -22.0375     1.7833     2.5298     0.3569
208.263091  46.344053  18.8222  17.0486  16.2142  15.8270  15.5482    0.06200000   0.00016099  18573.132    48.263588   0.224240   0.977034    -260.130 0   0.253332   0.191803   0.077736   0.040947   0.044815   -18.5878   -20.2998   -21.0202   -21.3706   -21.6532     1.7121     2.4324     0.3504
207.617649  46.436990  20.6022  18.6395  17.7864  17.3844  17.0882    0.06520000   0.00016542  19560.439    49.591668   0.233115   1.015701     727.177 0   0.200130   0.159226   0.058291   0.034441   0.041670   -16.8395   -18.7613   -19.5135   -19.8916   -20.1951     1.9218     2.6740     0.3782
207.986516  46.134517  18.9570  17.4734  16.6839  16.2534  15.9356    0.05980000   0.00009741  17923.482    29.202783   0.234509   1.021778    -909.780 1   0.362241   0.318616   0.142450   0.066739   0.030092   -18.4793   -19.9193   -20.5326   -20.8874   -21.1686     1.4400     2.0533     0.3548
207.642226  46.249238  18.7776  16.9805  16.1242  15.8028  15.4916    0.06440000   0.00016442  19321.594    49.291876   0.236610   1.030930     488.332 0   0.114400   0.097970   0.037500   0.024106   0.026748   -18.5550   -20.3356   -21.1315   -21.4395   -21.7533     1.7807     2.5765     0.3080
208.139615  46.157821  18.4000  17.3945  17.0668  16.8065  16.7067    0.06350000   0.00007766  19038.860    23.281882   0.250366   1.090866     205.598 0   0.150766   0.026774   0.077745  -0.043639  -0.028320   -18.9382   -19.8197   -20.1984   -20.3373   -20.4524     0.8815     1.2602     0.1389
208.298879  46.404891  18.1430  16.2249  15.3708  14.9842  14.7109    0.05910000   0.00016968  17723.161    50.868784   0.250689   1.092275   -1110.101 1   0.227266   0.175981   0.065776   0.037741   0.044908   -19.1365   -21.0033   -21.7472   -22.1057   -22.3862     1.8668     2.6107     0.3586
208.220983  46.527074  18.8121  17.0019  16.1034  15.6633  15.3589    0.06380000   0.00017347  19139.260    52.004998   0.251664   1.096521     305.998 0   0.400637   0.328205   0.131624   0.081351   0.056478   -18.7827   -20.5205   -21.2224   -21.6122   -21.8918     1.7378     2.4397     0.3898
208.254936  46.495578  18.1148  16.4002  15.6259  15.2686  15.0278    0.06230000   0.00014661  18676.650    43.952572   0.252727   1.101155    -156.612 0   0.139060   0.098912   0.046722   0.022609   0.026085   -19.1701   -20.8446   -21.5667   -21.8999   -22.1441     1.6745     2.3966     0.3332
208.244454  46.206884  19.3456  18.1968  17.7450  17.4562  17.2879    0.06110000   0.00008080  18315.311    24.223231   0.264134   1.150854    -517.951 0   0.151640   0.052319   0.069818  -0.010460  -0.074911   -17.9308   -18.9803   -19.4496   -19.6581   -19.7619     1.0495     1.5188     0.2085
207.553180  46.392390  19.1517  17.2962  16.4395  16.0328  15.7478    0.06390000   0.00016273  19152.391    48.785227   0.268007   1.167731     319.129 0   0.265137   0.203354   0.076147   0.045251   0.049911   -18.3146   -20.1083   -20.8378   -21.2136   -21.5033     1.7937     2.5232     0.3758
208.149563  46.137751  19.6627  17.8637  17.0572  16.6575  16.3879    0.06440000   0.00015688  19301.508    47.031441   0.270951   1.180559     468.246 0   0.226446   0.169101   0.070416   0.034709   0.040601   -17.7819   -19.5236   -20.2314   -20.5954   -20.8709     1.7417     2.4495     0.3640
208.341754  46.411535  18.5023  17.5032  17.1077  16.8382  16.7058    0.05980000   0.00007260  17924.111    21.764932   0.280948   1.224116    -909.151 1   0.155131   0.040154   0.075265  -0.030799  -0.057537   -18.7269   -19.6110   -20.0416   -20.2051   -20.3107     0.8841     1.3147     0.1634
208.353940  46.461477  17.6541  15.8983  15.0806  14.7102  14.4344    0.06150000   0.00017879  18434.358    53.599894   0.301048   1.311693    -398.904 0   0.196293   0.146551   0.061494   0.030326   0.036937   -19.6562   -21.3623   -22.0949   -22.4341   -22.7165     1.7061     2.4387     0.3392
208.308330  46.568724  19.8711  18.0228  17.1825  16.8177  16.5277    0.06050000   0.00015696  18141.971    47.055424   0.324718   1.414825    -691.291 0   0.184611   0.143723   0.056356   0.030920   0.037574   -17.4130   -19.2204   -19.9734   -20.3127   -20.6094     1.8074     2.5603     0.3394
208.379122  46.238585  20.0624  18.2164  17.5016  17.1523  16.9277    0.06050000   0.00013045  18126.951    39.107926   0.329148   1.434129    -706.311 0   0.069299   0.046209   0.020816   0.012606   0.013005   -17.1064   -18.9293   -19.6187   -19.9598   -20.1848     1.8229     2.5123     0.3411
207.643160  46.632048  18.2739  16.9317  16.2695  15.9072  15.6698    0.06210000   0.00024893  18615.583    74.627337   0.335046   1.459824    -217.679 0   0.234736   0.185684   0.106210   0.023352  -0.032722   -19.0997   -20.3928   -20.9756   -21.2550   -21.4363     1.2931     1.8759     0.2794
207.524463  46.179810  19.6282  17.7929  16.9535  16.5546  16.2779    0.06380000   0.00016636  19128.648    49.873473   0.342205   1.491017     295.386 0   0.241938   0.184606   0.071529   0.039584   0.045571   -17.8079   -19.5859   -20.3122   -20.6792   -20.9619     1.7780     2.5043     0.3670
207.608553  46.625321  18.9333  17.1320  16.2450  15.8459  15.5463    0.06240000   0.00018012  18695.987    53.998618   0.345078   1.503534    -137.275 0   0.324236   0.251084   0.094408   0.060157   0.056550   -18.5367   -20.2648   -20.9951   -21.3600   -21.6560     1.7281     2.4585     0.3648
207.460630  46.264508  18.7177  16.9497  16.0827  15.6791  15.4040    0.06640000   0.00016014  19908.048    48.008764   0.346108   1.508022    1074.786 1   0.303292   0.234805   0.092146   0.054236   0.051743   -18.8704   -20.5699   -21.2943   -21.6600   -21.9326     1.6995     2.4239     0.3657
207.612303  46.632851  18.4303  16.9227  16.2216  15.8222  15.5445    0.06220000   0.00003358  18653.177    10.067031   0.349074   1.520945    -180.085 0   0.238497   0.173927   0.091132   0.027986   0.014745   -18.9469   -20.3899   -21.0082   -21.3445   -21.6090     1.4430     2.0613     0.3363
208.390237  46.540175  19.4482  17.6947  16.8891  16.5130  16.2910    0.06060000   0.00015623  18155.101    46.836576   0.355904   1.550705    -678.161 0   0.223761   0.164250   0.071939   0.032745   0.037662   -17.8824   -19.5764   -20.2897   -20.6266   -20.8535     1.6940     2.4073     0.3369
207.426036  46.402080  19.6735  17.8922  17.0739  16.7041  16.4383    0.06370000   0.00014666  19083.169    43.967562   0.356268   1.552292     249.907 0   0.210734   0.155704   0.066492   0.031548   0.037798   -17.7316   -19.4578   -20.1869   -20.5218   -20.7938     1.7263     2.4554     0.3349
207.579385  46.108469  19.6105  17.6845  16.8002  16.4610  16.1657    0.06280000   0.00016131  18813.116    48.359521   0.358590   1.562408     -20.146 0   0.263426   0.200796   0.079097   0.043907   0.047413   -17.8339   -19.6973   -20.4599   -20.7639   -21.0627     1.8634     2.6260     0.3040
208.465491  46.366209  18.6454  16.8193  15.9238  15.5082  15.2103    0.06370000   0.00018140  19101.456    54.382352   0.362747   1.580523     268.194 0   0.317158   0.244838   0.091318   0.058293   0.056264   -18.8661   -20.6199   -21.3618   -21.7444   -22.0403     1.7538     2.4958     0.3826
207.676553  46.052691  18.8571  16.9112  16.0521  15.6461  15.3382    0.06180000   0.00017446  18540.275    52.301792   0.362852   1.580979    -292.987 0   0.236113   0.183623   0.066721   0.039808   0.047046   -18.5286   -20.4220   -21.1642   -21.5433   -21.8584     1.8934     2.6356     0.3791
208.467239  46.341143  19.8474  17.9060  17.0341  16.6339  16.3397    0.06170000   0.00014346  18483.164    43.008226   0.364857   1.589713    -350.098 0   0.264998   0.204176   0.073663   0.045716   0.051293   -17.5387   -19.4193   -20.1607   -20.5329   -20.8327     1.8806     2.6220     0.3723
208.231799  46.675414  18.0990  16.4099  15.6421  15.2725  15.0308    0.06180000   0.00014544  18537.547    43.601815   0.368566   1.605877    -295.715 0   0.202601   0.142417   0.067883   0.027026   0.031127   -19.2532   -20.8821   -21.5754   -21.9041   -22.1499     1.6289     2.3222     0.3287
207.907146  45.986825  19.6896  18.2547  17.6500  17.3240  17.1380    0.05960000   0.00016902  17864.633    50.670921   0.380643   1.658494    -968.629 1   0.115783   0.055403   0.042833   0.013762  -0.010340   -17.4754   -18.8500   -19.4421   -19.7390   -19.9009     1.3745     1.9667     0.2969
208.459397  46.206770  19.5849  17.8548  16.9915  16.5196  16.1538    0.06110000   0.00016398  18328.531    49.159967   0.392635   1.710745    -504.731 0   0.420093   0.355218   0.145700   0.084538   0.053989   -17.9599   -19.6252   -20.2790   -20.6897   -21.0249     1.6652     2.3190     0.4107
207.394426  46.242215  19.3855  17.5627  16.6812  16.3304  16.0256    0.06360000   0.00016089  19069.918    48.233609   0.396416   1.727218     236.656 0   0.295251   0.227850   0.089937   0.051949   0.050600   -18.1219   -19.8773   -20.6209   -20.9337   -21.2372     1.7554     2.4990     0.3128
208.528554  46.340096  18.5575  16.7798  15.9206  15.5800  15.2689    0.06080000   0.00017516  18236.255    52.511647   0.407140   1.773946    -597.007 0   0.161300   0.129258   0.050099   0.028962   0.034472   -18.6965   -20.4422   -21.2222   -21.5417   -21.8583     1.7457     2.5257     0.3195
208.005928  45.955180  19.9172  18.1031  17.1889  16.6744  16.3147    0.06380000   0.00019001  19123.761    56.963565   0.414142   1.804452     290.499 0   0.532752   0.460283   0.177959   0.102673   0.070629   -17.8097   -19.5514   -20.1832   -20.6225   -20.9501     1.7416     2.3735     0.4392
208.539065  46.398978  20.3886  18.4379  17.6077  17.2183  16.9337    0.06380000   0.00016628  19125.260    49.849490   0.414766   1.807173     291.998 0   0.152767   0.125499   0.047505   0.028633   0.033652   -16.9583   -18.8818   -19.6340   -20.0045   -20.2941     1.9234     2.6756     0.3705
207.783710  45.946632  18.5790  17.6709  17.5064  17.3078  17.3228    0.06380000   0.00007932  19115.157    23.779538   0.433754   1.889905     281.895 0   0.109654   0.013571   0.054154  -0.020750  -0.010612   -18.7248   -19.5369   -19.7419   -19.8656   -19.8608     0.8120     1.0171     0.1237
207.307223  46.207604  18.9516  16.9520  16.0284  15.6271  15.2948    0.06280000   0.00016989  18820.551    50.931741   0.464627   2.024419     -12.711 0   0.366810   0.283315   0.102671   0.071069   0.062883   -18.5962   -20.5123   -21.2552   -21.6249   -21.9491     1.9161     2.6591     0.3697
208.621833  46.389416  18.9516  17.3623  16.5777  16.1558  15.8740    0.06080000   0.00014624  18226.242    43.841649   0.471172   2.052939    -607.020 0   0.283515   0.220643   0.100473   0.046115   0.035258   -18.4246   -19.9511   -20.6155   -20.9830   -21.2540     1.5264     2.1909     0.3675
208.610891  46.478319  19.7159  18.8796  18.5384  18.2331  18.1649    0.06760000   0.00007750  20267.889    23.233915   0.476318   2.075360    1434.627 1   0.086657   0.160931   0.099744  -0.077016  -0.056711   -17.7125   -18.6231   -18.9031   -19.0317   -19.1202     0.9106     1.1906     0.1285
208.573157  46.157858  19.4565  17.9606  17.5025  17.2488  17.1892    0.06250000   0.00019676  18727.885    58.987164   0.484419   2.110657    -105.377 0   0.101984   0.029742   0.042216   0.005367  -0.049042   -17.8196   -19.2433   -19.7139   -19.9307   -19.9359     1.4237     1.8942     0.2169
208.417890  46.002561  19.4316  17.5335  16.6630  16.2362  15.9296    0.07070000   0.00017832  21184.444    53.458991   0.491431   2.141209    2351.182 1   0.291919   0.224056   0.080831   0.051993   0.054856   -18.2820   -20.1122   -20.8395   -21.2374   -21.5469     1.8302     2.5575     0.3980
207.347706  46.074270  18.7935  17.4520  16.8074  16.4743  16.2766    0.06310000   0.00014597  18906.561    43.760705   0.502495   2.189415      73.299 0   0.109741   0.057103   0.038034   0.014361   0.003796   -18.5112   -19.8001   -20.4256   -20.7350   -20.9222     1.2889     1.9144     0.3094
208.568768  46.631517  19.3320  17.4753  16.6388  16.2382  15.9694    0.06090000   0.00016076  18255.082    48.194636   0.508372   2.215023    -578.180 0   0.232552   0.177057   0.069361   0.037472   0.043950   -18.0182   -19.8194   -20.5482   -20.9169   -21.1922     1.8012     2.5300     0.3687
208.602599  46.612407  18.6778  17.0331  16.2829  15.9094  15.6611    0.06160000   0.00014143  18457.112    42.399647   0.519132   2.261905    -376.150 0   0.195661   0.134815   0.066485   0.025222   0.028655   -18.6391   -20.2229   -20.9048   -21.2371   -21.4888     1.5839     2.2657     0.3322
207.177114  46.276174  19.8284  18.0732  17.1902  16.8242  16.5472    0.06150000   0.00014575  18442.932    43.694751   0.534029   2.326812    -390.330 0   0.306497   0.238844   0.096727   0.054870   0.049606   -17.5921   -19.2796   -20.0205   -20.3447   -20.6164     1.6875     2.4284     0.3241
207.571521  45.883195  19.0744  17.3981  16.6364  16.2706  16.0121    0.06250000   0.00014377  18736.399    43.101162   0.546310   2.380321     -96.863 0   0.148235   0.105547   0.049621   0.023508   0.027441   -18.2480   -19.8816   -20.5874   -20.9270   -21.1895     1.6336     2.3394     0.3397
207.469915  45.912984  18.8113  17.4281  16.7991  16.4473  16.2162    0.06210000   0.00014493  18607.428    43.448921   0.557745   2.430147    -225.834 0   0.188365   0.113172   0.076285   0.011311  -0.022512   -18.5159   -19.8239   -20.4160   -20.7029   -20.9001     1.3080     1.9001     0.2868
208.316580  46.877003  18.3244  16.6565  15.9429  15.5834  15.3346    0.06220000   0.00015680  18634.410    47.007457   0.572629   2.494996    -198.852 0   0.108965   0.071055   0.036231   0.017638   0.018568   -18.9233   -20.5533   -21.2320   -21.5729   -21.8227     1.6300     2.3088     0.3409
208.224217  45.820879  19.3663  18.2492  17.8236  17.5130  17.3704    0.06990000   0.00007932  20960.769    23.779538   0.580127   2.527663    2127.507 1   0.171262   0.068798   0.082920  -0.038629  -0.082795   -18.2018   -19.2164   -19.6562   -19.8452   -19.9436     1.0146     1.4544     0.1891
208.800331  46.333586  17.8837  15.8838  15.0242  14.6078  14.2951    0.06160000   0.00021331  18461.399    63.948729   0.594728   2.591283    -371.863 0   0.271570   0.208928   0.075599   0.047199   0.052072   -19.5091   -21.4464   -22.1726   -22.5606   -22.8782     1.9373     2.6635     0.3880
208.076433  46.959811  18.7923  17.2632  16.4986  16.0780  15.7905    0.06350000   0.00018336  19039.429    54.969945   0.600459   2.616253     206.167 0   0.308071   0.253697   0.119637   0.051918   0.024005   -18.7032   -20.1780   -20.8085   -21.1614   -21.4210     1.4747     2.1053     0.3529
207.095079  46.161517  18.7298  16.8340  15.9440  15.5288  15.2258    0.06420000   0.00017297  19232.436    51.855101   0.617983   2.692605     399.174 0   0.276412   0.212579   0.076453   0.048377   0.052943   -18.7757   -20.6077   -21.3616   -21.7487   -22.0563     1.8320     2.5858     0.3871
207.086225  46.152760  18.1282  16.2005  15.3040  14.8906  14.5913    0.06450000   0.00018447  19344.498    55.302715   0.626685   2.730521     511.236 0   0.315725   0.242203   0.087049   0.057902   0.057965   -19.4303   -21.2845   -22.0259   -22.4101   -22.7095     1.8542     2.5955     0.3843
208.855763  46.377028  18.5664  17.4258  16.8619  16.4765  16.2434    0.07070000   0.00008000  21187.023    23.983397   0.632133   2.754259    2353.761 1   0.199555   0.201405   0.118016   0.001492  -0.094207   -19.0548   -20.1972   -20.6778   -20.9466   -21.0840     1.1425     1.6230     0.2689
208.635065  45.943517  19.4701  18.7179  18.5153  18.2086  18.1572    0.07440000   0.00007921  22312.054    23.746561   0.639796   2.787646    3478.792 1   0.150167   0.024516   0.078393  -0.046320  -0.022689   -18.2311   -18.8576   -19.1141   -19.2961   -19.3711     0.6265     0.8830     0.1820
208.034560  45.725985  18.1751  16.4679  15.6612  15.2393  14.9181    0.06470000   0.00016148  19382.812    48.410486   0.644143   2.806587     549.550 0   0.177465   0.140918   0.053931   0.030835   0.037180   -19.2271   -20.8978   -21.6175   -22.0163   -22.3439     1.6707     2.3904     0.3988
207.198497  45.966528  19.5509  17.6555  16.7842  16.3764  16.1204    0.06460000   0.00016045  19378.525    48.101700   0.649522   2.830023     545.263 0   0.264467   0.202317   0.077400   0.044734   0.048921   -17.9385   -19.7717   -20.5181   -20.8932   -21.1534     1.8332     2.5796     0.3751
208.257441  45.755214  18.7546  17.6625  17.2380  16.8946  16.7819    0.06390000   0.00007743  19168.070    23.212930   0.649676   2.830696     334.808 0   0.172512   0.084773   0.090003  -0.048596  -0.085973   -18.6191   -19.6234   -20.0532   -20.2580   -20.3333     1.0044     1.4341     0.2048
207.332044  45.859998  18.7717  17.0524  16.2681  15.8674  15.5813    0.06160000   0.00016859  18472.282    50.542010   0.657818   2.866170    -360.980 0   0.201749   0.148939   0.063730   0.030275   0.036785   -18.5513   -20.2178   -20.9169   -21.2841   -21.5767     1.6665     2.3656     0.3672
207.458849  45.798576  18.4906  17.4987  17.1552  16.9351  16.7704    0.05810000   0.00008451  17425.287    25.335461   0.658042   2.867148   -1407.975 1   0.124494   0.019878   0.063771  -0.023287  -0.023735   -18.6237   -19.5110   -19.8984   -20.0314   -20.1957     0.8873     1.2747     0.1330
207.010123  46.178719  19.8702  18.3639  17.6400  17.2994  17.1253    0.06400000   0.00020155  19185.068    60.423170   0.668516   2.912785     351.806 0   0.114312   0.070797   0.038692   0.017203   0.016902   -17.4700   -18.9327   -19.6245   -19.9436   -20.1174     1.4628     2.1546     0.3191
208.336746  45.753812  19.0357  17.3020  16.4602  16.0145  15.7111    0.06490000   0.00016223  19445.918    48.635330   0.671401   2.925356     612.656 1   0.364722   0.299429   0.125265   0.071532   0.048646   -18.5640   -20.2324   -20.9001   -21.2920   -21.5726     1.6684     2.3360     0.3920
207.125889  45.998786  19.3424  17.5300  16.7139  16.3443  16.1109    0.06650000   0.00015871  19945.132    47.580061   0.671463   2.925625    1111.870 1   0.213134   0.156200   0.068061   0.031228   0.037059   -18.1588   -19.9143   -20.6423   -20.9750   -21.2143     1.7555     2.4834     0.3328
207.249387  46.844369  18.3300  17.0023  16.2527  15.8480  15.6010    0.06390000   0.00010239  19143.697    30.695750   0.674567   2.939146     310.435 0   0.306815   0.325386   0.152641   0.050947  -0.019024   -19.1780   -20.5242   -21.1011   -21.4041   -21.5811     1.3463     1.9231     0.3030
207.031675  46.110859  18.7914  16.9895  16.1427  15.7615  15.5046    0.06550000   0.00016180  19621.476    48.506420   0.676894   2.949288     788.214 1   0.262013   0.198799   0.081263   0.042682   0.045202   -18.7257   -20.4644   -21.1936   -21.5363   -21.7957     1.7387     2.4679     0.3426
208.320739  45.727457  18.1767  16.1890  15.2976  14.8825  14.5905    0.06370000   0.00019351  19106.823    58.012839   0.691272   3.011932     273.561 0   0.310231   0.238063   0.085897   0.056519   0.057135   -19.3279   -21.2434   -21.9826   -22.3683   -22.6610     1.9155     2.6548     0.3857
206.943162  46.526116  17.7688  16.2393  15.4954  15.0869  14.8389    0.06480000   0.00020376  19415.699    61.085711   0.705931   3.075804     582.437 0   0.264682   0.202237   0.097810   0.038421   0.026217   -19.7275   -21.1946   -21.8341   -22.1832   -22.4190     1.4671     2.1065     0.3491
207.069234  46.770118  18.5716  16.7589  15.8809  15.4135  15.0815    0.07480000   0.00015870  22418.240    47.577063   0.723557   3.152604    3584.978 1   0.452921   0.382370   0.153099   0.091717   0.059913   -19.4259   -21.1680   -21.8167   -22.2228   -22.5230     1.7421     2.3909     0.4060
208.316909  45.690702  18.0573  16.1058  15.2315  14.7947  14.4669    0.06420000   0.00017368  19247.125    52.067954   0.724447   3.156480     413.863 0   0.317023   0.243414   0.087899   0.058247   0.057893   -19.4888   -21.3667   -22.0855   -22.4927   -22.8201     1.8779     2.5967     0.4071
206.913067  46.215521  18.4003  16.4975  15.6304  15.2205  14.9580    0.06480000   0.00016565  19440.881    49.660621   0.724456   3.156521     607.619 0   0.263700   0.202950   0.073992   0.045292   0.050743   -19.0950   -20.9371   -21.6752   -22.0564   -22.3244     1.8421     2.5802     0.3812
207.477802  47.026495  19.0967  17.8849  17.4269  17.0832  16.8826    0.06260000   0.00008493  18771.265    25.461373   0.732686   3.192379     -61.997 0   0.175322   0.089187   0.085750  -0.027903  -0.094776   -18.2350   -19.3606   -19.8152   -20.0452   -20.1790     1.1257     1.5802     0.2300
206.920968  46.154439  18.9773  17.9322  17.5442  17.2443  17.1141    0.06640000   0.00007613  19892.429    22.823200   0.734407   3.199877    1059.167 1   0.171051   0.065168   0.088441  -0.066983  -0.063607   -18.4786   -19.4178   -19.8291   -19.9735   -20.1071     0.9392     1.3505     0.1445
206.971673  46.053115  19.0738  17.3220  16.5429  16.1490  15.9235    0.06210000   0.00014561  18631.921    43.652780   0.738026   3.215646    -201.341 0   0.196891   0.141273   0.064157   0.027962   0.033626   -18.2619   -19.9581   -20.6601   -21.0178   -21.2490     1.6962     2.3982     0.3577
208.615179  46.983615  19.0020  17.1345  16.2767  15.8880  15.5857    0.06270000   0.00017048  18809.249    51.108618   0.773080   3.368377     -24.013 0   0.249923   0.191505   0.072538   0.041677   0.047490   -18.4290   -20.2381   -20.9769   -21.3348   -21.6429     1.8091     2.5479     0.3578
207.788542  47.135617  19.1563  17.1541  16.2091  15.7480  15.3564    0.06450000   0.00017009  19338.622    50.991699   0.775870   3.380534     505.360 0   0.486629   0.385205   0.143275   0.099749   0.070951   -18.5731   -20.4739   -21.1770   -21.5946   -21.9574     1.9008     2.6038     0.4176
206.941180  46.004151  19.9040  18.0474  17.1676  16.7672  16.5005    0.06510000   0.00016099  19502.998    48.263588   0.778688   3.392813     669.736 1   0.294815   0.226737   0.085729   0.052334   0.053083   -17.6325   -19.4211   -20.1598   -20.5269   -20.7943     1.7885     2.5273     0.3670
208.071791  45.590517  18.0226  16.4591  15.7697  15.3445  15.0779    0.06250000   0.00017234  18729.744    51.666232   0.781607   3.405532    -103.518 0   0.235031   0.169623   0.087944   0.027959   0.018328   -19.3866   -20.8847   -21.4924   -21.8576   -22.1146     1.4981     2.1058     0.3652
209.082022  46.431350  18.7831  17.7286  17.3802  17.1016  16.9864    0.06140000   0.00008522  18411.874    25.548313   0.790816   3.445657    -421.388 0   0.164708   0.038359   0.081149  -0.054204  -0.042939   -18.4957   -19.4239   -19.8151   -19.9583   -20.0848     0.9282     1.3193     0.1432
207.058397  45.829584  18.9231  17.1725  16.3294  15.9423  15.6261    0.06420000   0.00016543  19247.335    49.594666   0.811487   3.535720     414.073 0   0.279235   0.213986   0.084046   0.047835   0.049298   -18.5852   -20.2706   -20.9838   -21.3346   -21.6523     1.6854     2.3985     0.3509
207.589849  45.585997  19.9006  17.7454  16.8057  16.3377  15.8758    0.06330000   0.00017119  18982.589    51.321471   0.817292   3.561014     149.327 0   0.498334   0.394945   0.146963   0.101906   0.071880   -17.7747   -19.8265   -20.5183   -20.9412   -21.3731     2.0518     2.7435     0.4229
209.122203  46.415602  20.0282  18.1129  17.2339  16.8009  16.4471    0.06290000   0.00018468  18843.425    55.365671   0.817363   3.561322      10.163 0   0.340920   0.262281   0.094715   0.064351   0.060552   -17.5008   -19.3374   -20.0489   -20.4515   -20.8015     1.8367     2.5481     0.4026
206.867820  46.016674  19.3358  17.5098  16.6327  16.2156  15.8863    0.06350000   0.00015390  19034.483    46.138059   0.818386   3.565781     201.221 0   0.278273   0.213869   0.077285   0.048753   0.053015   -18.1299   -19.8915   -20.6320   -21.0206   -21.3542     1.7616     2.5021     0.3886
208.131257  47.175547  18.8707  17.8319  17.5391  17.2770  17.2266    0.06270000   0.00007573  18787.184    22.703283   0.819467   3.570488     -46.078 0   0.146929   0.022329   0.077796  -0.044685  -0.019099   -18.4573   -19.3715   -19.7198   -19.8594   -19.9354     0.9142     1.2625     0.1396
