199.449449  47.347163  18.6184  16.8368  15.9606  15.5302  15.2126    0.05490000   0.00015702  16456.957    47.073412   0.011440   0.046447    -986.167 0   0.366660   0.291208   0.113160   0.072405   0.057563   -18.6143   -20.3205   -21.0186   -21.4083   -21.7110     1.7061     2.4043     0.3896
199.613800  47.288203  19.7977  17.9717  17.1444  16.7441  16.4599    0.05850000   0.00015699  17524.578    47.064418   0.130990   0.531838      81.454 0   0.222549   0.169778   0.066533   0.035755   0.042661   -17.4335   -19.2067   -19.9308   -20.3003   -20.5914     1.7732     2.4973     0.3695
199.633592  47.303242  20.1305  18.3664  17.5884  17.1965  16.9585    0.05760000   0.00015102  17253.146    45.274657   0.138684   0.563076    -189.978 0   0.219049   0.158221   0.072150   0.030641   0.034792   -17.0808   -18.7841   -19.4760   -19.8264   -20.0685     1.7033     2.3952     0.3504
199.652581  47.330263  18.2019  16.1146  15.2178  14.8454  14.5108    0.05100000   0.00018980  15274.516    56.900609   0.146910   0.596476   -2168.609 1   0.276582   0.212688   0.076564   0.048406   0.052932   -18.8011   -20.8245   -21.5852   -21.9295   -22.2686     2.0234     2.7841     0.3442
199.606292  47.248394  17.7079  15.7525  14.9009  14.5069  14.2355    0.05880000   0.00019276  17620.422    57.787994   0.147209   0.597688     177.297 0   0.198251   0.156265   0.058550   0.033633   0.040756   -19.5063   -21.4197   -22.1736   -22.5427   -22.8212     1.9134     2.6673     0.3691
199.376739  47.196851  19.1313  17.8636  17.4329  17.1617  17.0359    0.04940000   0.00009457  14799.045    28.351373   0.148742   0.603910   -2644.080 1   0.123985   0.036084   0.057083  -0.001444  -0.059032   -17.6327   -18.8125   -19.2642   -19.4769   -19.5451     1.1798     1.6315     0.2127
199.608739  47.223172  17.4649  15.5527  14.6767  14.2801  14.0086    0.05710000   0.00019723  17120.548    59.128066   0.165268   0.671009    -322.577 0   0.255027   0.196216   0.072463   0.043216   0.049112   -19.7633   -21.6167   -22.3690   -22.7363   -23.0137     1.8534     2.6056     0.3674
199.262491  47.217731  18.4058  16.7585  15.9704  15.5883  15.3063    0.05990000   0.00015371  17944.857    46.081099   0.169768   0.689279     501.733 0   0.235139   0.172859   0.077254   0.034209   0.037044   -18.9108   -20.4959   -21.1884   -21.5274   -21.8123     1.5850     2.2775     0.3391
199.677352  47.268201  18.5361  17.6967  17.5787  17.3909  17.4657    0.06390000   0.00009083  19150.293    27.230149   0.178461   0.724576    1707.168 1   0.098960   0.011709   0.046037  -0.016557  -0.008715   -18.7640   -19.5162   -19.6685   -19.7937   -19.7267     0.7521     0.9045     0.1252
199.625042  47.193020  18.2746  16.2776  15.4424  15.0371  14.7086    0.05820000   0.00017562  17439.767    52.649551   0.194868   0.791189      -3.358 0   0.188168   0.151120   0.055531   0.032910   0.039814   -18.9110   -20.8710   -21.6106   -21.9933   -22.3287     1.9600     2.6996     0.3827
199.711458  47.256503  18.5458  16.6833  15.8368  15.4675  15.1947    0.05740000   0.00016530  17216.721    49.555693   0.204331   0.829612    -226.403 0   0.228403   0.172841   0.069092   0.036159   0.042631   -18.6712   -20.4781   -21.2209   -21.5572   -21.8365     1.8069     2.5497     0.3364
199.681160  47.476797  18.0823  17.0562  16.7454  16.5351  16.4936    0.06170000   0.00008556  18510.715    25.650243   0.215055   0.873151    1067.591 0   0.105877   0.013186   0.051119  -0.018496  -0.010905   -19.1447   -20.0781   -20.4268   -20.5675   -20.6166     0.9334     1.2821     0.1407
199.662958  47.183749  18.9683  17.2215  16.4014  15.9468  15.6512    0.05500000   0.00015631  16477.073    46.860559   0.219132   0.889704    -966.051 0   0.230575   0.178048   0.066771   0.038159   0.045254   -18.1577   -19.8520   -20.5608   -20.9868   -21.2895     1.6943     2.4031     0.4260
199.697073  47.194244  19.2343  17.4342  16.6336  16.2524  15.9996    0.05620000   0.00015025  16859.339    45.043817   0.229098   0.930170    -583.786 0   0.196455   0.144581   0.062427   0.029496   0.035854   -17.8834   -19.6316   -20.3500   -20.6983   -20.9575     1.7482     2.4667     0.3483
199.630893  47.149798  17.8642  16.0726  15.2558  14.8263  14.5007    0.05640000   0.00017238  16894.384    51.678224   0.231471   0.939803    -548.740 0   0.186631   0.149698   0.055303   0.032599   0.039449   -19.2687   -21.0234   -21.7458   -22.1526   -22.4850     1.7547     2.4771     0.4068
199.772311  47.394723  17.7012  16.9461  16.6589  16.3672  16.3620    0.06220000   0.00008019  18660.102    24.040357   0.234199   0.950880    1216.978 1   0.150049   0.024088   0.078519  -0.046830  -0.021619   -19.5876   -20.2167   -20.5583   -20.7247   -20.7551     0.6291     0.9708     0.1664
199.224820  47.528506  20.2081  18.4084  17.5325  17.1658  16.8851    0.06180000   0.00013321  18530.532    39.935353   0.236765   0.961298    1087.407 1   0.282143   0.216461   0.085985   0.048354   0.048928   -17.2236   -18.9577   -19.7031   -20.0321   -20.3134     1.7340     2.4794     0.3291
199.712073  47.162516  17.5011  16.2964  15.7954  15.4375  15.2539    0.05910000   0.00010059  17713.447    30.156123   0.257758   1.046533     270.323 0   0.181853   0.114754   0.091995  -0.017598  -0.098299   -19.7330   -20.8706   -21.3488   -21.5971   -21.7000     1.1376     1.6158     0.2483
199.668749  47.573728  17.8563  16.8648  16.3875  16.0549  15.9576    0.06150000   0.00008227  18438.705    24.663926   0.281850   1.144350     995.581 1   0.138235   0.162210   0.108416  -0.052602  -0.085395   -19.3959   -20.4114   -20.8349   -21.0065   -21.0710     1.0155     1.4390     0.1716
199.565401  47.071732  20.1209  18.3803  17.5422  17.2322  16.8622    0.05650000   0.00016574  16935.036    49.687602   0.282198   1.145762    -508.088 0   0.270630   0.206455   0.083451   0.045096   0.046713   -17.1039   -18.7803   -19.4954   -19.7670   -20.1386     1.6764     2.3915     0.2716
199.480492  47.050690  18.6879  17.0772  16.2314  15.7608  15.4135    0.05790000   0.00017022  17345.182    51.030672   0.290877   1.181000     -97.942 0   0.421876   0.368302   0.154019   0.083577   0.049100   -18.7415   -20.2986   -20.9301   -21.3303   -21.6431     1.5571     2.1886     0.4002
199.833010  47.226312  19.2530  17.5584  16.7921  16.4004  16.1477    0.05820000   0.00016802  17442.825    50.371129   0.291910   1.185192      -0.300 0   0.191775   0.136310   0.063098   0.026997   0.032280   -17.9362   -19.5754   -20.2684   -20.6240   -20.8820     1.6391     2.3322     0.3556
199.420858  47.644992  19.4760  17.9921  17.2633  16.8686  16.5533    0.05790000   0.00018868  17357.654    56.564841   0.305152   1.238958     -85.471 0   0.282912   0.229697   0.114351   0.042850   0.011492   -17.8144   -19.2451   -19.8585   -20.1817   -20.4657     1.4307     2.0441     0.3232
199.030337  47.201141  18.8934  17.7731  17.4164  17.1323  16.9982    0.05820000   0.00007455  17437.818    22.349528   0.308145   1.251109      -5.306 0   0.164451   0.040944   0.080375  -0.049790  -0.049126   -18.2685   -19.2653   -19.6614   -19.8154   -19.9501     0.9968     1.3929     0.1539
199.452359  47.648978  18.0729  16.6374  16.0678  15.7178  15.5259    0.05740000   0.00010242  17217.051    30.704744   0.309152   1.255197    -226.073 0   0.170419   0.090094   0.070185   0.007739  -0.038830   -19.0861   -20.4413   -20.9910   -21.2785   -21.4239     1.3552     1.9049     0.2876
199.659156  47.061924  17.9587  16.0566  15.2192  14.7819  14.5078    0.05490000   0.00018499  16445.145    55.458607   0.316466   1.284894    -997.979 0   0.232789   0.180653   0.066490   0.038979   0.046171   -19.1401   -20.9901   -21.7134   -22.1231   -22.4044     1.8500     2.5732     0.4098
199.853192  47.494623  18.6695  16.8731  16.0568  15.6763  15.3911    0.06710000   0.00016401  20103.183    49.168961   0.322064   1.307623    2660.058 1   0.201294   0.152759   0.061705   0.031928   0.038885   -18.8395   -20.5873   -21.3126   -21.6633   -21.9555     1.7479     2.4731     0.3507
199.742606  47.071794  19.0121  17.2010  16.3193  15.8412  15.4979    0.05860000   0.00014954  17580.249    44.830964   0.339174   1.377093     137.125 0   0.454342   0.382875   0.152966   0.092092   0.060364   -18.4508   -20.1904   -20.8422   -21.2594   -21.5710     1.7396     2.3914     0.4172
199.930913  47.278212  19.2301  17.9961  17.1592  16.7504  16.4195    0.06630000   0.00009123  19888.831    27.350066   0.340848   1.383888    2445.707 1   0.379191   0.425572   0.182965   0.076856   0.015095   -18.4519   -19.7323   -20.3266   -20.6293   -20.8984     1.2804     1.8747     0.3027
199.932181  47.259097  19.7677  17.9686  17.1370  16.7553  16.4630    0.06640000   0.00016403  19894.887    49.174957   0.345662   1.403432    2451.763 1   0.213590   0.160392   0.065834   0.033126   0.039797   -17.7307   -19.4766   -20.2137   -20.5627   -20.8616     1.7459     2.4829     0.3490
199.061477  47.599361  18.0480  16.1271  15.2903  14.9176  14.6245    0.05730000   0.00015749  17191.539    47.214314   0.362988   1.473782    -251.586 0   0.161329   0.131217   0.049655   0.029499   0.035031   -19.0942   -20.9849   -21.7402   -22.0927   -22.3914     1.8908     2.6460     0.3525
200.001690  47.312456  19.2613  17.9310  17.2877  16.9711  16.7292    0.05640000   0.00018429  16918.607    55.248752   0.384149   1.559696    -524.517 0   0.021835   0.010949   0.004682   0.003128   0.002159   -17.7068   -19.0262   -19.6632   -19.9783   -20.2192     1.3194     1.9564     0.3150
199.570881  47.721090  19.4763  17.8174  17.0905  16.7331  16.5040    0.04640000   0.00015894  13919.244    47.649013   0.391838   1.590915   -3523.880 1   0.124735   0.083418   0.042398   0.019719   0.021548   -17.1684   -18.7860   -19.4719   -19.8066   -20.0375     1.6176     2.3035     0.3347
199.226378  46.965755  19.0157  17.8503  17.5829  17.3677  17.2432    0.04950000   0.00007642  14850.909    22.910140   0.400378   1.625587   -2592.215 1   0.115873   0.015084   0.058829  -0.023362  -0.012829   -17.7660   -18.8306   -19.1417   -19.2747   -19.4098     1.0646     1.3758     0.1330
198.829666  47.460147  18.8567  17.7090  17.2648  16.9590  16.7990    0.07080000   0.00007792  21227.584    23.359828   0.428252   1.738761    3784.460 1   0.169684   0.068259   0.080156  -0.029557  -0.085249   -18.7590   -19.8052   -20.2613   -20.4574   -20.5617     1.0463     1.5024     0.1961
198.946183  47.027998  19.0036  17.1809  16.2915  15.8096  15.4062    0.06110000   0.00015664  18326.823    46.959491   0.455685   1.850141     883.698 1   0.468566   0.398561   0.158910   0.094377   0.061489   -18.5897   -20.3424   -20.9922   -21.4095   -21.7800     1.7527     2.4024     0.4174
198.775702  47.435545  19.4930  17.6109  16.7306  16.3582  16.0923    0.07080000   0.00016288  21234.180    48.830196   0.457706   1.858349    3791.056 1   0.276702   0.211922   0.081942   0.047454   0.049867   -18.2297   -20.0470   -20.7973   -21.1352   -21.4035     1.8173     2.5676     0.3379
199.651863  46.820182  19.1677  17.4065  16.6340  16.2903  15.9734    0.06670000   0.00016475  20002.153    49.390807   0.539977   2.192379    2559.028 1   0.049918   0.042990   0.016191   0.012290   0.011728   -18.1735   -19.9277   -20.6734   -21.0132   -21.3296     1.7543     2.5000     0.3398
200.234031  47.301209  19.1067  17.6560  17.0524  16.7506  16.5277    0.05820000   0.00010132  17434.760    30.374972   0.541995   2.200573      -8.364 0   0.070373   0.031435   0.020276   0.009521  -0.003849   -17.9611   -19.3729   -19.9653   -20.2564   -20.4659     1.4118     2.0042     0.2910
199.508043  47.888072  19.8637  18.2109  17.3708  16.9045  16.5835    0.07000000   0.00017839  20997.853    53.479977   0.550207   2.233915    3554.729 1   0.400779   0.342530   0.144248   0.079105   0.047860   -17.9583   -19.5528   -20.1946   -20.5958   -20.8856     1.5946     2.2364     0.4012
199.841076  47.901906  17.5739  15.5261  14.5726  14.0851  13.7427    0.05740000   0.00018694  17198.464    56.043202   0.625274   2.538696    -244.661 0   0.536770   0.427386   0.158998   0.107468   0.075194   -19.9515   -21.8899   -22.5750   -23.0109   -23.3211     1.9384     2.6235     0.4360
200.383300  47.396788  18.1542  16.9777  16.4149  16.1004  15.8856    0.06630000   0.00016546  19870.064    49.603660   0.644261   2.615787    2426.940 1   0.189375   0.137504   0.098017  -0.006686  -0.095499   -19.3380   -20.4626   -20.9859   -21.1957   -21.3217     1.1246     1.6479     0.2098
199.290835  48.014570  18.9528  17.9849  17.6615  17.4244  17.3115    0.05710000   0.00009854  17128.972    29.541549   0.681712   2.767842    -314.153 0   0.139453   0.020254   0.074328  -0.038735  -0.017344   -18.1598   -19.0085   -19.3860   -19.5101   -19.6443     0.8487     1.2262     0.1240
198.465789  47.150064  19.3067  17.6511  16.8503  16.4587  16.1834    0.05580000   0.00016546  16715.138    49.603660   0.684523   2.779253    -727.986 0   0.266612   0.202430   0.089730   0.041537   0.038907   -17.8655   -19.4570   -20.1451   -20.4885   -20.7611     1.5914     2.2795     0.3434
198.907655  47.931986  18.4975  17.3294  16.8547  16.5476  16.3846    0.06210000   0.00021213  18619.300    63.594974   0.691910   2.809245    1176.176 1   0.165106   0.067491   0.075306  -0.015912  -0.084086   -18.8065   -19.8769   -20.3595   -20.5753   -20.6702     1.0705     1.5530     0.2159
198.487210  47.632956  17.3763  15.8177  15.1409  14.8167  14.5290    0.05610000   0.00014015  16817.757    42.015913   0.706696   2.869281    -625.367 0   0.007261   0.004359   0.001692   0.001240   0.001231   -19.5443   -21.0999   -21.7741   -22.0978   -22.3855     1.5557     2.2298     0.3237
199.560102  48.048745  19.1700  18.0962  17.7306  17.4186  17.2851    0.05730000   0.00008470  17181.645    25.392421   0.713677   2.897623    -261.479 0   0.171058   0.056541   0.085714  -0.062377  -0.059417   -17.9819   -18.9412   -19.3359   -19.4999   -19.6363     0.9593     1.3541     0.1639
198.716244  46.804315  19.1551  17.5968  16.8463  16.5235  16.2662    0.05520000   0.00015443  16535.743    46.296949   0.724599   2.941969    -907.382 0   0.074299   0.051986   0.023032   0.014066   0.014708   -17.7972   -19.3331   -20.0547   -20.3685   -20.6265     1.5360     2.2575     0.3138
198.346851  47.268739  19.3556  17.8040  17.1355  16.7511  16.5590    0.05350000   0.00008829  16035.329    26.468676   0.741670   3.011279   -1407.795 1   0.196004   0.124679   0.074316   0.017701   0.004893   -17.6714   -19.1516   -19.7698   -20.0976   -20.2769     1.4803     2.0984     0.3278
198.851561  46.683335  19.6892  18.0117  17.1463  16.8236  16.5361    0.05710000   0.00016611  17113.233    49.798525   0.766959   3.113954    -329.892 0   0.260550   0.197132   0.082611   0.041723   0.043434   -17.5445   -19.1586   -19.9095   -20.1913   -20.4805     1.6141     2.3650     0.2818
200.406596  47.735335  18.4544  17.2347  16.7098  16.3760  16.1913    0.06220000   0.00016474  18632.611    49.387810   0.767226   3.115041    1189.487 1   0.180757   0.103644   0.085539  -0.012273  -0.089636   -18.8651   -20.0077   -20.5144   -20.7504   -20.8578     1.1426     1.6494     0.2360
199.358486  48.134588  18.8962  17.7353  17.2379  16.9322  16.7388    0.05700000   0.00008633  17074.530    25.881083   0.796315   3.233145    -368.595 0   0.173130   0.083082   0.080523  -0.017582  -0.090172   -18.2503   -19.3211   -19.8160   -20.0235   -20.1444     1.0709     1.5657     0.2076
198.476845  47.801289  19.5452  17.8000  16.9857  16.6189  16.3696    0.05590000   0.00015488  16764.154    46.431856   0.797158   3.236567    -678.970 0   0.227624   0.167089   0.073658   0.033246   0.037547   -17.5879   -19.2726   -19.9934   -20.3198   -20.5734     1.6847     2.4055     0.3264
198.488169  47.832370  18.2636  16.4918  15.6075  15.1545  14.8395    0.05590000   0.00015433  16768.861    46.266970   0.809432   3.286403    -674.263 0   0.439191   0.373354   0.151609   0.088531   0.056654   -19.0811   -20.7870   -21.4496   -21.8395   -22.1226     1.7060     2.3685     0.3899
200.657769  47.305645  18.7383  17.5250  16.9677  16.6410  16.4300    0.06140000   0.00008745  18411.724    26.216850   0.828461   3.363664     968.599 0   0.188099   0.126919   0.093690  -0.008071  -0.091918   -18.5639   -19.7161   -20.2401   -20.4651   -20.5922     1.1521     1.6762     0.2249
200.647080  47.143754  19.5902  17.8097  16.9710  16.5555  16.2371    0.05820000   0.00015566  17460.362    46.665694   0.843652   3.425339      17.238 0   0.226885   0.175296   0.065977   0.037502   0.044629   -17.6341   -19.3630   -20.0924   -20.4794   -20.8050     1.7289     2.4583     0.3870
198.372821  47.791132  18.9732  17.5350  16.8435  16.3570  16.1423    0.05630000   0.00007931  16875.078    23.776540   0.850190   3.451883    -568.047 0   0.300313   0.263910   0.129364   0.046258  -0.000034   -18.2735   -19.6753   -20.2323   -20.6357   -20.8041     1.4018     1.9588     0.4034
200.440789  46.807433  18.7200  16.8560  15.9904  15.6213  15.2924    0.05180000   0.00016203  15528.110    48.575372   0.864302   3.509180   -1915.014 1   0.201151   0.159828   0.058562   0.034541   0.041794   -18.2203   -20.0429   -20.8073   -21.1524   -21.4885     1.8227     2.5870     0.3451
200.457691  46.802333  19.1909  18.0359  17.5686  17.3556  17.2346    0.05240000   0.00009002  15716.770    26.987317   0.876470   3.558586   -1726.355 1   0.046344   0.011354   0.012819   0.004001  -0.021066   -17.6454   -18.7654   -19.2341   -19.4383   -19.5342     1.1200     1.5888     0.2042
