236.241428  36.068830  18.4131  16.5774  15.6964  15.2956  14.9736    0.06000000   0.00019388  17987.488    58.123762   0.007485   0.034196   -1604.249 0   0.310025   0.238529   0.087864   0.056433   0.056135   -18.9783   -20.7425   -21.4728   -21.8422   -22.1639     1.7642     2.4945     0.3694
236.219596  36.069103  19.3323  17.4838  16.6369  16.2550  15.9855    0.07010000   0.00015302  21013.353    45.874242   0.024772   0.113176    1421.616 0   0.258684   0.196270   0.079411   0.042200   0.045467   -18.3474   -20.1335   -20.8636   -21.2083   -21.4810     1.7861     2.5161     0.3447
236.231726  36.092804  20.3533  18.5591  17.6833  17.2782  16.9663    0.06560000   0.00016520  19656.012    49.525714   0.030605   0.139826      64.276 0   0.306979   0.237271   0.090922   0.055451   0.053633   -17.2333   -18.9578   -19.6873   -20.0569   -20.3670     1.7245     2.4539     0.3696
236.280277  36.090776  18.8951  17.0720  16.1436  15.7164  15.3957    0.06910000   0.00017637  20718.237    52.874396   0.034825   0.159109    1126.500 0   0.436990   0.357342   0.139821   0.089855   0.062021   -18.9316   -20.6750   -21.3859   -21.7631   -22.0560     1.7435     2.4543     0.3772
236.254175  36.106436  19.1447  17.5558  16.4652  16.0775  15.8298    0.06510000   0.00016315  19528.601    48.911140   0.040576   0.185385     -63.136 0   0.563791   0.579869   0.221924   0.114152   0.075257   -18.6608   -20.2658   -20.9984   -21.2784   -21.4872     1.6050     2.3376     0.2799
236.240229  36.020008  19.9120  18.1712  17.3144  16.9375  16.6536    0.06420000   0.00015040  19238.222    45.088786   0.046665   0.213203    -353.515 0   0.285238   0.219634   0.090873   0.048414   0.046276   -17.6023   -19.2775   -20.0056   -20.3400   -20.6218     1.6752     2.4032     0.3344
236.190781  36.079215  19.5919  17.8744  17.0323  16.6353  16.3650    0.06220000   0.00016165  18639.416    48.461451   0.049660   0.226884    -952.321 0   0.284740   0.218950   0.089268   0.048536   0.047391   -17.8316   -19.4833   -20.1957   -20.5519   -20.8211     1.6517     2.3641     0.3563
236.239297  36.117985  21.1944  19.1742  18.3405  18.1680  17.4775    0.06420000   0.00016637  19242.239    49.876471   0.052700   0.240776    -349.498 0   0.020508   0.019251   0.006793   0.005749   0.004981   -16.0552   -18.0742   -18.8954   -19.0669   -19.7566     2.0189     2.8402     0.1715
236.200697  36.100549  20.0112  18.1601  17.2658  16.8457  16.5457    0.06950000   0.00017118  20826.282    51.318473   0.052744   0.240974    1234.545 0   0.304859   0.233948   0.084362   0.055200   0.056496   -17.6992   -19.4794   -20.2241   -20.6151   -20.9164     1.7802     2.5249     0.3909
236.273670  36.115484  19.6835  17.9153  17.0483  16.6242  16.3591    0.06570000   0.00016284  19707.757    48.818204   0.053055   0.242394     116.020 0   0.305704   0.236325   0.090986   0.055070   0.053216   -17.9017   -19.6006   -20.3222   -20.7104   -20.9736     1.6988     2.4205     0.3882
236.214775  36.019870  18.7639  17.2289  16.4004  16.0258  15.7446    0.06560000   0.00015246  19679.786    45.706358   0.054210   0.247674      88.049 0   0.300087   0.238179   0.107331   0.051826   0.036277   -18.8159   -20.2889   -20.9866   -21.3057   -21.5713     1.4731     2.1707     0.3191
236.172644  36.065450  18.4871  16.7113  15.8284  15.4355  15.1476    0.06400000   0.00016324  19191.184    48.938121   0.062532   0.285695    -400.553 0   0.311916   0.242244   0.094665   0.056642   0.052842   -19.0507   -20.7568   -21.4921   -21.8470   -22.1311     1.7061     2.4414     0.3549
236.315206  36.017164  19.7868  17.9595  17.0529  16.6566  16.3331    0.06680000   0.00017238  20038.308    51.678224   0.071855   0.328290     446.571 0   0.340348   0.266014   0.101602   0.064766   0.056971   -17.8727   -19.6257   -20.3679   -20.7274   -21.0431     1.7530     2.4952     0.3595
236.232744  36.138508  19.2385  17.4527  16.6074  16.2396  15.9469    0.06370000   0.00016264  19105.534    48.758245   0.073838   0.337347    -486.203 0   0.246668   0.185805   0.076411   0.039080   0.043334   -18.2025   -19.9274   -20.6633   -20.9938   -21.2908     1.7249     2.4608     0.3305
236.248896  35.988133  19.8992  18.0444  17.1473  16.7526  16.4047    0.06590000   0.00015564  19750.207    46.659698   0.077872   0.355779     158.470 0   0.323927   0.250335   0.093202   0.060077   0.057090   -17.7143   -19.4956   -20.2355   -20.5971   -20.9420     1.7812     2.5212     0.3616
236.186449  36.129856  18.5133  16.6026  15.6999  15.2951  14.9701    0.06280000   0.00018854  18835.391    56.522870   0.081955   0.374432    -756.346 0   0.322938   0.248117   0.089656   0.059767   0.058535   -18.9906   -20.8265   -21.5707   -21.9456   -22.2694     1.8359     2.5801     0.3749
236.157356  36.030281  19.8717  17.7969  16.9233  16.5455  16.2784    0.06560000   0.00018447  19662.998    55.302715   0.082970   0.379069      71.261 0   0.269407   0.205989   0.079562   0.045688   0.049080   -17.6774   -19.6888   -20.4359   -20.7799   -21.0504     2.0114     2.7586     0.3439
236.166181  36.115782  19.2839  17.4675  16.5627  16.1609  15.8623    0.06990000   0.00017405  20955.223    52.178877   0.084077   0.384127    1363.486 0   0.315360   0.243607   0.091444   0.057802   0.055713   -18.4283   -20.1729   -20.9256   -21.2937   -21.5902     1.7446     2.4973     0.3682
236.282728  36.146398  18.6164  16.6191  15.6827  15.2500  14.9117    0.06990000   0.00020046  20953.424    60.096396   0.084639   0.386696    1361.687 0   0.423076   0.330418   0.121221   0.085711   0.066750   -19.2035   -21.1081   -21.8354   -22.2325   -22.5519     1.9046     2.6318     0.3972
236.345962  36.106418  18.8762  16.9883  16.0912  15.6946  15.4071    0.06870000   0.00016903  20604.166    50.673919   0.087468   0.399622    1012.429 0   0.300940   0.231537   0.086652   0.053979   0.054313   -18.7838   -20.6023   -21.3545   -21.7184   -22.0063     1.8185     2.5707     0.3639
236.260997  36.156339  18.2653  16.3594  15.4732  15.0670  14.7480    0.06040000   0.00017968  18117.867    53.866709   0.090775   0.414731   -1473.870 0   0.290574   0.223031   0.080545   0.051654   0.054644   -19.1249   -20.9633   -21.7070   -22.0843   -22.4063     1.8384     2.5821     0.3773
236.256333  35.971593  18.7198  16.8692  16.0186  15.6522  15.3551    0.07310000   0.00014976  21905.325    44.896919   0.094546   0.431960    2313.588 1   0.221285   0.168860   0.066199   0.035557   0.042484   -19.0171   -20.8153   -21.5632   -21.8990   -22.2030     1.7982     2.5461     0.3358
236.354460  36.020179  19.2854  17.3389  16.4391  16.0406  15.7139    0.06640000   0.00017643  19918.301    52.892383   0.096070   0.438924     326.564 0   0.311833   0.239118   0.085727   0.056926   0.057609   -18.3113   -20.1850   -20.9315   -21.3012   -21.6285     1.8738     2.6202     0.3697
236.165594  36.137926  19.8038  18.1239  17.3305  16.9987  16.7359    0.06160000   0.00014006  18476.989    41.988932   0.099139   0.452944   -1114.748 0   0.110975   0.084670   0.036704   0.020998   0.023434   -17.4284   -19.0820   -19.8274   -20.1435   -20.4088     1.6536     2.3990     0.3161
236.307260  35.975124  19.9850  18.3341  17.4579  17.0806  16.7670    0.07290000   0.00015803  21853.041    47.376202   0.101984   0.465944    2261.305 1   0.327270   0.259922   0.107299   0.061236   0.048949   -17.8520   -19.4355   -20.1591   -20.4903   -20.7916     1.5836     2.3071     0.3312
236.215894  36.166635  18.9433  17.1717  16.2755  15.8583  15.5450    0.06860000   0.00017465  20562.885    52.358753   0.104343   0.476720     971.148 0   0.370072   0.295503   0.115911   0.073431   0.056910   -18.7794   -20.4764   -21.1930   -21.5677   -21.8645     1.6970     2.4136     0.3747
236.339830  36.146179  19.0695  18.0328  17.5863  17.3265  17.1872    0.07620000   0.00007662  22841.667    22.970098   0.108173   0.494217    3249.930 1   0.110976   0.031169   0.048757   0.001951  -0.052486   -18.6264   -19.5833   -20.0474   -20.2604   -20.3453     0.9569     1.4210     0.2130
236.383929  36.077117  18.8050  17.8498  17.4809  17.2319  17.1170    0.06210000   0.00007990  18630.902    23.953417   0.108829   0.497216    -960.835 0   0.132297   0.025611   0.067338  -0.021979  -0.036541   -18.4661   -19.3147   -19.7253   -19.8850   -19.9853     0.8485     1.2591     0.1597
236.108386  36.062104  19.4960  17.6103  16.7347  16.3613  16.0776    0.06440000   0.00016293  19306.754    48.845185   0.114538   0.523298    -284.983 0   0.269189   0.205576   0.080411   0.045377   0.048431   -17.9913   -19.8134   -20.5639   -20.9022   -21.1890     1.8221     2.5725     0.3384
236.264043  36.182252  18.6681  16.8527  15.9215  15.4947  15.1558    0.06570000   0.00017891  19682.604    53.635869   0.116805   0.533654      90.867 0   0.437446   0.360995   0.142773   0.089707   0.060729   -19.0489   -20.7878   -21.5008   -21.8745   -22.1845     1.7389     2.4519     0.3737
236.370011  36.133343  19.9621  18.2270  17.3801  17.0271  16.7491    0.06530000   0.00015593  19582.263    46.746638   0.118092   0.539537      -9.473 0   0.266688   0.202689   0.084679   0.043323   0.044136   -17.5530   -19.2241   -19.9530   -20.2646   -20.5434     1.6711     2.4000     0.3116
236.283313  36.184873  18.0833  16.7908  16.1775  15.8588  15.6913    0.05850000   0.00010780  17527.006    32.317627   0.121884   0.556862   -2064.731 0   0.079783   0.036093   0.024465   0.010705  -0.004877   -19.0051   -20.2539   -20.8556   -21.1606   -21.3125     1.2488     1.8505     0.3049
236.241327  36.188203  19.7040  17.9532  17.1085  16.7345  16.4593    0.06330000   0.00013493  18988.405    40.450996   0.122404   0.559235    -603.332 0   0.253267   0.191329   0.078650   0.040576   0.044012   -17.7263   -19.4151   -20.1472   -20.4831   -20.7617     1.6889     2.4209     0.3359
236.195152  35.950268  18.2532  16.3684  15.5090  15.1139  14.8043    0.06290000   0.00018960  18856.886    56.840650   0.123934   0.566226    -734.851 0   0.223548   0.174204   0.064326   0.037474   0.044774   -19.1584   -20.9939   -21.7434   -22.1116   -22.4285     1.8355     2.5850     0.3682
236.110347  36.119973  19.8794  18.0593  17.1561  16.7599  16.4411    0.06760000   0.00018221  20278.981    54.625184   0.125126   0.571674     687.244 0   0.349166   0.273549   0.104238   0.067232   0.057873   -17.8115   -19.5560   -20.2899   -20.6491   -20.9586     1.7445     2.4784     0.3592
236.361960  36.155037  19.2140  17.4428  16.6203  16.2579  15.9793    0.06890000   0.00016775  20653.662    50.290185   0.126957   0.580039    1061.925 0   0.205829   0.153092   0.064407   0.031322   0.037921   -18.3572   -20.0757   -20.8095   -21.1388   -21.4240     1.7185     2.4523     0.3293
236.117792  35.985916  19.8923  18.4213  17.8142  17.5612  17.3432    0.06950000   0.00016969  20845.979    50.871782   0.133546   0.610140    1254.242 0   0.025824   0.010415   0.005473   0.003549  -0.002890   -17.5391   -18.9947   -19.5968   -19.8479   -20.0595     1.4556     2.0577     0.2511
236.091885  36.105321  19.1115  17.2885  16.3754  15.9739  15.6511    0.06390000   0.00016218  19144.057    48.620341   0.133722   0.610947    -447.680 0   0.342673   0.266229   0.099375   0.065186   0.058756   -18.4323   -20.1789   -20.9251   -21.2924   -21.6088     1.7466     2.4928     0.3673
236.247061  35.929934  20.0927  18.2103  17.3489  16.9704  16.6864    0.06480000   0.00016454  19435.275    49.327851   0.136087   0.621750    -156.462 0   0.259241   0.196947   0.079009   0.042534   0.045995   -17.3982   -19.2183   -19.9617   -20.3038   -20.5912     1.8201     2.5636     0.3420
236.099991  36.135241  20.6022  18.4407  17.4388  17.1629  16.9455    0.06280000   0.00014821  18833.322    44.432240   0.139634   0.637958    -758.415 0   0.317784   0.246146   0.093532   0.058407   0.055251   -16.8966   -18.9864   -19.8357   -20.0765   -20.2907     2.0899     2.9391     0.2408
236.073989  36.047853  18.5533  17.5918  17.2028  16.8938  16.7915    0.07780000   0.00008215  23314.800    24.627950   0.143429   0.655296    3723.063 1   0.144479   0.100913   0.097729  -0.086747  -0.056193   -19.2397   -20.1576   -20.5435   -20.6680   -20.8008     0.9179     1.3038     0.1245
236.219416  36.215575  18.3563  16.5028  15.6571  15.2844  14.9917    0.06670000   0.00015971  19996.397    47.879853   0.151604   0.692644     404.660 0   0.238784   0.180836   0.072155   0.038239   0.043952   -19.1737   -20.9693   -21.7063   -22.0451   -22.3435     1.7956     2.5326     0.3388
236.421305  36.137426  18.0495  17.0814  16.7689  16.5072  16.4278    0.06140000   0.00008071  18412.293    24.196249   0.155809   0.711854   -1179.443 0   0.156045   0.026020   0.080530  -0.053275  -0.022543   -19.2207   -20.0588   -20.4258   -20.5537   -20.6638     0.8381     1.2051     0.1279
236.325998  36.213644  19.5952  17.7608  16.8874  16.4944  16.2019    0.06750000   0.00016840  20243.006    50.485050   0.159915   0.730615     651.269 0   0.293720   0.226241   0.088164   0.051674   0.051275   -18.0404   -19.8074   -20.5427   -20.8992   -21.1913     1.7669     2.5022     0.3565
236.056075  36.111182  18.6414  16.8375  15.9571  15.5722  15.2689    0.06580000   0.00016353  19714.562    49.025061   0.163139   0.745345     122.825 0   0.299592   0.231884   0.092166   0.053067   0.050517   -18.9445   -20.6807   -21.4214   -21.7672   -22.0679     1.7362     2.4769     0.3458
236.401350  35.955989  19.4422  17.6048  16.6638  16.2507  15.9234    0.07870000   0.00015779  23589.110    47.304252   0.164529   0.751697    3997.373 1   0.399526   0.313879   0.116923   0.080335   0.063674   -18.6339   -20.3856   -21.1297   -21.5062   -21.8168     1.7518     2.4958     0.3765
236.093711  36.178286  19.1521  17.4302  16.5528  16.1716  15.8906    0.06760000   0.00014974  20271.127    44.890923   0.169022   0.772224     679.390 0   0.322059   0.253606   0.102871   0.059640   0.050506   -18.5117   -20.1652   -20.8919   -21.2298   -21.5017     1.6534     2.3801     0.3380
236.032413  36.017156  20.0577  18.3277  17.4828  17.0174  16.7205    0.06900000   0.00016277  20692.875    48.797218   0.182540   0.833984    1101.138 0   0.429083   0.373866   0.155235   0.085310   0.051043   -17.7612   -19.4360   -20.0623   -20.4577   -20.7204     1.6748     2.3011     0.3955
236.382131  36.217623  18.6713  16.8510  15.9961  15.6073  15.3063    0.06140000   0.00016388  18400.302    49.129988   0.185465   0.847348   -1191.435 0   0.262590   0.200820   0.076922   0.044278   0.048635   -18.7054   -20.4640   -21.1950   -21.5511   -21.8565     1.7585     2.4895     0.3562
236.019683  36.125105  19.0779  17.1791  16.2443  15.8270  15.4871    0.06530000   0.00018521  19586.131    55.524561   0.195331   0.892422      -5.606 0   0.417833   0.328797   0.122271   0.084875   0.065290   -18.5883   -20.3981   -21.1264   -21.5063   -21.8266     1.8098     2.5380     0.3799
236.432740  36.196926  18.1372  16.2233  15.2874  14.8829  14.5548    0.07810000   0.00018292  23420.476    54.838036   0.197387   0.901816    3828.739 1   0.356389   0.274866   0.099496   0.068377   0.061955   -19.8790   -21.7114   -22.4720   -22.8453   -23.1670     1.8324     2.5929     0.3734
236.452947  35.954416  19.3696  17.5093  16.6046  16.1937  15.8626    0.06600000   0.00018061  19775.720    54.145516   0.198402   0.906452     183.983 0   0.344520   0.265279   0.095934   0.065303   0.060835   -18.2466   -20.0276   -20.7630   -21.1433   -21.4699     1.7811     2.5164     0.3803
236.199564  36.264618  20.0854  18.4017  17.5665  17.1988  16.9138    0.06950000   0.00017418  20847.538    52.217850   0.202759   0.926362    1255.801 0   0.253507   0.190584   0.081110   0.039641   0.041800   -17.5737   -19.1945   -19.9202   -20.2464   -20.5336     1.6208     2.3465     0.3262
235.999022  36.086818  19.8996  18.2209  17.3678  17.0061  16.6865    0.06560000   0.00016366  19671.182    49.064034   0.203941   0.931760      79.445 0   0.308732   0.243625   0.103873   0.055256   0.044420   -17.6888   -19.3024   -20.0157   -20.3288   -20.6376     1.6136     2.3269     0.3131
236.449918  35.928752  20.0981  18.5570  17.7138  17.3438  17.0354    0.06390000   0.00014542  19163.274    43.595819   0.212019   0.968667    -428.463 0   0.306939   0.244150   0.107858   0.054332   0.039411   -17.4100   -18.8883   -19.5952   -19.9117   -20.2052     1.4783     2.1852     0.3165
236.067520  35.897172  18.4982  16.6534  15.8075  15.4148  15.1296    0.06420000   0.00015595  19235.434    46.752634   0.224190   1.024271    -356.303 0   0.257338   0.195610   0.077849   0.042286   0.046205   -18.9882   -20.7713   -21.4995   -21.8566   -22.1457     1.7831     2.5112     0.3571
236.447679  36.254269  18.6919  17.0042  16.1969  15.8559  15.5760    0.06960000   0.00015108  20862.767    45.292645   0.246939   1.128208    1271.030 0   0.118393   0.090667   0.039168   0.022076   0.024942   -18.8319   -20.4919   -21.2477   -21.5716   -21.8544     1.6600     2.4158     0.3239
236.438175  35.865676  19.0748  17.1873  16.3076  15.8976  15.5728    0.06600000   0.00018446  19789.930    55.299717   0.251529   1.149178     198.193 0   0.292307   0.224342   0.080806   0.052097   0.054970   -18.4892   -20.3087   -21.0449   -21.4262   -21.7538     1.8195     2.5557     0.3813
236.463181  35.880783  19.1764  18.0195  17.5450  17.2764  17.1271    0.07040000   0.00015855  21114.443    47.532094   0.252983   1.155822    1522.706 0   0.123010   0.040143   0.054903   0.003273  -0.060185   -18.3802   -19.4543   -19.9435   -20.1605   -20.2463     1.0740     1.5633     0.2170
235.941207  36.107757  18.5944  16.8113  16.0228  15.6668  15.3841    0.06850000   0.00015409  20543.728    46.195020   0.253078   1.156256     951.991 0   0.118132   0.091357   0.039035   0.022268   0.025140   -18.8765   -20.6328   -21.3690   -21.7082   -21.9938     1.7563     2.4925     0.3392
236.042099  36.258574  19.8657  18.2989  17.4417  17.0346  16.6779    0.06850000   0.00015657  20550.653    46.938505   0.255591   1.167738     958.916 0   0.384236   0.322199   0.135612   0.075964   0.048014   -17.8713   -19.3760   -20.0466   -20.3941   -20.7228     1.5048     2.1754     0.3475
235.949786  35.964848  18.3241  17.2678  16.8389  16.5134  16.4043    0.06820000   0.00008081  20446.565    24.226229   0.262912   1.201187     854.828 0   0.164989   0.099850   0.096549  -0.056805  -0.080417   -19.1840   -20.1752   -20.6008   -20.7729   -20.8584     0.9912     1.4168     0.1721
236.472751  35.867583  19.1785  17.2768  16.3839  15.9873  15.6829    0.06980000   0.00017594  20937.625    52.745485   0.267937   1.224143    1345.888 0   0.282171   0.216766   0.078049   0.049683   0.053669   -18.4974   -20.3337   -21.0878   -21.4561   -21.7645     1.8363     2.5905     0.3682
236.218490  36.333888  18.8569  17.3891  16.6117  16.2332  15.9249    0.06650000   0.00015602  19944.203    46.773619   0.269096   1.229440     352.466 0   0.302338   0.250135   0.120135   0.049383   0.018502   -18.7335   -20.1491   -20.7965   -21.1043   -21.3817     1.4156     2.0630     0.3077
236.363394  35.811270  19.5606  17.6699  16.7958  16.4147  16.1366    0.06630000   0.00015678  19885.324    47.001462   0.270719   1.236855     293.587 0   0.269151   0.205860   0.079218   0.045702   0.049225   -18.0114   -19.8388   -20.5862   -20.9338   -21.2154     1.8274     2.5749     0.3476
235.984604  35.897812  19.2663  17.4608  16.6492  16.2623  16.0262    0.06650000   0.00014883  19941.385    44.618112   0.272600   1.245445     349.648 0   0.228337   0.167316   0.074308   0.033135   0.037108   -18.2501   -19.9946   -20.7132   -21.0589   -21.2990     1.7445     2.4631     0.3457
236.590079  35.966523  18.8689  17.6343  17.0296  16.6439  16.4686    0.07830000   0.00008878  23478.096    26.615574   0.292344   1.335654    3886.360 1   0.215586   0.209106   0.119145   0.010873  -0.080738   -18.9880   -20.2161   -20.7308   -21.0083   -21.0920     1.2281     1.7429     0.2774
236.621892  35.936266  19.7969  17.8973  16.9859  16.5836  16.2656    0.06430000   0.00015441  19263.914    46.290953   0.327415   1.495883    -327.823 0   0.344765   0.265880   0.096646   0.065433   0.060569   -17.7839   -19.6046   -20.3468   -20.7179   -21.0310     1.8207     2.5629     0.3711
236.610568  35.901087  19.8786  18.2434  17.4030  17.0190  16.7573    0.06790000   0.00016624  20350.302    49.837498   0.334882   1.530000     758.565 0   0.298801   0.234057   0.100752   0.051957   0.042985   -17.7750   -19.3455   -20.0526   -20.3878   -20.6405     1.5705     2.2776     0.3352
236.648886  36.163540  18.1690  17.1920  16.7466  16.4457  16.2624    0.06380000   0.00008107  19115.517    24.304175   0.336865   1.539061    -476.220 0   0.159960   0.113272   0.099647  -0.057462  -0.082163   -19.1851   -20.1155   -20.5472   -20.6910   -20.8496     0.9303     1.3621     0.1438
236.018349  36.347511  18.9564  17.1326  16.2822  15.8871  15.5701    0.06640000   0.00016206  19898.754    48.584366   0.338100   1.544703     307.017 0   0.225179   0.173759   0.065785   0.037088   0.044202   -18.5536   -20.3260   -21.0684   -21.4348   -21.7589     1.7724     2.5148     0.3664
236.553114  36.306320  20.1763  18.5398  17.7295  17.4058  17.1754    0.06610000   0.00018997  19819.969    56.951573   0.343203   1.568015     228.232 0   0.100785   0.075224   0.033155   0.019168   0.021002   -17.2207   -18.8317   -19.5999   -19.9096   -20.1418     1.6109     2.3792     0.3097
235.893825  35.877684  18.3526  17.0252  16.3678  16.0134  15.8113    0.06920000   0.00007979  20737.903    23.920440   0.344028   1.571786    1146.167 0   0.199289   0.127204   0.080221   0.014203  -0.014173   -19.2428   -20.4981   -21.1086   -21.3969   -21.5707     1.2553     1.8657     0.2884
236.311651  36.406642  20.3354  18.4930  17.6533  17.2820  16.9634    0.06450000   0.00016526  19340.751    49.543702   0.344268   1.572882    -250.986 0   0.140760   0.119740   0.044134   0.027974   0.032279   -17.0482   -18.8696   -19.6336   -19.9888   -20.3117     1.8214     2.5855     0.3551
235.994546  36.352677  18.9900  17.6371  17.0504  16.6914  16.4615    0.07670000   0.00009127  22998.848    27.362058   0.353303   1.614161    3407.111 1   0.195607   0.126452   0.087291   0.004146  -0.055609   -18.8048   -20.0886   -20.6361   -20.9120   -21.0821     1.2837     1.8313     0.2759
236.327186  35.705584  19.8111  18.2334  17.4711  17.1136  16.8397    0.06860000   0.00016044  20564.893    48.098702   0.365776   1.671149     973.156 0   0.118727   0.084353   0.039678   0.020420   0.022883   -17.6602   -19.2035   -19.9212   -20.2594   -20.5358     1.5433     2.2610     0.3382
236.046673  35.737753  20.4791  18.4464  17.5686  17.1854  16.9285    0.07810000   0.00014137  23399.881    42.381660   0.367096   1.677176    3808.144 1   0.266494   0.204042   0.077566   0.045315   0.049450   -17.4473   -19.4175   -20.1688   -20.5198   -20.7808     1.9702     2.7216     0.3509
236.584472  36.317391  20.1893  18.4442  17.6303  17.2538  16.9974    0.06710000   0.00016085  20129.595    48.221617   0.369183   1.686711     537.858 0   0.238089   0.177168   0.075657   0.036179   0.040353   -17.3565   -19.0407   -19.7530   -20.0901   -20.3506     1.6842     2.3966     0.3370
236.309572  35.697832  17.9994  16.0354  15.1645  14.7561  14.4695    0.06930000   0.00016744  20772.230    50.197249   0.371304   1.696401    1180.493 0   0.265250   0.203933   0.074846   0.045566   0.050705   -19.6651   -21.5678   -22.3096   -22.6887   -22.9805     1.9027     2.6445     0.3791
236.201938  36.445641  19.7583  18.2294  17.4582  17.1489  16.8346    0.06490000   0.00017591  19462.856    52.736491   0.381624   1.743551    -128.881 0   0.061601   0.043523   0.018523   0.012039   0.012382   -17.5383   -19.0491   -19.7953   -20.0981   -20.4128     1.5108     2.2570     0.3028
236.146353  36.440747  18.9647  17.0866  16.1797  15.7777  15.4276    0.06680000   0.00017080  20018.402    51.204552   0.383999   1.754402     426.665 0   0.336830   0.259035   0.093564   0.063298   0.060114   -18.6913   -20.4916   -21.2331   -21.6048   -21.9517     1.8003     2.5417     0.3717
236.349413  36.446943  18.5376  17.0248  16.2328  15.8782  15.5828    0.07710000   0.00014298  23125.750    42.864326   0.389327   1.778747    3534.013 1   0.292648   0.234687   0.111582   0.047954   0.025207   -19.3656   -20.8204   -21.4893   -21.7803   -22.0530     1.4548     2.1237     0.2910
235.945808  36.373639  19.8673  18.2737  17.5166  17.1760  16.9419    0.06500000   0.00012486  19496.823    37.432086   0.393833   1.799331     -94.914 0   0.112444   0.077822   0.037444   0.019146   0.021059   -17.5048   -19.0638   -19.7805   -20.1028   -20.3388     1.5590     2.2757     0.3223
236.561167  35.739919  18.8650  17.6282  17.0142  16.6644  16.4570    0.06870000   0.00010110  20591.845    30.309018   0.411820   1.881510    1000.108 0   0.211175   0.169537   0.105170   0.009858  -0.071122   -18.7052   -19.9004   -20.4500   -20.7045   -20.8309     1.1952     1.7448     0.2545
235.805474  36.275041  18.2892  16.4912  15.6438  15.2695  14.9932    0.06510000   0.00015034  19505.487    45.070798   0.415710   1.899285     -86.250 0   0.264973   0.201320   0.082801   0.043284   0.045078   -19.2175   -20.9518   -21.6807   -22.0155   -22.2936     1.7343     2.4632     0.3348
236.141188  36.477393  18.4093  16.5863  15.7055  15.3088  14.9683    0.06690000   0.00016693  20068.947    50.044355   0.420690   1.922038     477.210 0   0.313982   0.242215   0.090338   0.057453   0.055922   -19.2059   -20.9571   -21.6860   -22.0498   -22.3888     1.7512     2.4802     0.3638
236.638851  35.784724  18.3106  16.4454  15.5902  15.2083  14.9149    0.06540000   0.00016790  19616.590    50.335154   0.421800   1.927109      24.853 0   0.248426   0.188946   0.074082   0.040566   0.045883   -19.2108   -21.0166   -21.7569   -22.1053   -22.4040     1.8057     2.5461     0.3484
236.422832  35.660888  19.6360  18.1188  17.5928  17.3451  17.2265    0.05510000   0.00018599  16505.314    55.758399   0.428525   1.957832   -3086.423 1   0.044853   0.015178   0.011469   0.006202  -0.016482   -17.2870   -18.7745   -19.2968   -19.5392   -19.6351     1.4875     2.0098     0.2424
235.866400  36.370778  18.2432  16.3540  15.4514  15.0206  14.7079    0.06390000   0.00016658  19158.537    49.939428   0.434785   1.986435    -433.200 0   0.355292   0.275269   0.101040   0.068329   0.061014   -19.3132   -21.1224   -21.8508   -22.2489   -22.5543     1.8092     2.5375     0.3981
235.789416  36.296127  19.9540  18.2639  17.4653  17.1320  16.8739    0.06590000   0.00016289  19751.646    48.833193   0.437689   1.999700     159.909 0   0.098593   0.073857   0.032377   0.018917   0.020651   -17.4342   -19.0996   -19.8567   -20.1765   -20.4364     1.6654     2.4225     0.3198
235.798991  35.815163  18.9379  17.9786  17.6514  17.4469  17.2950    0.06490000   0.00007687  19441.871    23.045046   0.442526   2.021802    -149.866 0   0.108922   0.013519   0.053549  -0.020235  -0.010750   -18.4060   -19.2699   -19.6372   -19.7679   -19.9293     0.8639     1.2311     0.1307
236.807177  36.161382  20.3133  18.4070  17.6179  17.2882  17.0321    0.06820000   0.00015316  20430.886    45.916213   0.460377   2.103358     839.149 0   0.090642   0.071584   0.029799   0.018694   0.020041   -17.1205   -19.0077   -19.7550   -20.0736   -20.3311     1.8872     2.6346     0.3186
236.680406  36.370686  18.9034  17.0425  16.0985  15.5944  15.1776    0.07030000   0.00015682  21061.919    47.013453   0.462469   2.112918    1470.182 0   0.567167   0.467720   0.175794   0.108758   0.077130   -19.0730   -20.8345   -21.4866   -21.9236   -22.3088     1.7615     2.4135     0.4371
236.363970  36.529536  18.7151  16.9547  16.0806  15.6561  15.2864    0.06450000   0.00015132  19331.787    45.364595   0.472602   2.159210    -259.950 0   0.374823   0.303927   0.122593   0.074730   0.054180   -18.9025   -20.5920   -21.2848   -21.6614   -22.0106     1.6895     2.3823     0.3766
236.019098  36.502639  19.9337  17.9471  17.0261  16.6002  16.2584    0.07620000   0.00016362  22846.314    49.052042   0.474859   2.169523    3254.577 1   0.389729   0.302280   0.110012   0.077072   0.064585   -18.0410   -19.9401   -20.6689   -21.0618   -21.3911     1.8992     2.6279     0.3930
235.810089  36.410903  19.6579  17.8490  16.9815  16.5788  16.2746    0.06530000   0.00017094  19580.255    51.246523   0.495387   2.263308     -11.482 0   0.297986   0.229737   0.088656   0.052944   0.052296   -17.8885   -19.6291   -20.3556   -20.7225   -21.0261     1.7407     2.4671     0.3670
235.710059  36.316696  18.8316  17.0918  16.2685  15.9116  15.6752    0.06480000   0.00015589  19415.699    46.734646   0.503331   2.299606    -176.038 0   0.237834   0.175180   0.078496   0.034681   0.036965   -18.6379   -20.3150   -21.0416   -21.3547   -21.5934     1.6771     2.4038     0.3131
235.670943  35.869136  19.7721  18.0407  17.2433  16.8800  16.5956    0.06680000   0.00016209  20023.078    48.593360   0.507788   2.319969     431.341 0   0.119814   0.095029   0.039441   0.023098   0.026101   -17.6669   -19.3735   -20.1153   -20.4623   -20.7497     1.7066     2.4484     0.3470
236.241453  35.554518  18.2515  16.7287  16.1185  15.7711  15.5324    0.06990000   0.00010087  20949.167    30.240065   0.511528   2.337056    1357.430 0   0.149547   0.080395   0.057828   0.015125  -0.004846   -19.2949   -20.7485   -21.3362   -21.6409   -21.8596     1.4536     2.0413     0.3047
236.184266  35.553767  19.5764  18.2346  17.6865  17.3669  17.2160    0.05460000   0.00010236  16382.639    30.686756   0.514981   2.352833   -3209.098 1   0.129646   0.055965   0.053711   0.011102  -0.039970   -17.4115   -18.6796   -19.2254   -19.5024   -19.6023     1.2681     1.8140     0.2770
235.964589  36.526887  16.5163  15.8299  15.3363  14.9405  14.7855    0.06720000   0.00110539  20156.636   331.387585   0.515406   2.354773     564.899 0   0.061921   0.264839   0.120402  -0.056529  -0.074830   -20.8532   -21.7425   -22.0917   -22.3105   -22.4472     0.8893     1.2385     0.2189
235.689443  35.818852  18.9884  17.7693  17.2190  16.8585  16.6737    0.07760000   0.00010312  23257.479    30.914598   0.516139   2.358122    3665.742 1   0.188387   0.120978   0.089925  -0.005971  -0.083675   -18.8246   -19.9763   -20.4956   -20.7602   -20.8673     1.1517     1.6709     0.2646
236.033672  36.556773  17.9187  16.1850  15.3621  14.9999  14.6943    0.06850000   0.00016167  20536.893    48.467447   0.520996   2.380311     945.156 0   0.157935   0.123221   0.050071   0.027575   0.032827   -19.5920   -21.2909   -22.0407   -22.3804   -22.6912     1.6990     2.4487     0.3397
236.200360  35.540228  18.1121  16.2270  15.3635  14.9701  14.6662    0.05470000   0.00016670  16400.356    49.975403   0.527301   2.409119   -3191.381 1   0.238897   0.184664   0.068299   0.040003   0.046858   -18.9849   -20.8158   -21.5629   -21.9280   -22.2387     1.8309     2.5780     0.3651
236.223945  35.528806  17.5721  15.6814  14.8404  14.4342  14.1202    0.05580000   0.00018652  16721.224    55.917289   0.537607   2.456204   -2870.513 1   0.214339   0.168906   0.061523   0.036368   0.043873   -19.5479   -21.3931   -22.1267   -22.5078   -22.8293     1.8453     2.5789     0.3810
235.813602  36.473101  19.6734  17.9268  17.1390  16.7943  16.4893    0.06530000   0.00016633  19573.989    49.864480   0.538673   2.461076     -17.748 0   0.085098   0.071252   0.028274   0.018851   0.019796   -17.6601   -19.3929   -20.1377   -20.4730   -20.7789     1.7328     2.4776     0.3353
236.698706  35.664239  19.6897  18.1834  17.5513  17.2194  17.0692    0.07730000   0.00018001  23165.083    53.965640   0.541265   2.472917    3573.346 1   0.102083   0.050833   0.034629   0.013392   0.000294   -18.0468   -19.5019   -20.1178   -20.4285   -20.5656     1.4550     2.0709     0.3107
236.503502  36.567420  19.4490  17.5495  16.6473  16.2682  15.9527    0.07680000   0.00015650  23011.110    46.917520   0.541675   2.474791    3419.373 1   0.301148   0.231482   0.085463   0.054151   0.054993   -18.4512   -20.2811   -21.0372   -21.3850   -21.7014     1.8298     2.5860     0.3478
235.995653  36.567265  19.2477  17.9327  17.2912  16.9531  16.7421    0.06840000   0.00009298  20519.595    27.874703   0.541791   2.475321     927.858 0   0.157466   0.084880   0.061636   0.014179  -0.010316   -18.2806   -19.5230   -20.1412   -20.4319   -20.6184     1.2424     1.8607     0.2906
235.965936  36.560443  19.7963  17.9525  17.0704  16.6937  16.3761    0.06740000   0.00015321  20195.069    45.931202   0.545160   2.490712     603.332 0   0.298188   0.229874   0.088568   0.053014   0.052411   -17.8193   -19.5948   -20.3356   -20.6767   -20.9937     1.7755     2.5163     0.3411
235.786667  36.463444  19.6244  17.8793  17.0471  16.6962  16.4355    0.06520000   0.00012800  19557.111    38.373435   0.546109   2.495048     -34.626 0   0.237937   0.176273   0.076801   0.035577   0.039041   -17.8551   -19.5386   -20.2713   -20.5810   -20.8451     1.6834     2.4162     0.3097
236.012637  36.597297  18.1225  16.3372  15.5136  15.1579  14.8421    0.06870000   0.00016537  20594.453    49.576679   0.564881   2.580814    1002.716 0   0.129807   0.107001   0.041910   0.025463   0.029077   -19.3664   -21.1289   -21.8874   -22.2266   -22.5460     1.7625     2.5210     0.3393
235.548531  36.088634  17.9800  16.9189  16.4710  16.1547  15.9935    0.07630000   0.00007867  22860.524    23.584673   0.567477   2.592672    3268.787 1   0.169751   0.102998   0.095684  -0.045128  -0.089928   -19.7988   -20.7931   -21.2337   -21.4092   -21.5256     0.9943     1.4349     0.1755
235.540813  36.111933  19.3893  17.6909  17.0368  16.7001  16.5049    0.07620000   0.00013931  22841.217    41.764087   0.575101   2.627506    3249.480 1   0.105692   0.056550   0.035698   0.014364   0.007182   -18.3014   -19.9506   -20.5839   -20.8992   -21.0872     1.6493     2.2825     0.3154
235.611158  36.331588  19.4013  18.1141  17.6643  17.3773  17.2461    0.06810000   0.00007661  20415.896    22.967100   0.580695   2.653064     824.159 0   0.142859   0.046637   0.066379  -0.006317  -0.069996   -18.0782   -19.2691   -19.7387   -19.9530   -20.0205     1.1910     1.6605     0.2143
235.567196  35.879646  17.5562  16.3239  15.8042  15.4858  15.3129    0.05860000   0.00018206  17582.078    54.580215   0.582548   2.661531   -2009.659 1   0.163680   0.073600   0.072018  -0.003987  -0.075236   -19.6160   -20.7582   -21.2763   -21.5187   -21.6204     1.1422     1.6603     0.2424
235.710323  36.468030  19.8315  18.3279  17.5284  17.1408  16.9066    0.07720000   0.00014642  23137.652    43.895612   0.593241   2.710382    3545.915 1   0.277541   0.215309   0.100629   0.043624   0.031227   -18.0806   -19.5220   -20.2068   -20.5374   -20.7592     1.4414     2.1262     0.3306
236.481365  35.496590  17.3347  15.9758  15.3563  14.9883  14.8004    0.06850000   0.00018124  20532.426    54.334385   0.599337   2.738233     940.689 0   0.195506   0.123180   0.082831   0.008970  -0.036166   -20.2135   -21.5001   -22.0793   -22.3734   -22.5162     1.2866     1.8657     0.2941
236.997511  36.114667  18.5583  17.4126  17.0511  16.8404  16.7786    0.06610000   0.00007502  19813.583    22.490430   0.606199   2.769587     221.846 0   0.111635   0.018268   0.053897  -0.014967  -0.024468   -18.8496   -19.9019   -20.2990   -20.4409   -20.4932     1.0523     1.4495     0.1418
235.491875  36.118047  19.7288  18.2827  17.5444  17.1271  16.8573    0.06830000   0.00010177  20481.581    30.509878   0.615029   2.809925     889.844 0   0.306966   0.265580   0.128565   0.049070   0.007760   -17.9458   -19.3505   -19.9518   -20.2896   -20.5181     1.4047     2.0060     0.3378
235.953115  35.492172  18.4262  17.2760  16.8509  16.5787  16.4589    0.07760000   0.00017603  23272.229    52.772466   0.621989   2.841728    3680.492 1   0.138058   0.038495   0.066045  -0.010959  -0.061811   -19.3365   -20.3871   -20.8398   -21.0350   -21.1039     1.0506     1.5033     0.1952
236.780658  35.613542  19.5141  18.0437  17.2964  16.9028  16.6434    0.07680000   0.00015423  23014.737    46.236991   0.623472   2.848503    3423.000 1   0.288968   0.237234   0.117090   0.044630   0.011993   -18.3739   -19.7926   -20.4198   -20.7409   -20.9677     1.4187     2.0458     0.3211
235.870230  36.612699  19.5648  17.7519  16.9244  16.5432  16.2401    0.06730000   0.00015304  20167.578    45.880238   0.626992   2.864582     575.841 0   0.154052   0.124377   0.048231   0.028234   0.033315   -17.9034   -19.6867   -20.4380   -20.7992   -21.1074     1.7832     2.5346     0.3612
236.934897  36.362954  17.8947  16.9641  16.4804  16.1241  15.9810    0.06910000   0.00007574  20706.635    22.706281   0.628241   2.870291    1114.898 0   0.131538   0.181313   0.111887  -0.051238  -0.086352   -19.6265   -20.6069   -21.0212   -21.2144   -21.3223     0.9804     1.3946     0.1932
235.506200  35.869964  18.7299  16.6924  15.7556  15.3098  14.9730    0.06690000   0.00020077  20054.946    60.189332   0.632395   2.889267     463.209 0   0.452305   0.355813   0.131651   0.092728   0.068516   -19.0236   -20.9646   -21.6772   -22.0841   -22.3967     1.9410     2.6536     0.4069
235.774232  35.563519  18.4049  16.9955  16.4552  16.1610  15.9902    0.06530000   0.00017347  19587.060    52.004998   0.632765   2.890957      -4.677 0   0.098643   0.040054   0.035849   0.011938  -0.027316   -18.9421   -20.2930   -20.8290   -21.0993   -21.2309     1.3508     1.8869     0.2703
236.621470  36.644166  19.3211  17.4378  16.5567  16.2297  15.8035    0.07260000   0.00015671  21778.273    46.980476   0.651491   2.976512    2186.536 1   0.297318   0.228196   0.082369   0.053332   0.055514   -18.4557   -20.2698   -21.0051   -21.3031   -21.7315     1.8142     2.5495     0.2980
235.516646  36.353967  18.8287  17.0488  16.2166  15.8169  15.5115    0.06820000   0.00017093  20452.051    51.243525   0.659042   3.011011     860.314 0   0.205661   0.159826   0.060998   0.033998   0.041268   -18.7201   -20.4542   -21.1875   -21.5602   -21.8729     1.7341     2.4674     0.3727
236.860040  35.613812  20.3958  18.0934  16.9847  16.4544  16.0237    0.07730000   0.00021244  23173.387    63.687910   0.669060   3.056780    3581.650 1   0.793794   0.632846   0.218080   0.129582   0.105323   -18.0325   -20.1739   -20.8678   -21.3096   -21.7161     2.1415     2.8354     0.4418
236.623322  35.462411  19.4745  17.4596  16.5164  16.0224  15.6340    0.06970000   0.00017492  20902.849    52.439697   0.674823   3.083112    1311.112 0   0.544410   0.450748   0.171182   0.106380   0.074045   -18.4605   -20.3817   -21.0454   -21.4746   -21.8306     1.9212     2.5849     0.4292
235.507407  35.747568  18.0439  16.8520  16.3706  16.0680  15.9445    0.06870000   0.00009017  20583.540    27.032286   0.679499   3.104478     991.803 0   0.163650   0.066702   0.074227  -0.013561  -0.082841   -19.4788   -20.5738   -21.0627   -21.2775   -21.3317     1.0950     1.5839     0.2148
236.880372  35.615894  19.5848  18.4339  17.8122  17.5175  17.3295    0.06620000   0.00008899  19860.861    26.678531   0.679883   3.106232     269.124 0   0.008085   0.003584   0.001623   0.001105   0.000041   -17.7194   -18.8658   -19.4855   -19.7797   -19.9666     1.1464     1.7661     0.2942
237.097715  36.098307  17.8875  16.6866  16.0068  15.5948  15.3439    0.06500000   0.00113250  19492.566   339.514959   0.686003   3.134191     -99.171 0   0.261935   0.294964   0.144709   0.035341  -0.049562   -19.6341   -20.8680   -21.3975   -21.7002   -21.8662     1.2339     1.7635     0.3026
236.171800  36.751693  19.1611  17.1802  16.2766  15.8883  15.5607    0.07550000   0.00016310  22628.575    48.896150   0.688601   3.146060    3036.838 1   0.302163   0.231862   0.083476   0.054540   0.056228   -18.7059   -20.6165   -21.3717   -21.7311   -22.0604     1.9106     2.6658     0.3594
236.921572  35.639862  18.2740  16.4682  15.6218  15.2565  14.9667    0.06620000   0.00016033  19857.053    48.065725   0.690136   3.153075     265.316 0   0.245250   0.184695   0.075805   0.038807   0.043298   -19.2673   -21.0126   -21.7501   -22.0784   -22.3727     1.7452     2.4828     0.3283
236.190425  35.365231  18.8365  16.8756  16.0547  15.6619  15.3860    0.06860000   0.00015105  20567.052    45.283651   0.702422   3.209206     975.315 0   0.195360   0.151652   0.058900   0.032369   0.039326   -18.7114   -20.6286   -21.3568   -21.7230   -22.0059     1.9172     2.6453     0.3663
235.444276  36.347778  19.6303  18.0391  17.3189  16.8484  16.5322    0.06760000   0.00020433  20270.047    61.256593   0.709640   3.242184     678.310 0   0.335352   0.291515   0.134846   0.058509   0.021546   -18.0468   -19.5942   -20.1577   -20.5519   -20.8311     1.5474     2.1109     0.3942
236.214537  36.780180  18.8226  16.9370  16.0300  15.6448  15.3373    0.07660000   0.00018659  22964.432    55.938275   0.714755   3.265554    3372.695 1   0.315045   0.242178   0.088211   0.057749   0.057255   -19.0888   -20.9016   -21.6546   -22.0093   -22.3163     1.8127     2.5658     0.3547
236.379408  36.774170  19.7908  18.0867  17.2672  16.8918  16.6201    0.07440000   0.00015542  22310.914    46.593744   0.715854   3.270574    2719.178 1   0.256048   0.192701   0.082594   0.040013   0.041457   -18.0162   -19.6570   -20.3664   -20.6992   -20.9724     1.6408     2.3501     0.3328
236.157914  35.349539  18.3413  17.1411  16.6342  16.3022  16.1305    0.06450000   0.00008864  19330.708    26.573603   0.720317   3.290964    -261.029 0   0.180549   0.105668   0.088019  -0.017102  -0.094960   -19.0821   -20.2074   -20.6966   -20.9235   -21.0174     1.1253     1.6146     0.2269
236.434536  36.782395  19.7843  18.4624  17.7729  17.3904  17.1668    0.06850000   0.00009708  20538.332    29.103852   0.731760   3.343245     946.595 0   0.262487   0.231097   0.121669   0.032621  -0.027988   -17.8309   -19.1214   -19.7015   -19.9949   -20.1579     1.2905     1.8706     0.2935
236.301385  36.805287  18.7005  16.7325  15.8402  15.4641  15.1507    0.07630000   0.00016627  22875.843    49.846492   0.740453   3.382963    3284.106 1   0.292711   0.224759   0.082140   0.052119   0.054417   -19.2013   -21.1013   -21.8510   -22.1971   -22.5128     1.9000     2.6497     0.3461
237.166862  35.960016  20.2423  18.4579  17.6026  17.2651  16.9176    0.06690000   0.00015002  20053.417    44.974865   0.748675   3.420527     461.680 0   0.142379   0.120069   0.044647   0.027955   0.032354   -17.2013   -18.9633   -19.7432   -20.0640   -20.4159     1.7621     2.5420     0.3208
236.404870  36.812867  18.5083  17.0805  16.3279  15.9428  15.6542    0.07370000   0.00015310  22082.533    45.898225   0.757286   3.459867    2490.796 1   0.293299   0.249665   0.123692   0.044846   0.003283   -19.3185   -20.7026   -21.3293   -21.6355   -21.8826     1.3842     2.0108     0.3063
237.179501  35.967634  19.2253  18.0170  17.5559  17.2821  17.1265    0.06720000   0.00008393  20144.644    25.161581   0.757764   3.462049     552.907 0   0.134048   0.043821   0.061592  -0.001266  -0.065945   -18.2163   -19.3344   -19.8132   -20.0242   -20.1151     1.1181     1.5969     0.2109
235.716372  35.439680  18.5223  17.2978  16.7466  16.4133  16.2268    0.07720000   0.00016543  23133.065    49.594666   0.760488   3.474497    3541.328 1   0.175571   0.092282   0.077750  -0.003343  -0.073654   -19.2879   -20.4291   -20.9658   -21.2180   -21.3341     1.1412     1.6779     0.2522
