229.785017  45.052640  18.3186  16.6821  15.8886  15.4938  15.2191    0.06270000   0.00015057  18783.377    45.139750   0.009987   0.044461    -274.730 0   0.253089   0.189366   0.084269   0.038164   0.038146   -19.1156   -20.6884   -21.3768   -21.7255   -22.0002     1.5728     2.2612     0.3487
229.753850  45.055397  19.1264  17.4167  16.5172  16.0550  15.7240    0.06540000   0.00014148  19614.701    42.414637   0.012209   0.054355     556.595 0   0.462327   0.401327   0.162210   0.092300   0.058255   -18.6089   -20.2576   -20.9180   -21.3103   -21.6073     1.6487     2.3091     0.3923
229.754436  45.060358  18.6409  16.8871  16.0451  15.6418  15.3739    0.06210000   0.00016997  18602.991    50.955724   0.013468   0.059963    -455.115 0   0.285628   0.219558   0.088226   0.049020   0.048513   -18.7836   -20.4713   -21.1820   -21.5461   -21.8135     1.6877     2.3984     0.3641
229.771837  45.071135  19.3129  17.4488  16.5939  16.2047  15.8867    0.06470000   0.00016678  19408.804    49.999386   0.017520   0.077999     350.697 0   0.214832   0.167387   0.062666   0.035787   0.043129   -18.1267   -19.9434   -20.6935   -21.0559   -21.3812     1.8167     2.5668     0.3623
229.774391  45.032189  17.7549  15.8601  14.9929  14.5903  14.2838    0.06450000   0.00016484  19338.832    49.417789   0.021575   0.096055     280.726 0   0.262817   0.201949   0.074587   0.044916   0.050146   -19.7507   -21.5847   -22.3245   -22.6974   -23.0092     1.8339     2.5738     0.3729
229.799166  45.078709  19.9955  18.4586  17.6986  17.3340  17.0888    0.06220000   0.00015057  18633.480    45.139750   0.032038   0.142636    -424.626 0   0.215418   0.150083   0.075715   0.026475   0.025902   -17.3586   -18.8302   -19.5158   -19.8312   -20.0758     1.4716     2.1572     0.3154
229.768141  45.090070  20.0968  18.2555  17.3675  16.8580  16.4876    0.06390000   0.00018756  19148.434    56.229073   0.036497   0.162486      90.327 0   0.501488   0.441124   0.174364   0.097733   0.064383   -17.6058   -19.3868   -20.0080   -20.4409   -20.7779     1.7809     2.4022     0.4329
229.780081  45.091524  19.4293  17.8955  17.1744  16.8106  16.6144    0.06230000   0.00015428  18665.138    46.251980   0.038442   0.171148    -392.968 0   0.200890   0.133150   0.072577   0.021782   0.018449   -17.9175   -19.3835   -20.0440   -20.3570   -20.5499     1.4661     2.1266     0.3130
229.804745  45.019655  19.7124  17.9251  17.1093  16.7301  16.4906    0.06580000   0.00018050  19715.791    54.112539   0.041522   0.184859     657.685 0   0.244156   0.182157   0.078322   0.037309   0.040385   -17.8181   -19.5434   -20.2553   -20.5935   -20.8361     1.7253     2.4373     0.3382
229.917183  45.061808  19.5274  17.6937  16.8563  16.4613  16.1225    0.06240000   0.00016273  18694.488    48.785227   0.103629   0.461365    -363.618 0   0.182418   0.147676   0.054060   0.032393   0.039047   -17.8007   -19.5997   -20.3435   -20.7168   -21.0623     1.7990     2.5427     0.3733
229.855854  45.152013  18.5250  16.5910  15.7009  15.2862  14.9719    0.06260000   0.00019394  18780.529    58.141749   0.115227   0.513001    -277.578 0   0.308914   0.237067   0.085579   0.056194   0.056952   -18.9403   -20.8024   -21.5410   -21.9263   -22.2414     1.8622     2.6008     0.3853
229.934091  45.024874  19.7175  18.2385  17.6111  17.2257  16.9528    0.06250000   0.00007474  18740.326    22.406488   0.118783   0.528831    -317.780 0   0.206513   0.136734   0.084075   0.015119  -0.014252   -17.6632   -19.0724   -19.6471   -19.9636   -20.2071     1.4092     1.9840     0.3164
229.800574  45.171001  19.4158  17.6236  16.8295  16.4725  16.1671    0.06260000   0.00016191  18755.646    48.539397   0.119225   0.530800    -302.461 0   0.075250   0.064914   0.025132   0.017554   0.017916   -17.8158   -19.5977   -20.3520   -20.7014   -21.0072     1.7819     2.5362     0.3494
229.739941  45.171921  19.4045  18.0605  17.3891  17.0344  16.8376    0.06470000   0.00016585  19391.206    49.720579   0.120305   0.535609     333.099 0   0.190790   0.117952   0.073465   0.015728  -0.001738   -18.0111   -19.2822   -19.9091   -20.2061   -20.3854     1.2712     1.8981     0.2970
229.970408  45.021140  18.6212  16.8505  15.9932  15.6066  15.2835    0.06370000   0.00016092  19105.833    48.242602   0.144603   0.643785      47.727 0   0.278437   0.213362   0.082525   0.047889   0.050046   -18.8516   -20.5572   -21.2836   -21.6356   -21.9609     1.7056     2.4321     0.3520
229.751444  45.215825  18.9959  17.9285  17.4288  17.0896  16.8741    0.06810000   0.00008470  20410.620    25.392421   0.162782   0.724721    1352.514 1   0.174930   0.144321   0.104285  -0.025498  -0.103346   -18.5156   -19.5524   -20.0121   -20.2215   -20.3592     1.0368     1.4965     0.2094
230.008891  45.068465  19.0689  17.2024  16.3301  15.9354  15.6123    0.06390000   0.00015909  19162.044    47.693982   0.168746   0.751270     103.938 0   0.268506   0.205868   0.077290   0.045989   0.050235   -18.4008   -20.2046   -20.9483   -21.3117   -21.6391     1.8039     2.5476     0.3634
230.031833  45.047135  18.3251  16.3997  15.5212  15.1147  14.7954    0.06370000   0.00016515  19102.386    49.510724   0.184414   0.821027      44.279 0   0.283100   0.217440   0.078327   0.049891   0.053775   -19.1523   -21.0121   -21.7514   -22.1295   -22.4527     1.8597     2.5991     0.3781
229.925633  45.229364  19.4792  17.5433  16.6886  16.2917  15.9964    0.06490000   0.00015240  19467.023    45.688371   0.206940   0.921316     408.917 0   0.206295   0.163150   0.059813   0.035140   0.042526   -17.9621   -19.8549   -20.6062   -20.9785   -21.2811     1.8928     2.6441     0.3722
229.888611  45.260892  19.4697  18.0756  17.3515  17.0088  16.7069    0.07620000   0.00017421  22832.823    52.226844   0.223311   0.994201    3774.717 1   0.078674   0.052611   0.024369   0.014087   0.014676   -18.1939   -19.5620   -20.2578   -20.5902   -20.8927     1.3680     2.0639     0.3324
229.580839  44.864224  20.0435  18.0431  17.1192  16.6985  16.3340    0.06360000   0.00016169  19071.147    48.473443   0.232187   1.033717      13.041 0   0.377924   0.293017   0.106837   0.074103   0.063454   -17.5466   -19.4621   -20.1998   -20.5878   -20.9416     1.9155     2.6532     0.3880
230.094212  44.993739  20.3860  18.5891  17.7647  17.3744  17.1439    0.06160000   0.00015554  18473.841    46.629719   0.236088   1.051086    -584.266 0   0.246733   0.185407   0.077265   0.038754   0.042585   -16.9820   -18.7175   -19.4338   -19.7856   -20.0199     1.7356     2.4518     0.3518
230.106258  45.027200  19.0424  17.2306  16.3719  15.9735  15.6590    0.06320000   0.00018749  18955.128    56.208088   0.238346   1.061136    -102.979 0   0.250901   0.192695   0.072156   0.042119   0.048052   -18.3856   -20.1392   -20.8774   -21.2458   -21.5662     1.7536     2.4918     0.3684
230.120783  44.970977  17.4619  15.5277  14.6275  14.2154  13.8908    0.06340000   0.00018617  19017.215    55.812362   0.260592   1.160176     -40.892 0   0.310043   0.237782   0.085312   0.056487   0.057355   -20.0535   -21.9154   -22.6631   -23.0464   -23.3719     1.8619     2.6097     0.3833
229.801650  44.780884  18.1619  16.6046  15.8338  15.3758  15.0503    0.06310000   0.00012185  18915.915    36.529711   0.273604   1.218109    -142.192 0   0.345170   0.296173   0.134251   0.062431   0.029169   -19.3782   -20.8865   -21.4954   -21.8816   -22.1738     1.5083     2.1172     0.3862
229.413787  45.195327  17.5922  15.8711  15.0178  14.6177  14.3295    0.06250000   0.00017316  18722.279    51.912062   0.289383   1.288356    -335.828 0   0.304569   0.237764   0.097960   0.054167   0.047930   -19.8865   -21.5408   -22.2543   -22.6106   -22.8926     1.6543     2.3678     0.3563
230.200869  45.061225  18.5967  17.2828  16.6348  16.2804  16.0269    0.06430000   0.00016915  19266.642    50.709894   0.303809   1.352583     208.536 0   0.222952   0.172136   0.102810   0.017958  -0.044271   -18.8623   -20.1254   -20.7041   -20.9736   -21.1649     1.2631     1.8418     0.2695
229.650865  45.348867  20.0333  18.1752  17.2932  16.8964  16.5814    0.06760000   0.00017313  20270.767    51.903068   0.307186   1.367619    1212.660 1   0.274569   0.211084   0.076587   0.047858   0.052372   -17.5830   -19.3777   -20.1252   -20.4932   -20.8128     1.7946     2.5421     0.3681
230.215862  45.091291  18.7607  17.8571  17.3402  17.0329  16.8598    0.06400000   0.00008440  19199.548    25.302483   0.316555   1.409328     141.442 0   0.111996   0.217023   0.118003  -0.039324  -0.083346   -18.5771   -19.5858   -20.0036   -20.1536   -20.2827     1.0086     1.4265     0.1500
229.319883  45.035376  18.1271  16.6602  15.9413  15.5646  15.2927    0.06550000   0.00015618  19642.941    46.821586   0.319176   1.420999     584.835 0   0.243618   0.180811   0.095308   0.028941   0.010722   -19.3716   -20.7757   -21.4091   -21.7194   -21.9731     1.4041     2.0375     0.3103
229.433920  44.775021  19.3960  17.6040  16.7245  16.3421  16.0287    0.06330000   0.00017410  18981.000    52.193867   0.366483   1.631611     -77.107 0   0.301153   0.232963   0.091563   0.053631   0.051440   -18.0822   -19.8060   -20.5441   -20.8885   -21.1997     1.7238     2.4619     0.3445
229.257689  44.969196  18.9148  17.8324  17.4374  17.2201  17.0610    0.06360000   0.00007521  19057.507    22.547391   0.372291   1.657471      -0.600 0   0.105519   0.020851   0.047893  -0.006727  -0.034263   -18.4029   -19.4006   -19.8227   -19.9854   -20.1169     0.9977     1.4198     0.1627
229.851782  44.674012  19.3352  17.8191  17.1020  16.7118  16.3918    0.05700000   0.00017563  17084.423    52.652549   0.383885   1.709091   -1973.684 1   0.002941   0.002618   0.000926   0.000786   0.000690   -17.6411   -19.1568   -19.8723   -20.2623   -20.5822     1.5158     2.2312     0.3901
230.212054  45.320890  18.1764  16.2783  15.3933  14.9937  14.6721    0.06320000   0.00017351  18945.894    52.016989   0.410529   1.827708    -112.212 0   0.283273   0.217609   0.078047   0.049973   0.053962   -19.2840   -21.1164   -21.8619   -22.2334   -22.5590     1.8324     2.5779     0.3715
230.224380  45.321358  18.0890  16.2291  15.3392  14.9135  14.6008    0.06420000   0.00017129  19243.978    51.351450   0.417477   1.858642     185.871 0   0.318074   0.244000   0.087590   0.058500   0.058290   -19.4582   -21.2440   -21.9775   -22.3741   -22.6866     1.7858     2.5193     0.3966
230.354067  44.885622  19.0108  17.8988  17.5349  17.2899  17.1445    0.06680000   0.00007750  20026.946    23.233915   0.444882   1.980654     968.839 1   0.136062   0.026402   0.069448  -0.025016  -0.036602   -18.4445   -19.4468   -19.8537   -20.0043   -20.1381     1.0023     1.4093     0.1505
229.596120  44.624834  19.2370  18.0273  17.6314  17.3317  17.2678    0.06290000   0.00008147  18863.841    24.424092   0.446226   1.986637    -194.266 0   0.168349   0.055966   0.080818  -0.042127  -0.070991   -18.1194   -19.2167   -19.6375   -19.8142   -19.8493     1.0973     1.5181     0.1768
230.444826  44.995632  18.7802  17.6439  17.0175  16.6413  16.4055    0.06730000   0.00009594  20167.009    28.762088   0.479576   2.135112    1108.902 1   0.213825   0.228824   0.125600   0.013015  -0.083817   -18.7478   -19.8991   -20.4223   -20.6859   -20.8249     1.1513     1.6745     0.2636
230.109779  44.633532  19.2190  18.1144  17.7615  17.4902  17.5526    0.06690000   0.00008115  20049.670    24.328158   0.483503   2.152595     991.564 1   0.162526   0.032320   0.081491  -0.057416  -0.031761   -18.2447   -19.2191   -19.6212   -19.7536   -19.7168     0.9744     1.3765     0.1324
230.432732  45.216845  18.8625  17.2533  16.4944  16.1151  15.8231    0.06230000   0.00015202  18675.002    45.574449   0.495185   2.204605    -383.105 0   0.137186   0.099075   0.045844   0.022827   0.026391   -18.4205   -19.9916   -20.6973   -21.0536   -21.3492     1.5711     2.2768     0.3563
229.065956  45.114971  19.9896  18.3242  17.5562  17.1714  16.8134    0.06370000   0.00017413  19104.454    52.202861   0.501803   2.234068      46.348 0   0.048561   0.048227   0.017169   0.013829   0.012616   -17.2533   -18.9183   -19.6553   -20.0367   -20.3935     1.6651     2.4020     0.3815
229.088176  45.208607  19.7967  17.9958  17.1228  16.7380  16.4157    0.06230000   0.00017521  18687.923    52.526637   0.506629   2.255554    -370.184 0   0.304347   0.235045   0.090149   0.054730   0.053311   -17.6535   -19.3851   -20.1132   -20.4626   -20.7835     1.7316     2.4597     0.3494
229.052406  45.151875  19.5562  18.1816  17.5518  17.2314  17.0161    0.06270000   0.00016463  18789.702    49.354832   0.517032   2.301872    -268.404 0   0.088203   0.043023   0.027875   0.011949   0.000936   -17.7131   -19.0425   -19.6572   -19.9617   -20.1659     1.3294     1.9441     0.3045
230.416341  44.799810  17.9543  16.9018  16.4739  16.1971  16.0703    0.06670000   0.00008077  20006.380    24.214237   0.521822   2.323194     948.274 1   0.147770   0.042492   0.070544  -0.017270  -0.065439   -19.4847   -20.4319   -20.8879   -21.0769   -21.1555     0.9472     1.4032     0.1890
230.396462  45.337129  19.4193  18.1775  17.5155  17.0816  16.8139    0.05830000   0.00008693  17482.547    26.060958   0.525014   2.337407   -1575.559 1   0.272916   0.265411   0.133792   0.037804  -0.033672   -17.8509   -19.0852   -19.6156   -19.9535   -20.1497     1.2343     1.7647     0.3379
230.365410  44.726873  19.0682  17.2580  16.3307  16.0120  15.5989    0.06740000   0.00016767  20198.517    50.266201   0.532098   2.368947    1140.411 1   0.388856   0.305347   0.114059   0.077631   0.062609   -18.6381   -20.3648   -21.1008   -21.3831   -21.7811     1.7267     2.4627     0.2823
229.052087  45.233061  17.5674  15.6319  14.7435  14.3278  14.0141    0.06350000   0.00019555  19048.183    58.624415   0.538604   2.397913      -9.923 0   0.315651   0.242367   0.087608   0.057896   0.057690   -19.9357   -21.7979   -22.5316   -22.9176   -23.2311     1.8622     2.5959     0.3860
229.041434  45.212710  19.0482  17.2090  16.3697  15.9690  15.6789    0.06260000   0.00015949  18771.924    47.813899   0.539357   2.401265    -286.182 0   0.241050   0.183321   0.071975   0.039089   0.044920   -18.3492   -20.1307   -20.8586   -21.2264   -21.5224     1.7815     2.5094     0.3678
230.316020  45.438773  18.4628  17.1124  16.5601  16.2536  16.0531    0.06370000   0.00015692  19099.718    47.043433   0.544619   2.424691      41.611 0   0.132149   0.057085   0.055221   0.010757  -0.041890   -18.8637   -20.1390   -20.6894   -20.9515   -21.0993     1.2753     1.8258     0.2620
230.438478  44.772796  17.9457  16.6975  16.1541  15.8528  15.6194    0.06700000   0.00018517  20076.591    55.512569   0.548859   2.443565    1018.485 1   0.126934   0.053766   0.052514   0.010970  -0.041225   -19.5069   -20.6820   -21.2241   -21.4839   -21.6651     1.1750     1.7172     0.2598
230.509840  45.234213  19.1069  18.1153  17.7639  17.4624  17.3011    0.06270000   0.00007781  18804.722    23.326851   0.552340   2.459063    -253.385 0   0.165093   0.070057   0.092648  -0.081769  -0.051390   -18.2393   -19.1359   -19.5099   -19.6369   -19.8286     0.8966     1.2706     0.1271
230.539812  45.190029  17.1095  15.9703  15.3704  14.9780  14.7703    0.06570000   0.00113299  19705.928   339.661857   0.560024   2.493273     647.822 1   0.202505   0.240686   0.129595   0.007808  -0.090165   -20.3725   -21.5499   -22.0387   -22.3093   -22.4191     1.1774     1.6662     0.2706
229.099011  45.426689  18.4442  17.2372  16.6236  16.2744  16.0138    0.06440000   0.00007934  19318.956    23.785534   0.603742   2.687910     260.849 0   0.214300   0.195726   0.114735   0.010272  -0.079286   -18.9883   -20.1767   -20.7093   -20.9540   -21.1251     1.1884     1.7210     0.2447
228.995665  45.339000  18.4709  17.3358  16.9161  16.6293  16.4863    0.06320000   0.00008568  18945.954    25.686218   0.617583   2.749531    -112.152 0   0.152589   0.046231   0.072071  -0.018942  -0.069424   -18.8588   -19.8876   -20.3331   -20.5289   -20.6214     1.0287     1.4743     0.1958
228.916204  45.184492  20.2421  18.4639  17.6339  17.2576  16.9630    0.06400000   0.00015062  19183.210    45.154740   0.617849   2.750716     125.103 0   0.223186   0.167061   0.068939   0.034323   0.040668   -17.2069   -18.9290   -19.6609   -20.0026   -20.3035     1.7221     2.4540     0.3417
230.584386  44.809649  18.5972  17.6456  17.3421  17.0465  16.9761    0.06760000   0.00007550  20269.688    22.634331   0.624296   2.779417    1211.581 1   0.165867   0.033356   0.083176  -0.065531  -0.029279   -18.9104   -19.7295   -20.0829   -20.2297   -20.3364     0.8191     1.1724     0.1469
228.921254  45.253674  19.5804  17.7507  16.8656  16.4690  16.1494    0.06380000   0.00015232  19115.457    45.664387   0.632720   2.816922      57.350 0   0.312475   0.240889   0.089643   0.057059   0.055878   -17.9263   -19.6844   -20.4182   -20.7822   -21.1007     1.7581     2.4920     0.3640
230.586979  44.792429  17.2965  15.6270  14.8237  14.3951  14.0722    0.06660000   0.00018352  19976.341    55.017912   0.632893   2.817692     918.234 1   0.211639   0.162774   0.063149   0.034394   0.041573   -20.2065   -21.8272   -22.5308   -22.9307   -23.2608     1.6206     2.3243     0.3998
229.852794  44.397345  19.2053  17.9046  17.3061  16.9632  16.7801    0.06370000   0.00009850  19087.756    29.529557   0.658824   2.933141      29.649 0   0.184860   0.107827   0.078152   0.006292  -0.044085   -18.1739   -19.3975   -19.9664   -20.2374   -20.3701     1.2237     1.7925     0.2710
228.881468  45.273405  18.7042  16.8653  16.0387  15.6428  15.3003    0.06210000   0.00016710  18621.159    50.095320   0.665696   2.963733    -436.948 1   0.164379   0.134936   0.050003   0.030274   0.035995   -18.5990   -20.4085   -21.1502   -21.5263   -21.8745     1.8095     2.5511     0.3762
229.006509  44.659713  19.2821  18.0583  17.3494  16.9930  16.7222    0.07460000   0.00009854  22366.376    29.541549   0.668436   2.975932    3308.270 1   0.258186   0.266596   0.135374   0.033820  -0.048801   -18.5360   -19.7682   -20.3459   -20.6008   -20.7889     1.2322     1.8099     0.2548
230.667461  44.816586  19.8397  18.1582  17.3100  16.8533  16.5242    0.06710000   0.00015762  20118.742    47.253287   0.676241   3.010682    1060.636 1   0.408505   0.348544   0.145504   0.081180   0.049962   -17.8765   -19.4980   -20.1432   -20.5356   -20.8335     1.6215     2.2667     0.3924
230.710324  44.868674  19.5054  17.7839  16.9814  16.6026  16.2969    0.06710000   0.00016223  20121.320    48.635330   0.688907   3.067073    1063.214 1   0.132259   0.104841   0.043037   0.024754   0.028504   -17.9345   -19.6286   -20.3693   -20.7298   -21.0393     1.6941     2.4348     0.3605
230.634753  44.711071  20.3142  18.5732  17.5411  16.9542  16.4898    0.06290000   0.00019693  18843.635    59.038129   0.699803   3.115583    -214.472 0   0.513578   1.171510   0.617929   0.301827   0.081754   -17.3874   -19.7864   -20.2649   -20.5357   -20.7800     2.3989     2.8775     0.2708
230.554911  45.503196  19.0678  17.3228  16.3885  15.8880  15.5190    0.06270000   0.00004597  18810.238    13.781459   0.713326   3.175790    -247.868 0   0.545841   0.473805   0.182022   0.104041   0.072560   -18.6592   -20.3321   -20.9746   -21.3972   -21.7347     1.6730     2.3155     0.4225
230.190194  45.720493  19.7089  18.2566  17.4709  17.0358  16.7629    0.05820000   0.00007723  17437.039    23.152972   0.729677   3.248583   -1621.068 1   0.343369   0.301874   0.138406   0.060698   0.022532   -17.6319   -19.0427   -19.6649   -20.0223   -20.2571     1.4108     2.0330     0.3574
230.184136  45.724229  18.6587  16.7372  15.8717  15.4724  15.1951    0.05810000   0.00016832  17422.079    50.461067   0.731374   3.256139   -1636.027 1   0.250159   0.192147   0.071973   0.041966   0.047942   -18.5812   -20.4447   -21.1901   -21.5594   -21.8426     1.8635     2.6088     0.3693
229.552344  45.776680  17.4027  15.7258  14.9447  14.5637  14.2796    0.05740000   0.00016779  17219.569    50.302177   0.739361   3.291697   -1838.537 1   0.173793   0.126501   0.056518   0.026658   0.032145   -19.7597   -21.3893   -22.1004   -22.4515   -22.7411     1.6296     2.3407     0.3511
230.685764  45.444613  18.9566  17.6319  17.0933  16.8123  16.6964    0.06220000   0.00019698  18647.211    59.053118   0.755334   3.362810    -410.896 1   0.051835   0.018500   0.013792   0.007171  -0.016521   -18.2339   -19.5253   -20.0592   -20.3336   -20.4258     1.2914     1.8253     0.2744
230.374083  44.414777  18.9878  17.0600  16.1637  15.7584  15.4245    0.06680000   0.00018714  20038.967    56.103161   0.767902   3.418766     980.861 1   0.314206   0.241071   0.086788   0.057516   0.057712   -18.6456   -20.5003   -21.2423   -21.6183   -21.9524     1.8547     2.5967     0.3760
230.832017  45.220807  19.9395  18.2016  17.3279  16.9502  16.6375    0.06860000   0.00015888  20577.934    47.631026   0.768002   3.419209    1519.828 1   0.317851   0.249554   0.101119   0.058353   0.050336   -17.7309   -19.4005   -20.1258   -20.4607   -20.7654     1.6696     2.3949     0.3349
228.726379  44.837564  19.3595  18.0077  17.3665  16.9997  16.8066    0.06750000   0.00018336  20232.993    54.969945   0.768912   3.423263    1174.887 1   0.206838   0.139782   0.088589   0.011570  -0.031692   -18.1893   -19.4740   -20.0640   -20.3538   -20.5036     1.2847     1.8748     0.2898
230.752522  44.720328  19.9880  18.2470  17.3772  16.9788  16.6413    0.07070000   0.00018336  21183.335    54.969945   0.769369   3.425295    2125.229 1   0.336430   0.266236   0.106540   0.063967   0.052718   -17.7701   -19.4409   -20.1510   -20.5068   -20.8331     1.6708     2.3809     0.3558
230.828814  45.256204  19.8476  17.6717  16.8257  16.4053  16.1126    0.06830000   0.00016769  20486.258    50.272197   0.774292   3.447212    1428.151 1   0.212652   0.167740   0.061132   0.036090   0.043614   -17.7327   -19.8636   -20.6030   -20.9984   -21.2986     2.1310     2.8704     0.3954
230.851147  44.908446  18.4553  17.0465  16.4663  16.1662  15.9680    0.06690000   0.00021386  20059.593    64.113615   0.776787   3.458320    1001.487 1   0.089174   0.038453   0.029506   0.011708  -0.013545   -18.9351   -20.2931   -20.8644   -21.1467   -21.3196     1.3581     1.9293     0.2823
229.697399  44.256024  18.3517  16.9385  16.3102  15.9749  15.8000    0.06330000   0.00013639  18973.415    40.888693   0.799294   3.558523     -84.691 0   0.116077   0.058486   0.041960   0.014321  -0.002139   -18.9414   -20.2970   -20.9088   -21.2164   -21.3749     1.3556     1.9674     0.3077
