175.737513  13.091934  20.3391  18.6301  17.7051  17.2869  17.0308    0.08270000   0.00015787  24803.299    47.328235   0.011312   0.063060     432.271 0   0.442075   0.419732   0.174458   0.086227   0.045555   -17.8636   -19.5503   -20.2300   -20.5599   -20.7754     1.6867     2.3664     0.3300
175.760193  13.085086  19.6419  17.7607  16.8276  16.4135  16.1285    0.08070000   0.00015973  24183.628    47.885849   0.014421   0.080394    -187.400 0   0.363534   0.281022   0.102174   0.070293   0.062383   -18.4288   -20.2275   -20.9818   -21.3640   -21.6411     1.7987     2.5529     0.3822
175.779904  13.076506  19.3793  17.7262  16.8889  16.5324  16.2640    0.08100000   0.00014616  24290.054    43.817666   0.035119   0.195780     -80.974 0   0.261537   0.197585   0.086190   0.040808   0.040302   -18.6215   -20.2107   -20.9366   -21.2477   -21.5156     1.5891     2.3151     0.3111
175.760456  13.143880  19.3918  17.5067  16.5567  16.1235  15.7584    0.08090000   0.00018004  24245.835    53.974634   0.050792   0.283156    -125.193 0   0.463064   0.369966   0.139506   0.095390   0.067827   -18.8079   -20.5999   -21.3194   -21.7085   -22.0460     1.7920     2.5115     0.3891
175.676650  13.153334  18.8907  17.5093  16.8155  16.4024  16.1580    0.08130000   0.00010271  24378.403    30.791683   0.091782   0.511670       7.375 0   0.271649   0.239458   0.123700   0.036039  -0.020710   -19.1283   -20.4775   -21.0556   -21.3810   -21.5687     1.3492     1.9273     0.3254
175.746631  12.999803  18.2074  16.5347  15.6783  15.2574  14.9609    0.08160000   0.00016349  24474.996    49.013069   0.094583   0.527282     103.968 0   0.372697   0.309751   0.130716   0.073257   0.047350   -19.8995   -21.5093   -22.1866   -22.5501   -22.8207     1.6098     2.2871     0.3634
175.646675  13.089154  17.5025  16.4821  15.9727  15.6029  15.4435    0.06840000   0.00009834  20515.427    29.481590   0.099660   0.555589   -3855.601 1   0.155758   0.199167   0.118043  -0.027569  -0.098669   -20.0240   -21.0879   -21.5161   -21.7403   -21.8286     1.0638     1.4921     0.2242
175.628768  13.103354  19.4896  18.0917  17.3620  16.9639  16.7086    0.08200000   0.00014991  24592.935    44.941887   0.117311   0.653990     221.906 0   0.292610   0.259455   0.128826   0.043426  -0.006820   -18.5479   -19.9126   -20.5117   -20.8244   -21.0295     1.3647     1.9638     0.3127
175.700425  13.208526  18.5705  16.5830  15.6015  15.1408  14.7422    0.08070000   0.00016780  24204.524    50.305174   0.123527   0.688642    -166.505 0   0.543830   0.438561   0.164355   0.107759   0.075231   -19.6805   -21.5628   -22.2701   -22.6742   -23.0402     1.8822     2.5895     0.4041
175.636522  13.159399  19.6261  18.3821  17.7005  17.3143  17.0918    0.07990000   0.00017131  23955.096    51.357446   0.127283   0.709583    -415.932 0   0.245418   0.280934   0.140788   0.028480  -0.061226   -18.3076   -19.5872   -20.1286   -20.4025   -20.5353     1.2795     1.8210     0.2739
175.696368  12.950307  19.0583  16.9669  16.0802  15.6480  15.3518    0.08020000   0.00019003  24037.809    56.969561   0.152857   0.852150    -333.219 0   0.313277   0.240274   0.086340   0.057275   0.057689   -18.9698   -20.9882   -21.7210   -22.1241   -22.4207     2.0184     2.7512     0.4031
175.719108  12.923804  20.2044  18.3334  17.4675  17.0653  16.8264    0.07970000   0.00015838  23879.189    47.481129   0.173000   0.964448    -491.840 1   0.279863   0.214510   0.084704   0.047896   0.049054   -17.7766   -19.5823   -20.3184   -20.6838   -20.9238     1.8056     2.5417     0.3654
175.568651  13.076037  19.2905  17.5975  16.7274  16.3243  16.0134    0.08130000   0.00016253  24377.534    48.725268   0.176473   0.983807       6.505 0   0.362289   0.294142   0.120796   0.071198   0.051232   -18.8192   -20.4440   -21.1408   -21.4943   -21.7852     1.6249     2.3216     0.3535
175.914892  12.984150  19.3770  18.2222  17.5163  17.1687  16.9135    0.08230000   0.00018706  24670.461    56.079177   0.195703   1.091010     299.433 0   0.232466   0.313906   0.151412   0.036706  -0.068847   -18.6083   -19.8445   -20.3879   -20.6208   -20.7705     1.2362     1.7796     0.2329
175.710466  13.293880  19.2461  17.5311  16.6467  16.2900  15.9710    0.08630000   0.00013641  25872.149    40.894689   0.202993   1.131651    1501.121 1   0.321955   0.254050   0.103885   0.059603   0.049695   -18.9533   -20.6004   -21.3346   -21.6470   -21.9561     1.6471     2.3813     0.3124
175.975889  13.147350  20.8021  18.0526  17.1251  16.6392  16.3050    0.08270000   0.00014718  24779.555    44.123454   0.227390   1.267663     408.527 0   0.498122   0.396147   0.147933   0.101898   0.071568   -17.4566   -20.1042   -20.7835   -21.2233   -21.5272     2.6475     3.3268     0.4399
175.978139  13.165918  18.9165  17.6882  17.0770  16.7336  16.5034    0.08240000   0.00017701  24699.721    53.066263   0.234505   1.307325     328.692 0   0.213557   0.183530   0.110399   0.010199  -0.075687   -19.0525   -20.2508   -20.7889   -21.0321   -21.1764     1.1983     1.7363     0.2432
175.648657  12.869526  18.7914  17.6391  17.1813  16.9056  16.8279    0.08340000   0.00018030  25000.503    54.052580   0.245103   1.366405     629.474 1   0.123388   0.037252   0.056218   0.000210  -0.059744   -19.1138   -20.1799   -20.6567   -20.8764   -20.8941     1.0662     1.5429     0.2197
175.770141  13.342492  19.1837  17.9986  17.4574  17.1618  17.0416    0.08170000   0.00009056  24501.168    27.149205   0.248995   1.388106     130.140 0   0.004053   0.001482   0.000811   0.000577  -0.000943   -18.5544   -19.7370   -20.2775   -20.5728   -20.6915     1.1825     1.7231     0.2954
176.002161  13.150212  18.8349  17.9363  17.4581  17.0734  16.9495    0.08350000   0.00008263  25045.052    24.771851   0.252962   1.410218     674.023 1   0.132481   0.191571   0.114352  -0.045910  -0.088682   -19.0820   -20.0397   -20.4406   -20.6651   -20.7462     0.9577     1.3587     0.2244
175.461752  13.043729  18.4544  16.4962  15.6105  15.2195  14.9391    0.08120000   0.00016893  24357.058    50.643940   0.284186   1.584287     -13.970 0   0.286334   0.219838   0.082357   0.050305   0.052534   -19.5526   -21.4443   -22.1925   -22.5515   -22.8341     1.8917     2.6399     0.3589
175.456844  13.113709  20.0224  18.4755  17.6872  17.2484  16.9966    0.08220000   0.00014722  24657.720    44.135446   0.285077   1.589255     286.692 0   0.343433   0.301130   0.137963   0.060817   0.023169   -18.0684   -19.5730   -20.1981   -20.5598   -20.7739     1.5046     2.1297     0.3617
176.042365  13.103694  19.3473  18.0817  17.7123  17.4778  17.3804    0.08560000   0.00010113  25674.196    30.318011   0.286029   1.594564    1303.168 1   0.122568   0.024584   0.060290  -0.014507  -0.038005   -18.6323   -19.7999   -20.2050   -20.3647   -20.4386     1.1676     1.5727     0.1597
175.433416  13.162757  19.6287  18.2229  17.4626  17.0437  16.8013    0.08120000   0.00014211  24352.951    42.603506   0.314759   1.754729     -18.077 0   0.314829   0.280419   0.134242   0.051010   0.005689   -18.4068   -19.7782   -20.3923   -20.7280   -20.9251     1.3714     1.9855     0.3357
175.907188  12.814321  19.2321  17.5881  16.7974  16.4185  16.1587    0.08340000   0.00017236  24994.507    51.672228   0.319695   1.782244     623.478 1   0.248717   0.185014   0.083263   0.036774   0.036973   -18.7984   -20.3787   -21.0676   -21.4000   -21.6600     1.5803     2.2692     0.3324
176.014942  12.900396  19.0201  17.1713  16.2526  15.8510  15.5780    0.08160000   0.00015741  24475.206    47.190331   0.323713   1.804645     104.178 0   0.332020   0.255721   0.093130   0.062124   0.059160   -19.0461   -20.8186   -21.5747   -21.9453   -22.2154     1.7725     2.5286     0.3706
175.394932  13.061476  19.4118  18.1921  17.7035  17.3929  17.1989    0.08340000   0.00021766  25012.824    65.252826   0.346287   1.930490     641.796 1   0.167540   0.073528   0.075841  -0.013084  -0.084678   -18.5375   -19.6632   -20.1541   -20.3758   -20.4982     1.1257     1.6166     0.2217
175.607996  13.417556  19.5295  18.2212  17.5721  17.1445  16.9003    0.08030000   0.00009657  24071.146    28.950958   0.351110   1.957380    -299.882 0   0.259574   0.234200   0.123415   0.031061  -0.034597   -18.4293   -19.7122   -20.2505   -20.5858   -20.7643     1.2829     1.8212     0.3352
175.791794  12.735826  18.9929  17.6931  17.0204  16.6087  16.3731    0.08190000   0.00009950  24555.221    29.829350   0.360966   2.012321     184.192 0   0.268516   0.254507   0.130183   0.034952  -0.034063   -19.0390   -20.3248   -20.8732   -21.1897   -21.3562     1.2858     1.8342     0.3165
175.569911  13.423200  18.3355  17.3229  16.9288  16.5616  16.5130    0.08020000   0.00004419  24038.019    13.247829   0.372173   2.074802    -333.009 0   0.149432   0.115343   0.100273  -0.070358  -0.071901   -19.5288   -20.5073   -20.8863   -21.0829   -21.1299     0.9785     1.3575     0.1966
176.138252  13.081863  19.6247  17.7051  16.7961  16.3893  16.0638    0.08540000   0.00016942  25602.336    50.790838   0.379477   2.115519    1231.308 1   0.340712   0.262085   0.094607   0.064292   0.060553   -18.5706   -20.4116   -21.1531   -21.5296   -21.8513     1.8410     2.5825     0.3765
175.409676  12.855247  19.6224  18.1635  17.6182  17.2822  17.1521    0.08180000   0.00016376  24523.773    49.094013   0.407816   2.273507     152.744 0   0.145098   0.066492   0.060793   0.009861  -0.042354   -18.2834   -19.6637   -20.2033   -20.4884   -20.5663     1.3803     1.9199     0.2851
175.902181  12.683603  20.0183  18.3041  17.5537  17.2400  16.9751    0.08160000   0.00014814  24471.878    44.411255   0.437063   2.436552     100.850 0   0.044573   0.031061   0.012614   0.008783   0.008864   -17.7605   -19.4612   -20.1931   -20.5030   -20.7680     1.7007     2.4326     0.3099
175.643772  13.526672  18.0977  17.0655  16.5018  16.1365  15.9696    0.08280000   0.00018200  24836.936    54.562227   0.444262   2.476685     465.907 1   0.164133   0.230263   0.126257  -0.014880  -0.098454   -19.8536   -20.9520   -21.4117   -21.6358   -21.7192     1.0983     1.5580     0.2242
176.109661  12.794291  20.1293  18.5132  17.6774  17.2274  17.0191    0.08160000   0.00015185  24458.298    45.523485   0.462105   2.576155      87.270 0   0.294527   0.229959   0.099519   0.050497   0.042235   -17.8994   -19.4510   -20.1563   -20.5573   -20.7573     1.5515     2.2569     0.4010
176.223650  13.065908  20.2224  18.3463  17.4361  16.9949  16.6766    0.07900000   0.00017169  23689.120    51.471367   0.463323   2.582948    -681.908 1   0.449995   0.378154   0.151165   0.091400   0.060012   -17.9124   -19.7167   -20.3999   -20.7813   -21.0682     1.8043     2.4875     0.3814
176.021557  12.712998  19.2232  17.5993  16.7491  16.3358  15.9936    0.08140000   0.00014391  24395.911    43.143133   0.464744   2.590869      24.883 0   0.372520   0.311677   0.132749   0.072821   0.045509   -18.8994   -20.4624   -21.1337   -21.4871   -21.8020     1.5631     2.2343     0.3534
176.044644  12.728513  18.7598  17.1653  16.3306  15.8895  15.5688    0.08310000   0.00016486  24918.479    49.423785   0.465666   2.596010     547.451 1   0.395300   0.342825   0.146585   0.076879   0.043582   -19.4067   -20.9487   -21.5871   -21.9585   -22.2459     1.5420     2.1805     0.3714
175.753213  13.562646  18.7218  17.1930  16.3489  15.9289  15.6183    0.08240000   0.00015572  24693.245    46.683682   0.468305   2.610718     322.217 0   0.389244   0.343045   0.148666   0.074848   0.038845   -19.4229   -20.9055   -21.5552   -21.9014   -22.1760     1.4826     2.1323     0.3462
175.401074  13.422606  18.1252  16.9865  16.4922  16.1352  15.9184    0.08380000   0.00010259  25123.777    30.755708   0.471687   2.629573     752.749 1   0.181404   0.141779   0.102218  -0.017775  -0.103416   -19.8484   -20.9475   -21.4022   -21.6392   -21.7704     1.0991     1.5538     0.2370
176.167842  13.341355  19.2894  17.9085  17.3839  17.1240  16.9693    0.07950000   0.00009768  23837.608    29.283727   0.477016   2.659284    -533.421 1   0.073027   0.025683   0.023372   0.009466  -0.027778   -18.4822   -19.8158   -20.3381   -20.5840   -20.7015     1.3336     1.8558     0.2460
176.112893  12.768040  19.3429  17.3631  16.4536  16.0395  15.7042    0.08240000   0.00020089  24701.400    60.225307   0.481878   2.686386     330.371 0   0.349298   0.269113   0.097325   0.066540   0.061308   -18.7619   -20.6615   -21.3992   -21.7825   -22.1126     1.8996     2.6373     0.3833
175.323036  13.343734  18.9505  17.2483  16.3770  15.9910  15.7290    0.08330000   0.00013752  24978.498    41.227459   0.483945   2.697909     607.469 1   0.302115   0.234332   0.093727   0.053686   0.050275   -19.1519   -20.7864   -21.5171   -21.8630   -22.1216     1.6344     2.3651     0.3460
176.070761  12.714057  20.2502  18.5707  17.7352  17.3782  17.0538    0.08090000   0.00014900  24241.248    44.669076   0.492884   2.747746    -129.780 0   0.121454   0.104516   0.039374   0.025330   0.028411   -17.6079   -19.2704   -20.0408   -20.3838   -20.7112     1.6626     2.4329     0.3430
175.471391  13.515706  19.0901  17.7646  16.9825  16.4985  16.1993    0.08660000   0.00011092  25952.404    33.252979   0.500566   2.790572    1581.375 1   0.380779   0.367228   0.161417   0.071295   0.023834   -19.1545   -20.4664   -21.0427   -21.4366   -21.6884     1.3119     1.8882     0.3939
176.178269  13.385394  18.8078  17.3118  16.5617  16.2021  15.9577    0.08260000   0.00016313  24767.234    48.905144   0.509540   2.840599     396.206 0   0.232048   0.166335   0.084501   0.028521   0.022793   -19.1850   -20.6153   -21.2836   -21.5872   -21.8259     1.4303     2.0986     0.3036
175.445035  13.513909  20.0727  18.2427  17.3590  16.9058  16.5135    0.08690000   0.00017350  26051.965    52.013991   0.513410   2.862174    1680.936 1   0.433180   0.351987   0.136849   0.089195   0.062433   -18.2530   -20.0018   -20.6704   -21.0759   -21.4415     1.7488     2.4174     0.4055
176.206281  13.349643  18.5074  17.3730  16.7929  16.4514  16.2587    0.07010000   0.00009546  21004.269    28.618188   0.513485   2.862592   -3366.759 1   0.193412   0.199192   0.117781  -0.002176  -0.097798   -19.1071   -20.2472   -20.7459   -20.9675   -21.0646     1.1402     1.6389     0.2215
176.074481  13.499362  18.9513  17.2066  16.3320  15.9218  15.5963    0.08270000   0.00015174  24802.280    45.490508   0.514407   2.867734     431.251 1   0.354031   0.284423   0.115380   0.069047   0.052317   -19.1634   -20.8384   -21.5440   -21.9079   -22.2166     1.6751     2.3806     0.3639
175.507959  13.566646  18.9096  17.5908  16.9149  16.5376  16.2817    0.08070000   0.00016301  24203.954    48.869169   0.527357   2.939928    -167.074 0   0.251258   0.214313   0.116344   0.028576  -0.032052   -19.0489   -20.3307   -20.9086   -21.1982   -21.3934     1.2819     1.8598     0.2895
176.044597  13.536974  19.4808  17.7118  16.8888  16.4854  16.1365    0.08130000   0.00014793  24362.304    44.348298   0.528091   2.944016      -8.724 0   0.170484   0.139447   0.051342   0.031044   0.037085   -18.4371   -20.1750   -20.9099   -21.2930   -21.6480     1.7380     2.4729     0.3831
175.935280  12.597030  19.8464  18.0639  17.0741  16.5915  16.2253    0.08190000   0.00015428  24561.576    46.251980   0.529442   2.951548     190.548 0   0.597777   0.502484   0.187213   0.110728   0.080981   -18.5148   -20.2020   -20.8765   -21.2826   -21.6191     1.6872     2.3617     0.4061
175.435433  13.526963  18.1374  16.2249  15.2764  14.8242  14.4840    0.08140000   0.00018938  24415.727    56.774696   0.529468   2.951692      44.699 0   0.487607   0.399932   0.154016   0.099379   0.067781   -20.1003   -21.9251   -22.6277   -23.0252   -23.3338     1.8248     2.5274     0.3976
176.270567  13.254275  20.1230  18.3915  17.5813  17.1736  16.8505    0.07930000   0.00017290  23767.696    51.834116   0.532714   2.969791    -603.332 1   0.140907   0.119325   0.044247   0.027862   0.032173   -17.7081   -19.4180   -20.1531   -20.5445   -20.8719     1.7099     2.4450     0.3913
176.127532  12.702943  19.0759  17.3431  16.4312  16.0208  15.6339    0.08280000   0.00016965  24826.143    50.859790   0.537814   2.998219     455.115 1   0.418695   0.338853   0.131853   0.085844   0.061258   -19.1300   -20.7830   -21.4879   -21.8523   -22.2146     1.6530     2.3579     0.3644
175.878821  13.620932  18.5810  17.1058  16.3781  15.9049  15.6314    0.08240000   0.00009146  24695.434    27.419018   0.541573   3.019177     324.405 0   0.326778   0.291331   0.137018   0.054946   0.011729   -19.5012   -20.9410   -21.5144   -21.9055   -22.1358     1.4398     2.0131     0.3911
176.149024  12.706208  20.1535  18.3737  17.4823  17.1059  16.8230    0.08240000   0.00016693  24705.357    50.044355   0.550071   3.066551     334.329 0   0.312847   0.243598   0.096246   0.056893   0.052100   -17.9148   -19.6254   -20.3694   -20.7065   -20.9846     1.7106     2.4546     0.3370
175.493996  13.595279  19.5362  17.8943  17.0489  16.6873  16.4225    0.08080000   0.00014265  24215.316    42.765394   0.559052   3.116617    -155.712 0   0.276160   0.211699   0.092119   0.044732   0.041114   -18.4739   -20.0513   -20.7771   -21.0914   -21.3525     1.5774     2.3033     0.3142
175.934272  13.629785  20.4512  18.4738  17.5355  17.1601  16.8274    0.08190000   0.00018834  24550.334    56.462912   0.565060   3.150114     179.306 0   0.328680   0.252698   0.091402   0.061237   0.059134   -17.6409   -19.5423   -20.3193   -20.6645   -20.9951     1.9014     2.6784     0.3452
176.151271  13.508160  18.7837  17.2689  16.5352  16.1530  15.8847    0.08250000   0.00013876  24734.976    41.599201   0.569961   3.177435     363.948 0   0.222776   0.156642   0.080103   0.026912   0.023315   -19.2184   -20.6670   -21.3242   -21.6532   -21.9179     1.4487     2.1058     0.3290
175.843442  12.525103  20.1388  18.2381  17.2572  16.7870  16.4367    0.08100000   0.00016133  24290.444    48.365517   0.576664   3.214806     -80.584 0   0.557743   0.471417   0.179118   0.106523   0.075161   -18.1583   -19.9726   -20.6612   -21.0588   -21.3778     1.8144     2.5030     0.3976
176.313093  13.363671  18.8499  16.7737  15.8297  15.4267  15.0743    0.08230000   0.00017535  24668.153    52.568608   0.612005   3.411826     297.124 0   0.393639   0.306323   0.112157   0.078269   0.064492   -19.2966   -21.2855   -22.0353   -22.4044   -22.7430     1.9889     2.7387     0.3691
175.416216  12.564690  19.6178  17.6371  16.6967  16.3037  15.9482    0.08230000   0.00017528  24671.870    52.547622   0.620904   3.461431     300.842 0   0.401527   0.312278   0.114033   0.080181   0.065335   -18.5366   -20.4280   -21.1702   -21.5293   -21.8700     1.8915     2.6336     0.3591
175.335372  13.585771  20.2527  18.3871  17.5179  17.1328  16.8470    0.08130000   0.00017201  24383.560    51.567301   0.635356   3.542002      12.531 0   0.280035   0.214762   0.081032   0.048632   0.051450   -17.7747   -19.5750   -20.3105   -20.6632   -20.9518     1.8003     2.5358     0.3527
176.390095  12.963609  19.4314  17.3425  16.3555  15.8979  15.5895    0.08490000   0.00015964  25437.600    47.858868   0.638106   3.557330    1066.572 1   0.525565   0.423819   0.159440   0.105527   0.073317   -18.9148   -20.9019   -21.6246   -22.0282   -22.3044     1.9872     2.7098     0.4037
