184.132742  -0.780578  19.8418  17.9187  17.0345  16.6269  16.3315    0.06920000   0.00015633  20758.589    46.866555   0.034974   0.169990    -449.329 1   0.273809   0.210468   0.076604   0.047647   0.052153   -17.8281   -19.6879   -20.4382   -20.8169   -21.1168     1.8598     2.6101     0.3786
184.097145  -0.817090  19.5091  18.0047  17.2173  16.8299  16.5487    0.07130000   0.00015170  21372.504    45.478516   0.051205   0.248880     164.586 0   0.316097   0.262554   0.122587   0.054369   0.025416   -18.2683   -19.7192   -20.3666   -20.6858   -20.9380     1.4509     2.0983     0.3192
184.125382  -0.820681  18.5725  17.5313  16.9389  16.5749  16.3882    0.06990000   0.00009439  20950.666    28.297410   0.059871   0.291004    -257.252 0   0.176469   0.239896   0.129271  -0.006317  -0.097335   -19.0008   -20.1054   -20.5872   -20.8156   -20.9113     1.1046     1.5864     0.2284
184.044498  -0.809090  19.3722  18.1282  17.5807  17.3066  17.1051    0.07110000   0.00021061  21311.706    63.139290   0.070988   0.345037     103.788 0   0.088756   0.033631   0.031018   0.011105  -0.029797   -18.1717   -19.3606   -19.9055   -20.1597   -20.3203     1.1889     1.7338     0.2542
184.033220  -0.731157  19.3036  17.9017  17.1439  16.7995  16.4962    0.08380000   0.00014931  25130.732    44.762012   0.076162   0.370183    3922.814 1   0.274612   0.219276   0.110377   0.040576   0.011277   -18.7632   -20.1098   -20.7587   -21.0333   -21.3073     1.3466     1.9955     0.2746
184.177626  -0.796516  18.8676  17.0816  16.1700  15.7638  15.4567    0.07180000   0.00015395  21536.491    46.153049   0.082522   0.401096     328.573 0   0.347222   0.270183   0.101006   0.066439   0.059080   -18.9562   -20.6651   -21.4075   -21.7792   -22.0789     1.7090     2.4514     0.3716
184.204596  -0.741797  17.6264  15.6765  14.7535  14.3477  14.0074    0.07080000   0.00021002  21221.828    62.962412   0.106444   0.517371      13.910 0   0.373870   0.289521   0.105378   0.073008   0.063220   -20.1934   -22.0590   -22.7978   -23.1713   -23.5018     1.8656     2.6044     0.3734
184.251718  -0.749182  19.0854  17.1580  16.2255  15.7533  15.3373    0.06840000   0.00017045  20513.839    51.099624   0.151706   0.737364    -694.079 1   0.491182   0.399079   0.152253   0.100252   0.069074   -18.7766   -20.6119   -21.2975   -21.7177   -22.1026     1.8353     2.5210     0.4202
184.236049  -0.851957  18.8139  17.5725  16.9903  16.6629  16.4798    0.07070000   0.00018117  21189.271    54.313400   0.160113   0.778227     -18.647 0   0.178859   0.098837   0.076574   0.003197  -0.054968   -18.7866   -19.9480   -20.5079   -20.7619   -20.8869     1.1614     1.7213     0.2540
183.995697  -0.643828  18.9766  17.9433  17.4274  17.1693  16.9457    0.07030000   0.00018029  21088.451    54.049582   0.161263   0.783817    -119.467 0   0.087825   0.029499   0.031884   0.009689  -0.038945   -18.5205   -19.4955   -20.0138   -20.2497   -20.4246     0.9750     1.4933     0.2359
184.206705  -0.920808  19.7446  17.9854  17.0908  16.6873  16.3594    0.07150000   0.00015290  21448.352    45.838267   0.187463   0.911163     240.434 0   0.355305   0.280355   0.108346   0.069168   0.057211   -18.0537   -19.7379   -20.4605   -20.8248   -21.1408     1.6842     2.4068     0.3643
184.218410  -0.600986  19.7271  17.7978  16.9088  16.4811  16.1746    0.07070000   0.00015711  21192.179    47.100393   0.202572   0.984601     -15.739 0   0.320921   0.246270   0.088481   0.059230   0.058577   -18.0155   -19.8701   -20.6013   -20.9998   -21.3056     1.8546     2.5859     0.3984
183.972897  -0.587547  18.4996  17.4470  17.0007  16.6945  16.5424    0.07580000   0.00008288  22720.251    24.846799   0.219650   1.067605    1512.333 1   0.171547   0.099095   0.093999  -0.043639  -0.091001   -19.2667   -20.2468   -20.6880   -20.8566   -20.9613     0.9801     1.4214     0.1686
184.337021  -0.808590  19.5476  17.5917  16.6228  16.1560  15.7535    0.07130000   0.00019135  21367.977    57.365287   0.239869   1.165883     160.059 0   0.535245   0.427190   0.159235   0.107180   0.074913   -18.4490   -20.2968   -20.9977   -21.4125   -21.7827     1.8478     2.5488     0.4147
184.320741  -0.872181  20.1637  18.3590  17.3808  16.8910  16.5182    0.07030000   0.00013315  21089.260    39.917366   0.244078   1.186341    -118.658 0   0.574151   0.473227   0.177370   0.109409   0.078028   -17.8197   -19.5235   -20.2058   -20.6277   -20.9691     1.7038     2.3861     0.4218
184.300083  -0.622734  18.5206  17.0075  16.2253  15.8137  15.5178    0.07040000   0.00016600  21091.569    49.765548   0.245326   1.192403    -116.349 0   0.335154   0.285700   0.131111   0.059534   0.026638   -19.2482   -20.7118   -21.3394   -21.6794   -21.9424     1.4636     2.0913     0.3400
184.365807  -0.780483  18.3705  16.5718  15.7690  15.3676  15.0980    0.06990000   0.00016257  20956.392    48.737260   0.265241   1.289201    -251.526 0   0.220331   0.164126   0.068647   0.033493   0.039748   -19.2467   -20.9892   -21.6965   -22.0627   -22.3386     1.7425     2.4498     0.3662
184.324963  -0.931809  19.3972  18.2645  17.9487  17.6344  17.3080    0.08080000   0.00007961  24208.541    23.866478   0.278680   1.354522    3000.623 1   0.167860   0.047859   0.081444  -0.050650  -0.057770   -18.5046   -19.5173   -19.8667   -20.0489   -20.3682     1.0127     1.3621     0.1822
183.897103  -0.574584  18.8807  18.1425  17.9774  17.7754  17.7686    0.07040000   0.00007444  21118.190    22.316551   0.279627   1.359122     -89.728 0   0.086310   0.009515   0.036955  -0.012934  -0.006129   -18.6392   -19.3006   -19.4932   -19.6453   -19.6589     0.6614     0.8539     0.1521
184.379954  -0.809563  17.5929  16.0649  15.3565  14.9732  14.7399    0.07050000   0.00016493  21138.756    49.444770   0.282368   1.372448     -69.162 0   0.217665   0.150511   0.079556   0.024755   0.019265   -20.0582   -21.5191   -22.1565   -22.4850   -22.7128     1.4608     2.0983     0.3285
184.215389  -1.036696  19.6265  17.8018  16.9119  16.5098  16.2386    0.07160000   0.00014978  21457.825    44.902914   0.293869   1.428347     249.907 0   0.298385   0.229681   0.087098   0.053195   0.053338   -18.1211   -19.8771   -20.6244   -20.9926   -21.2639     1.7560     2.5033     0.3682
183.862409  -0.939633  20.7170  18.9034  18.0730  17.6852  17.3897    0.07500000   0.00017540  22474.421    52.583597   0.295000   1.433844    1266.503 1   0.208875   0.160683   0.062485   0.033914   0.041126   -17.0635   -18.8289   -19.5611   -19.9203   -20.2230     1.7654     2.4976     0.3592
183.839399  -0.605860  19.2652  17.5324  16.6306  16.1477  15.7886    0.07550000   0.00016241  22647.881    48.689293   0.306664   1.490538    1439.963 1   0.502034   0.431202   0.169352   0.099114   0.066015   -18.8017   -20.4636   -21.1036   -21.5163   -21.8423     1.6620     2.3019     0.4127
183.817966  -0.888323  20.0894  18.4427  17.6518  17.2078  16.9022    0.07520000   0.00014948  22546.401    44.812977   0.308245   1.498221    1338.483 1   0.353750   0.299306   0.132546   0.066220   0.036453   -17.8417   -19.4340   -20.0581   -20.4358   -20.7116     1.5923     2.2164     0.3777
183.811995  -0.881213  18.5015  16.6159  15.7192  15.3124  15.0220    0.07530000   0.00017988  22577.280    53.926667   0.311031   1.511764    1369.362 1   0.307030   0.235778   0.085711   0.055704   0.056413   -19.3646   -21.1789   -21.9256   -22.3024   -22.5935     1.8143     2.5610     0.3768
183.825225  -0.553864  18.0064  16.8758  16.3843  16.0374  15.8594    0.08130000   0.00009062  24374.596    27.167193   0.347874   1.690837    3166.678 1   0.178038   0.131218   0.099974  -0.023377  -0.103073   -19.9190   -21.0028   -21.4630   -21.6866   -21.7849     1.0838     1.5440     0.2235
183.837797  -0.521507  20.2954  18.3203  17.4002  16.9568  16.5910    0.07530000   0.00013790  22564.449    41.341380   0.359193   1.745856    1356.531 1   0.427295   0.336883   0.125444   0.087205   0.065957   -17.6910   -19.5756   -20.2843   -20.6895   -21.0340     1.8847     2.5933     0.4052
183.709754  -0.737507  20.0113  18.3948  17.5878  17.1160  16.7729    0.08210000   0.00019163  24602.708    57.449229   0.392186   1.906216    3394.790 1   0.385287   0.331998   0.142979   0.074408   0.042098   -18.1215   -19.6847   -20.3027   -20.7059   -21.0167     1.5632     2.1812     0.4032
183.696848  -0.917977  19.8959  18.1595  17.2647  16.8720  16.5648    0.07920000   0.00015055  23752.257    45.133755   0.431680   2.098177    2544.339 1   0.347605   0.275427   0.108702   0.067187   0.054778   -18.1420   -19.8063   -20.5343   -20.8855   -21.1803     1.6642     2.3923     0.3512
183.758688  -1.036896  18.8034  17.7719  17.3362  17.0250  16.9169    0.08320000   0.00004958  24955.714    14.863710   0.436445   2.121338    3747.795 1   0.163662   0.105838   0.097853  -0.055909  -0.082434   -19.1368   -20.1105   -20.5382   -20.6956   -20.7772     0.9737     1.4014     0.1574
184.539376  -0.747585  19.5540  17.6520  16.7260  16.3004  15.9780    0.08390000   0.00016709  25153.307    50.092322   0.438788   2.132724    3945.389 1   0.389819   0.303365   0.111186   0.077323   0.064102   -18.6306   -20.4462   -21.1800   -21.5717   -21.8809     1.8155     2.5494     0.3917
183.826040  -1.109861  18.1723  16.2828  15.4468  15.0433  14.7168    0.07600000   0.00016371  22780.300    49.079023   0.440202   2.139597    1572.381 1   0.188476   0.151246   0.055632   0.032924   0.039834   -19.6166   -21.4689   -22.2093   -22.5901   -22.9235     1.8523     2.5927     0.3808
184.482257  -0.544709  19.6228  17.9270  17.1993  16.7588  16.3803    0.07950000   0.00015461  23834.130    46.350912   0.440863   2.142812    2626.212 1   0.048872   0.048785   0.017336   0.013975   0.012751   -18.1247   -19.8204   -20.5166   -20.9538   -21.3310     1.6957     2.3920     0.4371
184.451721  -0.494007  17.8980  16.7227  16.1399  15.7647  15.5780    0.07970000   0.00008770  23907.549    26.291799   0.443871   2.157433    2699.631 1   0.202725   0.203159   0.118315   0.003411  -0.091979   -20.0059   -21.1816   -21.6796   -21.9399   -22.0312     1.1757     1.6737     0.2603
184.019419  -0.323494  19.8436  18.0610  17.1887  16.6702  16.2887    0.07610000   0.00018180  22810.848    54.502269   0.449976   2.187104    1602.930 1   0.502171   0.438023   0.172792   0.098251   0.064980   -18.2407   -19.9591   -20.5662   -21.0102   -21.3584     1.7185     2.3255     0.4440
183.901902  -1.173988  19.2371  17.2768  16.3424  15.9048  15.5732    0.07560000   0.00016396  22666.948    49.153971   0.453917   2.206260    1459.030 1   0.407140   0.318167   0.117121   0.081896   0.065199   -18.7378   -20.6091   -21.3425   -21.7448   -22.0597     1.8713     2.6047     0.4024
183.969382  -1.203996  18.5514  17.2439  16.5990  16.2274  15.9884    0.07960000   0.00016139  23871.184    48.383505   0.457298   2.222693    2663.266 1   0.233580   0.190684   0.109285   0.021631  -0.042463   -19.3835   -20.6481   -21.2116   -21.4956   -21.6705     1.2646     1.8281     0.2839
184.260279  -0.317634  18.6079  17.5982  17.2398  16.9571  16.8866    0.06240000   0.00007731  18717.692    23.176955   0.475858   2.312904   -2490.226 1   0.169352   0.042568   0.084190  -0.066415  -0.041597   -18.7072   -19.5901   -19.9901   -20.1222   -20.2175     0.8829     1.2829     0.1321
184.542273  -0.549423  19.6479  17.8568  16.9828  16.5994  16.2989    0.08070000   0.00014976  24185.007    44.896919   0.491589   2.389364    2977.089 1   0.286743   0.220257   0.084888   0.050043   0.051162   -18.3460   -20.0707   -20.8093   -21.1578   -21.4595     1.7246     2.4632     0.3486
183.681048  -1.042409  19.7576  18.4182  17.7246  17.3343  17.1042    0.08300000   0.00008636  24869.044    25.890077   0.502656   2.443156    3661.125 1   0.269750   0.245033   0.126351   0.034931  -0.027418   -18.2834   -19.5981   -20.1730   -20.4719   -20.6397     1.3147     1.8896     0.2989
184.047872  -0.262704  19.4463  18.2006  17.6455  17.3658  17.1285    0.06070000   0.00017342  18190.237    51.990008   0.506111   2.459950   -3017.681 1   0.101462   0.041343   0.037442   0.012069  -0.028478   -17.7619   -18.9474   -19.4986   -19.7530   -19.9497     1.1856     1.7368     0.2543
184.388037  -1.193094  19.1900  18.0320  17.6947  17.4693  17.4264    0.07800000   0.00008740  23386.660    26.201861   0.514586   2.501142    2178.742 1   0.116096   0.017259   0.058071  -0.020027  -0.019514   -18.5620   -19.6211   -19.9992   -20.1465   -20.1899     1.0592     1.4373     0.1473
183.606926  -0.947753  18.0190  16.1877  15.2379  14.7851  14.4706    0.08180000   0.00006754  24537.023    20.247983   0.526334   2.558243    3329.105 1   0.493876   0.419268   0.164630   0.098585   0.065629   -20.2356   -21.9923   -22.6875   -23.0742   -23.3558     1.7567     2.4519     0.3868
184.619739  -0.918702  20.4125  18.3986  17.5511  17.1569  16.9005    0.08030000   0.00017376  24087.395    52.091938   0.540756   2.628341    2879.477 1   0.219102   0.167797   0.065295   0.035437   0.042461   -17.5058   -19.4684   -20.2134   -20.5777   -20.8412     1.9626     2.7076     0.3643
184.622018  -0.621232  19.2552  17.6034  16.7437  16.3072  16.0520    0.07980000   0.00016505  23921.400    49.480745   0.540780   2.628454    2713.481 1   0.404884   0.346998   0.145853   0.079991   0.048274   -18.8353   -20.4292   -21.0877   -21.4584   -21.6819     1.5939     2.2525     0.3706
184.440565  -1.199250  17.6022  16.6314  16.2940  16.0231  15.9087    0.07010000   0.00007803  21018.779    23.392805   0.550463   2.675521    -189.139 1   0.163140   0.031841   0.081924  -0.059563  -0.029938   -19.9820   -20.8215   -21.2090   -21.3384   -21.4824     0.8395     1.2270     0.1294
184.243968  -0.224036  20.1390  18.4627  17.5415  17.1874  16.9270    0.07120000   0.00013987  21359.943    41.931971   0.560542   2.724510     152.025 1   0.316480   0.247818   0.099609   0.057949   0.050967   -17.6145   -19.2221   -19.9951   -20.3075   -20.5610     1.6076     2.3806     0.3124
184.243762  -0.221881  19.5624  17.8027  16.9290  16.5958  16.2507    0.07180000   0.00015691  21539.009    47.040435   0.562574   2.734384     331.091 1   0.132333   0.113338   0.042081   0.026878   0.030648   -18.0465   -19.7872   -20.5896   -20.9076   -21.2565     1.7407     2.5431     0.3180
184.141996  -0.201445  18.5080  16.8902  16.1332  15.7654  15.5021    0.07140000   0.00014525  21392.021    43.544855   0.566072   2.751386     184.103 1   0.170751   0.118031   0.057568   0.024217   0.028297   -19.1059   -20.6710   -21.3675   -21.7019   -21.9693     1.5651     2.2616     0.3344
184.588381  -0.451562  19.4673  17.4922  16.5960  16.1874  15.8569    0.07130000   0.00015338  21366.388    45.982167   0.580040   2.819281     158.470 1   0.302488   0.232035   0.083165   0.054633   0.056453   -18.2965   -20.2011   -20.9485   -21.3285   -21.6609     1.9046     2.6520     0.3801
183.517756  -0.744964  18.5847  17.7126  17.4851  17.2056  17.1934    0.07890000   0.00007164  23641.034    21.477132   0.583509   2.836140    2433.116 1   0.137300   0.020042   0.073122  -0.036422  -0.017926   -19.2135   -19.9683   -20.2489   -20.4188   -20.4495     0.7548     1.0354     0.1700
184.497169  -0.333104  18.8048  17.4743  16.8984  16.5531  16.3815    0.07150000   0.00017356  21422.719    52.031979   0.586850   2.852381     214.801 1   0.177832   0.097664   0.075063   0.004725  -0.049098   -18.8160   -20.0663   -20.6196   -20.8946   -21.0124     1.2503     1.8036     0.2750
183.551865  -0.988743  18.9255  17.7410  17.2062  16.8534  16.7121    0.08190000   0.00008258  24549.525    24.756861   0.592477   2.879731    3341.607 1   0.183379   0.113302   0.089688  -0.013331  -0.093375   -19.0213   -20.1357   -20.6469   -20.8967   -20.9579     1.1144     1.6256     0.2498
183.520510  -0.894107  18.6566  16.6877  15.7506  15.3396  15.0132    0.08150000   0.00018601  24442.109    55.764395   0.594340   2.888782    3234.191 1   0.379660   0.293995   0.106840   0.074455   0.063825   -19.4546   -21.3378   -22.0878   -22.4664   -22.7822     1.8832     2.6332     0.3786
183.528062  -0.938843  19.3622  17.5099  16.5625  16.1627  15.8473    0.08290000   0.00014804  24850.007    44.381275   0.598325   2.908151    3642.089 1   0.391968   0.305648   0.112423   0.077989   0.064024   -18.7984   -20.5644   -21.3186   -21.6839   -21.9854     1.7660     2.5202     0.3654
183.502023  -0.866313  19.3000  18.2043  17.7329  17.4898  17.3743    0.06400000   0.00008716  19182.490    26.129911   0.607200   2.951290   -2025.428 1   0.065878   0.017408   0.021500   0.005592  -0.030791   -17.9917   -19.0389   -19.5144   -19.7416   -19.8207     1.0472     1.5227     0.2272
184.564338  -0.364854  19.7597  18.0087  17.1700  16.6625  16.3396    0.07920000   0.00016866  23730.732    50.562996   0.612896   2.978974    2522.813 1   0.438393   0.376602   0.154068   0.087897   0.055014   -18.3690   -20.0582   -20.6744   -21.1157   -21.4058     1.6892     2.3054     0.4413
184.252380  -0.163589  18.6344  16.5443  15.5922  15.2074  14.8778    0.07160000   0.00019090  21453.568    57.230380   0.621177   3.019227     245.650 1   0.395640   0.307199   0.111932   0.078612   0.065002   -19.2105   -21.2121   -21.9689   -22.3204   -22.6364     2.0017     2.7585     0.3515
183.570650  -1.091626  19.6820  17.8402  16.9409  16.5433  16.2147    0.08320000   0.00015633  24949.658    46.866555   0.622229   3.024341    3741.740 1   0.332160   0.257695   0.096669   0.062347   0.057447   -18.4267   -20.1940   -20.9323   -21.2956   -21.6193     1.7673     2.5056     0.3633
183.983296  -1.424440  19.7222  18.2532  17.5198  17.1137  16.8557    0.08130000   0.00013170  24364.913    39.482667   0.668840   3.250889    3156.994 1   0.277870   0.223928   0.112476   0.041277   0.010231   -18.3030   -19.7181   -20.3400   -20.6749   -20.9019     1.4151     2.0370     0.3349
183.526193  -1.164012  18.9882  17.1216  16.2458  15.8403  15.5475    0.07060000   0.00017454  21158.242    52.325776   0.699046   3.397705     -49.676 1   0.287472   0.220728   0.082082   0.050666   0.053010   -18.7178   -20.5177   -21.2548   -21.6289   -21.9241     1.7999     2.5370     0.3741
184.786382  -0.598793  18.8383  17.4402  16.8003  16.4107  16.1661    0.06940000   0.00018654  20797.172    55.923285   0.705491   3.429033    -410.746 1   0.211646   0.144023   0.087351   0.015662  -0.016037   -18.7545   -20.0850   -20.6682   -20.9861   -21.1990     1.3305     1.9137     0.3179
183.729110  -1.365899  19.3230  17.8669  17.1076  16.6469  16.3394    0.07490000   0.00014154  22459.012    42.432625   0.705747   3.430276    1251.094 1   0.348059   0.307200   0.140063   0.062110   0.023677   -18.5695   -19.9847   -20.5769   -20.9596   -21.2287     1.4152     2.0074     0.3827
183.473515  -0.420995  20.7642  18.3161  17.3727  16.7967  16.4162    0.07190000   0.00005388  21547.013    16.152818   0.715985   3.480039     339.095 1   0.679638   0.541980   0.194215   0.118848   0.091285   -17.3738   -19.6842   -20.2798   -20.7805   -21.1334     2.3104     2.9061     0.5006
183.433751  -0.500411  18.7592  16.9810  16.1086  15.7292  15.4241    0.08200000   0.00014699  24591.616    44.066493   0.718059   3.490118    3383.698 1   0.282550   0.216805   0.085940   0.048498   0.049099   -19.2682   -20.9807   -21.7222   -22.0642   -22.3699     1.7125     2.4540     0.3420
184.249961  -0.051653  19.1561  17.9735  17.3453  16.9775  16.7728    0.07180000   0.00009876  21519.163    29.607503   0.729748   3.546935     311.245 1   0.217751   0.226515   0.124644   0.014220  -0.080588   -18.5382   -19.7296   -20.2559   -20.5133   -20.6232     1.1914     1.7177     0.2574
