179.378048   5.079786  19.4530  17.5429  16.6341  16.1975  15.8899    0.07560000   0.00017168  22670.276    51.468369   0.018867   0.100002    -391.859 0   0.366517   0.283141   0.102666   0.071007   0.062821   -18.4812   -20.3080   -21.0363   -21.4412   -21.7407     1.8267     2.5550     0.4049
179.385864   5.047608  18.5933  16.6925  15.7854  15.3637  15.0499    0.07700000   0.00017883  23081.441    53.611885   0.022278   0.118083      19.307 0   0.334849   0.257396   0.092843   0.062788   0.059963   -19.3493   -21.1726   -21.9152   -22.3068   -22.6178     1.8233     2.5659     0.3916
179.399413   5.054752  20.0883  18.1619  17.2797  16.8408  16.5001    0.07880000   0.00017130  23609.705    51.354448   0.030794   0.163219     547.571 0   0.325666   0.250311   0.090524   0.060467   0.058803   -17.9138   -19.7648   -20.4872   -20.8961   -21.2351     1.8510     2.5735     0.4088
179.360101   5.097983  19.6887  17.7710  16.9418  16.5371  16.3140    0.07620000   0.00014698  22844.635    44.063495   0.036337   0.192595    -217.499 0   0.199978   0.156897   0.059191   0.033657   0.040808   -18.0962   -19.9709   -20.7024   -21.0815   -21.3118     1.8746     2.6061     0.3792
179.379167   5.100185  20.2076  18.6069  17.7469  17.3393  16.8410    0.07360000   0.00017315  22071.170    51.909064   0.038483   0.203973    -990.964 0   0.383048   0.315969   0.130214   0.076521   0.051692   -17.7060   -19.2396   -19.9138   -20.2677   -20.7412     1.5336     2.2079     0.3539
179.393037   5.097731  18.2719  16.3911  15.5234  15.1153  14.8120    0.08000000   0.00016963  23970.146    50.853795   0.041931   0.222246     908.011 0   0.270212   0.207562   0.076452   0.046665   0.051222   -19.7106   -21.5287   -22.2653   -22.6436   -22.9515     1.8181     2.5547     0.3783
179.327512   5.053405  18.9394  16.9988  16.0360  15.5961  15.2968    0.08110000   0.00016087  24317.096    48.227613   0.042986   0.227838    1254.961 0   0.496087   0.416504   0.162451   0.099511   0.066842   -19.2775   -21.1385   -21.8473   -22.2242   -22.4909     1.8610     2.5698     0.3770
179.329728   5.103614  19.2677  17.2645  16.3413  15.9287  15.6395    0.07680000   0.00016301  23018.784    48.869169   0.056878   0.301469     -43.350 0   0.352659   0.271613   0.098018   0.067370   0.061763   -18.6840   -20.6062   -21.3558   -21.7378   -22.0213     1.9222     2.6718     0.3820
179.423641   5.040888  20.2878  18.4911  17.6495  17.2539  16.9934    0.07860000   0.00017274  23561.918    51.786149   0.058157   0.308249     499.784 0   0.267694   0.203947   0.082097   0.044443   0.046680   -17.6537   -19.3866   -20.1064   -20.4643   -20.7271     1.7330     2.4527     0.3579
179.381870   5.120408  19.7284  17.8339  16.8998  16.4602  16.1685    0.07800000   0.00014959  23384.981    44.845954   0.058792   0.311616     322.846 0   0.470774   0.402529   0.160698   0.094474   0.061337   -18.3782   -20.2045   -20.8968   -21.2701   -21.5287     1.8263     2.5185     0.3734
179.412818   5.111502  20.3774  18.3761  17.5024  17.0435  16.7016    0.07460000   0.00015662  22357.982    46.953495   0.064926   0.344130    -704.153 0   0.340433   0.262092   0.094906   0.064256   0.060352   -17.5230   -19.4459   -20.1524   -20.5807   -20.9187     1.9230     2.6295     0.4282
179.301904   5.075754  19.7464  17.7422  16.6810  16.3304  16.0390    0.07810000   0.00016088  23421.256    48.230611   0.068646   0.363846     359.121 0   0.459295   0.361587   0.133858   0.094231   0.069056   -18.3728   -20.2792   -21.1127   -21.4237   -21.6899     1.9065     2.7400     0.3110
179.431291   5.021830  20.0961  18.2895  17.5766  17.1997  16.9476    0.07910000   0.00015192  23727.314    45.544470   0.073911   0.391754     665.180 0   0.006478   0.005481   0.001956   0.001635   0.001473   -17.5980   -19.4036   -20.1129   -20.4895   -20.7415     1.8056     2.5150     0.3766
179.443882   5.053204  18.7946  16.9111  16.0436  15.6299  15.3111    0.07720000   0.00016603  23131.327    49.774542   0.074624   0.395533      69.192 0   0.264634   0.203818   0.073796   0.045591   0.051118   -19.1046   -20.9273   -21.6648   -22.0503   -22.3746     1.8227     2.5602     0.3855
179.465915   5.060442  17.9946  16.0376  15.1356  14.7014  14.3737    0.07550000   0.00019867  22637.508    59.559768   0.095971   0.508677    -424.626 0   0.364454   0.281897   0.102615   0.070561   0.062388   -19.9347   -21.8091   -22.5319   -22.9340   -23.2535     1.8744     2.5972     0.4021
179.432364   5.137881  19.7009  17.8808  17.0853  16.6814  16.3856    0.07540000   0.00016521  22595.088    49.528712   0.097625   0.517445    -467.047 0   0.155086   0.124302   0.048659   0.028129   0.033263   -18.0131   -19.8024   -20.5223   -20.9056   -21.2066     1.7893     2.5092     0.3834
179.464272   5.115273  19.4760  17.6635  16.8011  16.3785  16.0721    0.07470000   0.00017666  22383.704    52.961336   0.107870   0.571743    -678.430 0   0.250311   0.193901   0.069871   0.042757   0.049307   -18.3159   -20.0720   -20.8104   -21.2059   -21.5188     1.7561     2.4945     0.3955
179.477084   5.047695  19.8379  18.1255  17.2405  16.8197  16.4970    0.07690000   0.00016371  23057.697    49.079023   0.108139   0.573172      -4.437 0   0.398033   0.334175   0.138802   0.079573   0.050886   -18.1862   -19.8348   -20.5244   -20.8860   -21.1800     1.6485     2.3382     0.3616
179.269002   5.103809  19.1818  17.1955  16.3078  15.8713  15.5728    0.07960000   0.00015453  23865.188    46.326929   0.108234   0.573677     803.054 0   0.312071   0.239439   0.086300   0.056974   0.057409   -18.8316   -20.7453   -21.4798   -21.8870   -22.1859     1.9137     2.6482     0.4072
179.395999   5.169270  18.9851  17.2618  16.4087  16.0007  15.7263    0.07730000   0.00016064  23183.460    48.158660   0.109572   0.580766     121.326 0   0.304073   0.236357   0.095216   0.054157   0.049875   -18.9534   -20.6090   -21.3210   -21.6879   -21.9580     1.6556     2.3675     0.3669
179.255855   5.099687  19.2647  17.5127  16.6482  16.2368  15.9442    0.07570000   0.00016091  22689.342    48.239604   0.119124   0.631396    -372.792 0   0.304418   0.235741   0.092349   0.054564   0.051970   -18.6103   -20.2937   -21.0148   -21.3884   -21.6784     1.6833     2.4044     0.3736
179.482160   4.999103  19.8459  18.1300  17.3548  16.9737  16.7250    0.07630000   0.00013777  22869.728    41.302407   0.129001   0.683743    -192.407 0   0.204759   0.147908   0.066440   0.029208   0.034785   -17.9679   -19.6269   -20.3207   -20.6645   -20.9188     1.6590     2.3528     0.3439
179.319638   5.185523  19.0587  17.1934  16.2807  15.8596  15.5525    0.07580000   0.00017274  22732.932    51.786149   0.132337   0.701428    -329.202 0   0.346917   0.268210   0.098202   0.066091   0.060359   -18.8829   -20.6695   -21.4122   -21.8012   -22.1026     1.7866     2.5293     0.3890
179.494599   5.017235  19.8239  17.9642  17.1500  16.7382  16.5274    0.07450000   0.00017951  22342.992    53.815744   0.132621   0.702934    -719.142 0   0.234935   0.176782   0.072133   0.036899   0.042487   -17.9680   -19.7696   -20.4791   -20.8557   -21.0721     1.8015     2.5111     0.3766
179.256335   4.990947  18.8301  17.4886  16.7625  16.3527  16.1119    0.07610000   0.00015983  22826.917    47.915829   0.133814   0.709257    -235.217 0   0.295155   0.269517   0.132802   0.044126  -0.010585   -19.0472   -20.3630   -20.9524   -21.2735   -21.4596     1.3159     1.9052     0.3211
179.418944   5.187466  19.1781  17.7149  17.0325  16.6017  16.3444    0.08030000   0.00021847  24062.902    65.495658   0.133913   0.709780    1000.767 0   0.242122   0.179028   0.094671   0.028432   0.010478   -18.7632   -20.1633   -20.7614   -21.1259   -21.3653     1.4001     1.9981     0.3646
179.231869   5.043811  19.4976  18.2387  17.6368  17.2957  17.1308    0.07500000   0.00009316  22492.529    27.928665   0.138515   0.734174    -569.606 0   0.191801   0.119871   0.084997   0.003273  -0.056970   -18.2658   -19.4528   -20.0198   -20.2792   -20.3838     1.1870     1.7540     0.2594
179.457830   5.174423  19.4631  17.6743  16.7895  16.3483  16.0084    0.07450000   0.00015729  22332.110    47.154356   0.141991   0.752595    -730.025 0   0.423302   0.352397   0.141985   0.086211   0.057199   -18.5172   -20.2351   -20.9095   -21.2949   -21.6058     1.7179     2.3923     0.3854
179.437277   5.193393  18.7645  16.9405  16.0816  15.6835  15.3638    0.07190000   0.00018363  21566.110    55.050889   0.146877   0.778494   -1496.024 1   0.244747   0.187982   0.070809   0.040779   0.047014   -18.9386   -20.7058   -21.4475   -21.8156   -22.1415     1.7672     2.5090     0.3681
179.513108   5.017702  19.3638  17.5549  16.7030  16.3024  15.9943    0.07680000   0.00016170  23034.703    48.476440   0.149923   0.794639     -27.431 0   0.275585   0.210919   0.082571   0.046969   0.049088   -18.5109   -20.2551   -20.9787   -21.3436   -21.6539     1.7442     2.4678     0.3650
179.347771   5.225221  17.9028  16.6440  16.0543  15.7173  15.5011    0.07330000   0.00014961  21969.001    44.851950   0.163771   0.868040   -1093.133 0   0.199494   0.144438   0.097012   0.003105  -0.076238   -19.8183   -21.0220   -21.5643   -21.8074   -21.9443     1.2037     1.7460     0.2431
179.205274   5.037792  18.7203  16.8762  15.9734  15.5462  15.2392    0.07110000   0.00016416  21326.066    49.213930   0.165599   0.877726   -1736.068 1   0.363170   0.281605   0.103233   0.070380   0.061815   -19.0981   -20.8606   -21.5850   -21.9794   -22.2778     1.7625     2.4870     0.3943
179.266566   5.194940  19.1258  18.0814  17.7829  17.4834  17.4692    0.07790000   0.00009085  23356.441    27.236145   0.167236   0.886402     294.306 0   0.168341   0.035591   0.084292  -0.070919  -0.029914   -18.6756   -19.5873   -19.9345   -20.0787   -20.1339     0.9117     1.2589     0.1443
179.237429   4.958139  19.9495  18.1623  17.3026  16.9024  16.5863    0.07240000   0.00016535  21716.066    49.570683   0.168249   0.891774   -1346.068 1   0.275637   0.211218   0.079899   0.047505   0.050804   -17.7996   -19.5224   -20.2507   -20.6185   -20.9379     1.7228     2.4512     0.3678
179.533090   5.011000  19.6039  17.8921  17.0855  16.7020  16.4484    0.07540000   0.00014749  22612.716    44.216390   0.170923   0.905944    -449.419 0   0.234852   0.174095   0.075043   0.035276   0.039509   -18.1899   -19.8409   -20.5485   -20.8922   -21.1500     1.6510     2.3586     0.3437
179.199752   5.007305  18.4244  16.6163  15.8051  15.4307  15.1562    0.07420000   0.00015503  22231.320    46.476825   0.178086   0.943912    -830.815 0   0.189885   0.143073   0.059295   0.030046   0.036600   -19.3137   -21.0750   -21.8024   -22.1476   -22.4286     1.7613     2.4887     0.3452
179.198173   5.007927  19.6438  17.7257  16.7062  16.2939  16.0536    0.07740000   0.00016649  23189.636    49.912446   0.179388   0.950815     127.502 0   0.523025   0.466424   0.182171   0.100594   0.067711   -18.4983   -20.3598   -21.0950   -21.4257   -21.6331     1.8615     2.5967     0.3307
179.337202   5.251618  18.9889  17.7280  17.0909  16.6014  16.3751    0.08140000   0.00008268  24402.656    24.786840   0.191457   1.014782    1340.522 1   0.273869   0.254136   0.129434   0.036436  -0.027506   -19.0350   -20.2762   -20.7886   -21.1851   -21.3474     1.2412     1.7536     0.3965
179.459196   5.242389  20.0925  18.3927  17.5736  17.1774  16.9493    0.07450000   0.00014736  22347.609    44.177417   0.200452   1.062460    -714.525 0   0.276251   0.211523   0.090144   0.045255   0.043152   -17.7408   -19.3758   -20.0735   -20.4249   -20.6509     1.6351     2.3328     0.3513
179.445955   5.254356  18.9115  17.0891  16.1864  15.7530  15.4094    0.07410000   0.00018135  22224.634    54.367362   0.206010   1.091919    -837.500 0   0.417851   0.341505   0.134893   0.085632   0.059503   -19.0516   -20.7977   -21.4938   -21.8779   -22.1954     1.7461     2.4421     0.3841
179.161396   5.079790  19.7374  17.6801  16.8074  16.3988  16.1151    0.07470000   0.00015213  22394.557    45.607427   0.208078   1.102881    -667.578 0   0.268489   0.206773   0.074460   0.046543   0.051832   -18.0727   -20.0683   -20.8087   -21.1894   -21.4784     1.9956     2.7360     0.3807
179.182375   4.963163  19.4024  18.0705  17.4819  17.0889  16.8332    0.07580000   0.00009503  22738.419    28.489277   0.211489   1.120959    -323.716 0   0.212952   0.156640   0.097830   0.012431  -0.049829   -18.4053   -19.6809   -20.2106   -20.5182   -20.7117     1.2756     1.8054     0.3076
179.359409   5.282638  18.5050  17.2596  16.6381  16.2747  16.0837    0.07770000   0.00007983  23296.632    23.932432   0.219973   1.165925     234.498 0   0.218276   0.205798   0.117777   0.012235  -0.077111   -19.3619   -20.5949   -21.1283   -21.3862   -21.4879     1.2329     1.7664     0.2579
179.156787   4.995208  19.6313  17.7166  16.8536  16.4878  16.2205    0.07390000   0.00016113  22163.956    48.305559   0.222528   1.179469    -898.178 0   0.252835   0.192917   0.074550   0.041853   0.047051   -18.1366   -19.9914   -20.7360   -21.0691   -21.3416     1.8548     2.5994     0.3331
179.142618   5.053126  18.8519  17.8984  17.3387  16.9395  16.8969    0.07440000   0.00007931  22319.069    23.776540   0.226308   1.199501    -743.066 0   0.127054   0.262190   0.131454  -0.028010  -0.090488   -18.8262   -19.9148   -20.3438   -20.5835   -20.5636     1.0886     1.5176     0.2397
179.349527   5.308644  19.9942  18.1765  17.2863  16.8949  16.6322    0.07800000   0.00016810  23372.629    50.395112   0.246556   1.306823     310.495 0   0.305415   0.235728   0.089720   0.055072   0.053874   -17.9471   -19.6951   -20.4393   -20.7960   -21.0575     1.7480     2.4922     0.3568
179.602670   4.971098  20.2198  18.3255  17.4500  17.0474  16.7588    0.08280000   0.00013934  24824.075    41.773081   0.249652   1.323236    1761.940 1   0.275474   0.211292   0.078891   0.047681   0.051353   -17.8429   -19.6730   -20.4161   -20.7875   -21.0798     1.8301     2.5732     0.3714
179.569483   4.911699  20.0839  18.2779  17.4429  17.0277  16.7405    0.07200000   0.00015709  21582.209    47.094397   0.250008   1.325119   -1479.925 1   0.256955   0.195902   0.076354   0.042642   0.047171   -17.6312   -19.3762   -20.0916   -20.4731   -20.7649     1.7449     2.4604     0.3815
179.125361   5.120878  19.8918  18.2172  17.3259  16.8611  16.5613    0.07240000   0.00014279  21691.933    42.807365   0.250099   1.325601   -1370.201 1   0.472149   0.434014   0.176014   0.091880   0.055541   -18.0538   -19.6903   -20.3236   -20.7042   -20.9677     1.6365     2.2698     0.3807
179.120779   5.021638  19.0722  17.1677  16.2407  15.8207  15.5027    0.07340000   0.00016156  21999.370    48.434470   0.251261   1.331762   -1062.764 0   0.395190   0.308579   0.113718   0.078878   0.064149   -18.8476   -20.6655   -21.3976   -21.7828   -22.0860     1.8179     2.5500     0.3852
179.220997   5.267982  18.1074  16.1602  15.2592  14.8343  14.5276    0.07310000   0.00019011  21911.411    56.993544   0.252922   1.340564   -1150.723 0   0.341729   0.262714   0.094598   0.064526   0.060792   -19.7500   -21.6182   -22.3510   -22.7459   -23.0488     1.8682     2.6011     0.3948
179.120951   5.001917  18.5607  17.4219  16.9973  16.7123  16.5963    0.07820000   0.00008233  23453.723    24.681913   0.255076   1.351984     391.589 0   0.155520   0.047470   0.073455  -0.022277  -0.069922   -19.2363   -20.2670   -20.7176   -20.9069   -20.9752     1.0308     1.4813     0.1893
179.127248   4.966440  20.3554  18.4868  17.6122  17.1476  16.7537    0.07280000   0.00014263  21834.155    42.759398   0.259965   1.377897   -1227.980 0   0.450266   0.380023   0.152380   0.091206   0.059516   -17.5803   -19.3787   -20.0256   -20.4291   -20.7913     1.7984     2.4453     0.4034
179.130135   4.932849  19.4573  17.7612  17.0472  16.5985  16.3100    0.07620000   0.00020942  22854.288    62.782537   0.271680   1.439990    -207.846 0   0.214450   0.154696   0.070184   0.030021   0.034879   -18.3421   -19.9785   -20.6079   -21.0165   -21.3098     1.6363     2.2658     0.4085
179.128166   4.923887  19.4509  17.6493  16.7792  16.3303  15.9936    0.07340000   0.00014788  22001.978    44.333309   0.277779   1.472315   -1060.156 0   0.416315   0.351109   0.144118   0.083815   0.053719   -18.4900   -20.2264   -20.8895   -21.2781   -21.5847     1.7364     2.3995     0.3886
179.112425   5.174032  20.0668  18.4041  17.6406  17.2917  17.0466    0.07360000   0.00014117  22064.665    42.321701   0.279239   1.480052    -997.469 0   0.111177   0.081876   0.036833   0.020273   0.022601   -17.5749   -19.2083   -19.9267   -20.2591   -20.5065     1.6334     2.3519     0.3323
179.636648   5.148941  18.6381  16.9554  16.2179  15.8477  15.5902    0.07600000   0.00014543  22784.497    43.598817   0.279576   1.481838    -277.638 0   0.126752   0.088207   0.042737   0.020813   0.023405   -19.0891   -20.7333   -21.4253   -21.7736   -22.0337     1.6442     2.3362     0.3483
179.089649   5.011497  20.1994  18.1788  17.3069  16.9297  16.6975    0.07650000   0.00015452  22936.282    46.323931   0.283557   1.502939    -125.853 0   0.281135   0.215603   0.083462   0.048559   0.050302   -17.6753   -19.6303   -20.3701   -20.7124   -20.9463     1.9551     2.6948     0.3423
179.541440   5.294751  19.8705  18.0818  17.2228  16.8395  16.5743    0.07590000   0.00015174  22764.980    45.490508   0.288190   1.527500    -297.154 0   0.290956   0.224574   0.091184   0.050352   0.048204   -18.0150   -19.7373   -20.4630   -20.8054   -21.0685     1.7223     2.4479     0.3425
179.072354   4.999464  18.6546  16.7083  15.7252  15.2199  14.8474    0.07240000   0.00016184  21714.058    48.518411   0.302805   1.604964   -1348.077 1   0.589219   0.482618   0.179572   0.111027   0.080042   -19.4081   -21.2478   -21.9278   -22.3646   -22.7061     1.8397     2.5198     0.4368
179.080827   4.960337  19.7209  17.7123  16.8302  16.4337  16.0765    0.07430000   0.00016945  22289.180    50.799832   0.305385   1.618635    -772.955 0   0.295290   0.226592   0.081366   0.052849   0.055470   -18.1255   -20.0654   -20.8023   -21.1703   -21.5301     1.9399     2.6768     0.3680
179.060229   5.063194  18.5626  17.5124  17.1077  16.8224  16.7570    0.07750000   0.00007443  23229.808    22.313553   0.308164   1.633366     167.674 0   0.168059   0.052999   0.080924  -0.044843  -0.066659   -19.2485   -20.1836   -20.6163   -20.7758   -20.8194     0.9351     1.3678     0.1595
179.073685   4.947196  20.1388  18.3106  17.4659  17.0779  16.7827    0.07300000   0.00017287  21884.939    51.825122   0.316656   1.678377   -1177.195 0   0.244162   0.185898   0.072612   0.039826   0.045521   -17.6149   -19.3848   -20.1163   -20.4715   -20.7724     1.7699     2.5013     0.3552
179.054678   5.016438  17.6472  15.8466  14.9959  14.5823  14.2987    0.07150000   0.00016706  21448.112    50.083328   0.317116   1.680813   -1614.023 1   0.255292   0.195943   0.073234   0.043021   0.048706   -20.0511   -21.7923   -22.5203   -22.9037   -23.1930     1.7413     2.4692     0.3834
179.062932   4.967886  17.2690  15.2818  14.4067  13.9881  13.6824    0.07260000   0.00020012  21760.975    59.994467   0.319907   1.695606   -1301.159 1   0.294133   0.225751   0.081437   0.052544   0.055138   -20.5046   -22.4234   -23.1542   -23.5439   -23.8522     1.9188     2.6496     0.3897
179.044879   4.995376  17.7734  15.9503  15.0937  14.6501  14.3836    0.07950000   0.00111435  23821.809   334.073726   0.330427   1.751365     759.674 0   0.252836   0.195595   0.070583   0.043226   0.049611   -20.1780   -21.9439   -22.6755   -23.0917   -23.3646     1.7659     2.4974     0.4162
179.702600   5.071836  19.3233  17.5241  16.6425  16.2259  15.9039    0.07560000   0.00015532  22664.460    46.563765   0.331821   1.758758    -397.675 0   0.306965   0.235643   0.085324   0.055704   0.056579   -18.5514   -20.2793   -21.0106   -21.3975   -21.7204     1.7279     2.4592     0.3870
179.043334   4.993040  23.4799  19.7248  18.8678  18.3658  18.0766    0.07900000   0.00016160  23683.364    48.446461   0.332417   1.761912     621.230 0   0.352416   0.271590   0.098201   0.067339   0.061629   -14.5573   -18.2316   -18.9152   -19.3864   -19.6699     3.6743     4.3579     0.4711
179.714363   5.103026  18.2001  16.2874  15.4074  14.9997  14.6887    0.07570000   0.00017527  22680.409    52.544624   0.345754   1.832604    -381.726 0   0.278789   0.214335   0.076956   0.048938   0.053323   -19.6493   -21.4975   -22.2402   -22.6198   -22.9352     1.8482     2.5909     0.3797
179.580011   5.339149  20.5816  18.3798  17.4222  16.9158  16.5234    0.07280000   0.00015876  21828.728    47.595051   0.346758   1.837927   -1233.406 0   0.593716   0.476836   0.176067   0.112461   0.080908   -17.4976   -19.5825   -20.2393   -20.6821   -21.0430     2.0849     2.7418     0.4428
179.017598   5.030663  17.8134  16.4334  15.7463  15.3310  15.0955    0.07890000   0.00009623  23652.006    28.849028   0.352108   1.866281     589.872 0   0.261917   0.216751   0.114783   0.033586  -0.014074   -20.1094   -21.4442   -22.0293   -22.3634   -22.5513     1.3348     1.9200     0.3341
179.159862   5.354068  20.1596  18.3378  17.4668  17.0757  16.7748    0.07710000   0.00016443  23099.459    49.294874   0.358366   1.899451      37.324 0   0.285384   0.219159   0.085300   0.049544   0.050471   -17.7363   -19.4919   -20.2291   -20.5844   -20.8862     1.7556     2.4927     0.3553
179.714567   5.177009  19.5803  17.9882  17.1122  16.6923  16.4009    0.07580000   0.00014868  22734.821    44.573143   0.362072   1.919097    -327.313 0   0.416286   0.370201   0.156574   0.081799   0.045045   -18.4307   -19.9767   -20.6391   -20.9842   -21.2389     1.5460     2.2084     0.3451
179.021200   4.926404  20.1282  18.3084  17.5566  17.1716  16.8883    0.07130000   0.00014588  21385.365    43.733724   0.372919   1.976588   -1676.769 1   0.103149   0.080669   0.034084   0.020443   0.022464   -17.4363   -19.2336   -19.9388   -20.3102   -20.5955     1.7973     2.5025     0.3714
179.040128   4.881665  18.7745  17.4096  16.7989  16.3958  16.1771    0.07280000   0.00009207  21821.713    27.601892   0.374904   1.987108   -1240.421 0   0.219458   0.159438   0.096020   0.016243  -0.030619   -18.9304   -20.2353   -20.7826   -21.1059   -21.2777     1.3049     1.8522     0.3233
179.745891   5.115117  20.1018  18.2968  17.4294  17.0161  16.7362    0.07550000   0.00016578  22643.354    49.699594   0.378442   2.005862    -418.780 0   0.287843   0.221099   0.083927   0.050532   0.052077   -17.7509   -19.4891   -20.2194   -20.5993   -20.8807     1.7383     2.4685     0.3799
179.042746   4.842831  20.4345  18.5678  17.7240  17.2994  17.0219    0.08190000   0.00015685  24552.732    47.022447   0.392979   2.082910    1490.598 1   0.242025   0.187031   0.068972   0.040682   0.047388   -17.5709   -19.3826   -20.1084   -20.5047   -20.7889     1.8117     2.5374     0.3963
179.004389   4.913724  18.1544  16.9269  16.4915  16.1737  15.9980    0.07150000   0.00008599  21435.610    25.779153   0.393184   2.084001   -1626.524 1   0.168424   0.067965   0.078555  -0.024867  -0.085632   -19.4570   -20.5840   -21.0300   -21.2444   -21.3593     1.1270     1.5730     0.2144
178.976917   4.957387  19.7315  17.7603  16.8677  16.3582  15.9943    0.07420000   0.00011332  22252.095    33.972481   0.405132   2.147327    -810.039 0   0.514044   0.438076   0.170478   0.101149   0.068390   -18.3308   -20.2260   -20.8510   -21.2912   -21.6223     1.8952     2.5202     0.4402
179.052623   4.804052  19.6308  18.1528  17.4398  17.0742  16.8452    0.07360000   0.00015527  22061.697    46.548775   0.408282   2.164021   -1000.437 0   0.217083   0.149192   0.081496   0.023060   0.013413   -18.1168   -19.5269   -20.1722   -20.4794   -20.6987     1.4101     2.0554     0.3072
179.674201   5.342897  19.3571  17.7832  17.0119  16.6140  16.3341    0.07480000   0.00013438  22436.288    40.286111   0.412865   2.188313    -625.847 0   0.281709   0.220008   0.102788   0.045090   0.030899   -18.4691   -19.9813   -20.6354   -20.9756   -21.2413     1.5122     2.1663     0.3402
179.070631   4.772279  19.3973  18.1444  17.6927  17.4358  17.2829    0.07270000   0.00021240  21785.918    63.675918   0.416109   2.205509   -1276.216 1   0.121934   0.036927   0.055233   0.000905  -0.059142   -18.2283   -19.3962   -19.8662   -20.0688   -20.1616     1.1679     1.6379     0.2026
178.941635   5.146565  19.8576  18.2128  17.3724  16.9385  16.6239    0.07290000   0.00014064  21862.065    42.162811   0.434428   2.302605   -1200.069 0   0.392831   0.341894   0.146832   0.076088   0.042235   -18.0449   -19.6388   -20.2841   -20.6473   -20.9280     1.5939     2.2392     0.3632
179.818234   5.012207  19.8740  18.1764  17.2869  16.8883  16.6111    0.07670000   0.00015869  23008.112    47.574065   0.449750   2.383816     -54.023 0   0.346042   0.275221   0.110053   0.066837   0.053399   -18.0713   -19.6980   -20.4224   -20.7778   -21.0415     1.6268     2.3511     0.3554
179.800788   5.212680  19.6309  18.0162  17.2137  16.7953  16.5100    0.07760000   0.00014364  23253.192    43.062189   0.454873   2.410970     191.058 0   0.334718   0.276729   0.123446   0.061454   0.036317   -18.3285   -19.8852   -20.5344   -20.8908   -21.1510     1.5567     2.2059     0.3564
179.788603   5.283264  18.5342  16.6271  15.7402  15.3196  15.0000    0.07500000   0.00014953  22495.796    44.827966   0.471971   2.501593    -566.338 0   0.311865   0.239151   0.085767   0.056933   0.057599   -19.3492   -21.1836   -21.9171   -22.3089   -22.6292     1.8344     2.5679     0.3918
179.796141   4.848931  18.9641  17.3131  16.4681  16.0007  15.6773    0.07230000   0.00015462  21672.716    46.353910   0.475713   2.521429   -1389.418 1   0.425608   0.373185   0.155805   0.084303   0.049374   -18.9319   -20.5305   -21.1581   -21.5540   -21.8425     1.5986     2.2262     0.3959
178.952329   4.821734  20.0536  18.2364  17.2908  16.8413  16.5338    0.08310000   0.00016313  24916.651    48.905144   0.480541   2.547020    1854.516 1   0.487802   0.419757   0.166365   0.097024   0.063520   -18.2054   -19.9545   -20.6467   -21.0269   -21.3009     1.7492     2.4414     0.3802
179.082785   5.450443  19.7510  18.0716  17.2418  16.8416  16.5256    0.07530000   0.00016756  22584.445    50.233224   0.481469   2.551936    -477.689 0   0.302651   0.237172   0.100494   0.053349   0.044950   -18.1107   -19.7246   -20.4178   -20.7708   -21.0784     1.6139     2.3070     0.3531
179.827599   5.229914  18.8675  17.0508  16.1294  15.6869  15.3620    0.07280000   0.00015135  21826.570    45.373589   0.485822   2.575010   -1235.565 0   0.462229   0.387265   0.153360   0.093906   0.062259   -19.0802   -20.8219   -21.5094   -21.8925   -22.1857     1.7417     2.4292     0.3830
179.816162   4.848275  18.4114  16.5415  15.6503  15.2412  14.9342    0.07300000   0.00017720  21876.395    53.123224   0.493891   2.617778   -1185.739 0   0.318122   0.244421   0.088558   0.058537   0.057859   -19.4163   -21.2125   -21.9478   -22.3269   -22.6332     1.7962     2.5315     0.3791
178.894619   4.916856  18.5335  17.3772  16.9128  16.5625  16.3973    0.08660000   0.00004479  25960.048    13.427704   0.495156   2.624480    2897.914 1   0.177510   0.104491   0.091216  -0.027639  -0.099032   -19.5078   -20.5911   -21.0422   -21.2737   -21.3675     1.0833     1.5344     0.2314
178.912637   4.858243  19.6489  18.3222  17.6481  17.2172  16.9699    0.07220000   0.00008875  21656.887    26.606581   0.499072   2.645240   -1405.247 1   0.270944   0.242817   0.125269   0.035446  -0.024355   -18.1107   -19.4093   -19.9658   -20.3069   -20.4944     1.2986     1.8551     0.3411
179.875702   5.122450  19.8764  18.1794  17.3397  16.9304  16.6544    0.07610000   0.00016100  22821.041    48.266586   0.507632   2.690611    -241.093 0   0.304593   0.237192   0.096370   0.054265   0.049193   -18.0103   -19.6399   -20.3388   -20.7060   -20.9769     1.6296     2.3285     0.3672
178.862026   4.993886  19.0425  18.0157  17.6467  17.3220  17.3309    0.07050000   0.00007155  21140.705    21.450150   0.510282   2.704657   -1921.430 1   0.168486   0.066252   0.090934  -0.078587  -0.054543   -18.5595   -19.4840   -19.8777   -20.0329   -20.0480     0.9246     1.3182     0.1552
179.050766   4.659949  18.9479  17.9390  17.5324  17.2138  17.0866    0.08620000   0.00004322  25847.026    12.957030   0.513062   2.719392    2784.892 1   0.160759   0.097149   0.096920  -0.066461  -0.071807   -19.0666   -20.0119   -20.4183   -20.5735   -20.6953     0.9453     1.3517     0.1552
178.880044   4.853915  19.5775  17.8479  17.0173  16.6167  16.3531    0.07540000   0.00015301  22612.116    45.871244   0.530540   2.812030    -450.018 0   0.277086   0.212222   0.089601   0.045697   0.044031   -18.2585   -19.9232   -20.6312   -20.9879   -21.2499     1.6647     2.3727     0.3567
179.900793   5.114248  18.4824  17.4719  17.1196  16.8669  16.8246    0.07450000   0.00008116  22326.114    24.331156   0.531606   2.817680    -736.020 0   0.149801   0.028692   0.076499  -0.039150  -0.034138   -19.2244   -20.1138   -20.5139   -20.6510   -20.6983     0.8894     1.2895     0.1371
179.171411   5.563815  18.7153  17.3597  16.7433  16.3796  16.1593    0.07630000   0.00008416  22885.257    25.230533   0.538413   2.853757    -176.878 0   0.196475   0.124260   0.082532   0.010022  -0.032048   -19.0902   -20.3736   -20.9483   -21.2395   -21.4177     1.2834     1.8581     0.2912
178.850443   4.910171  20.2081  18.3348  17.5110  17.1062  16.8083    0.07310000   0.00014734  21907.933    44.171421   0.539213   2.857999   -1154.201 0   0.176967   0.143067   0.053076   0.031526   0.037886   -17.4845   -19.3239   -20.0577   -20.4410   -20.7452     1.8394     2.5732     0.3832
179.070696   5.532441  18.6716  18.0715  17.8806  17.4516  17.6311    0.07560000   0.00080302  22650.759   240.739340   0.555983   2.946882    -411.375 0   0.170676   0.044300   0.086869  -0.079846  -0.035769   -19.0668   -19.5405   -19.7740   -20.0363   -19.9009     0.4737     0.7072     0.2623
178.859008   4.805392  18.7521  17.3940  16.7211  16.2795  15.9838    0.07410000   0.00009265  22205.957    27.775771   0.570074   3.021571    -856.177 1   0.283233   0.251954   0.127170   0.040031  -0.013895   -19.0764   -20.4032   -20.9513   -21.3058   -21.5476     1.3268     1.8749     0.3545
179.020085   5.519501  17.0286  15.5222  14.7600  14.3659  14.1217    0.08250000   0.00014709  24741.602    44.096473   0.574190   3.043386    1679.467 1   0.265394   0.203826   0.099948   0.038414   0.023065   -21.0161   -22.4609   -23.1192   -23.4518   -23.6807     1.4448     2.1032     0.3326
178.784106   5.113573  18.8412  17.5637  17.0199  16.6582  16.4589    0.07700000   0.00014861  23070.109    44.552157   0.585406   3.102838       7.974 0   0.188207   0.119000   0.088666  -0.005107  -0.080701   -18.9547   -20.1630   -20.6765   -20.9444   -21.0681     1.2083     1.7218     0.2679
179.971976   5.025579  19.1517  17.5085  16.7033  16.2589  15.9681    0.07730000   0.00011482  23178.814    34.422170   0.601185   3.186471     116.679 0   0.353207   0.302311   0.135181   0.065200   0.033051   -18.8360   -20.4283   -21.0663   -21.4408   -21.6994     1.5923     2.2304     0.3744
178.786691   5.232264  18.5711  16.8350  16.0055  15.6071  15.3157    0.08020000   0.00015567  24050.970    46.668692   0.604831   3.205797     988.835 1   0.254654   0.192627   0.078800   0.041013   0.044430   -19.3984   -21.0725   -21.7881   -22.1487   -22.4436     1.6741     2.3897     0.3606
179.201259   5.645664  18.5982  17.3401  16.7149  16.3377  16.1227    0.07700000   0.00009629  23094.062    28.867016   0.606409   3.214158      31.928 0   0.226282   0.203028   0.115861   0.016818  -0.065470   -19.2358   -20.4707   -21.0087   -21.2868   -21.4196     1.2348     1.7729     0.2782
179.044563   4.542342  19.0633  17.0764  16.1583  15.7353  15.4228    0.08280000   0.00018373  24822.036    55.080868   0.613031   3.249258    1759.902 1   0.373335   0.288818   0.104886   0.072810   0.063322   -19.0972   -20.9996   -21.7338   -22.1247   -22.4277     1.9024     2.6366     0.3909
179.955167   4.861742  18.1988  16.9677  16.2756  15.9306  15.7201    0.07650000   0.00014380  22944.616    43.110155   0.616995   3.270266    -117.519 0   0.244883   0.260070   0.133994   0.028494  -0.059874   -19.6396   -20.8859   -21.4519   -21.6914   -21.8136     1.2463     1.8123     0.2395
179.045726   4.536863  19.8179  18.4235  17.6517  17.2694  17.0975    0.08100000   0.00017251  24287.296    51.717197   0.617084   3.270739    1225.162 1   0.298567   0.332419   0.155565   0.051901  -0.026101   -18.2200   -19.6482   -20.2432   -20.5218   -20.6157     1.4283     2.0232     0.2786
178.817600   5.367279  18.9316  17.7451  17.3094  17.0326  16.8998    0.07640000   0.00008668  22892.002    25.986010   0.628472   3.331099    -170.132 0   0.132403   0.038966   0.062212  -0.004939  -0.062713   -18.8097   -19.9028   -20.3617   -20.5714   -20.6464     1.0931     1.5520     0.2096
178.984095   5.567131  19.7905  17.9440  17.0827  16.6081  16.2820    0.08200000   0.00016985  24584.540    50.919749   0.633802   3.359350    1522.406 1   0.433504   0.362803   0.145954   0.088158   0.058035   -18.3879   -20.1637   -20.8081   -21.2249   -21.5209     1.7758     2.4203     0.4168
179.992873   4.920945  18.0108  16.6405  15.9982  15.5842  15.2988    0.07340000   0.00016823  22007.285    50.434085   0.636863   3.375576   -1054.850 1   0.248842   0.202969   0.111235   0.028575  -0.023650   -19.7626   -21.0870   -21.6376   -21.9690   -22.2021     1.3244     1.8750     0.3313
179.258945   4.431866  19.5816  17.6758  16.7726  16.3870  16.0687    0.08610000   0.00016773  25812.460    50.284189   0.640588   3.395316    2750.326 1   0.298894   0.229658   0.084487   0.053616   0.054885   -18.5685   -20.4051   -21.1631   -21.5178   -21.8374     1.8366     2.5946     0.3547
178.725039   5.093589  18.6124  17.3310  16.8958  16.5356  16.4237    0.07450000   0.00008949  22328.572    26.828427   0.642779   3.406932    -733.562 1   0.174769   0.087344   0.086346  -0.032002  -0.093959   -19.1194   -20.3133   -20.7475   -20.9894   -21.0393     1.1940     1.6282     0.2419
