184.431373   3.656030  21.5243  19.5672  18.6177  18.2057  17.8607    0.07970000   0.00016691  23880.928    50.038359   0.012812   0.067805     605.941 0   0.405193   0.316287   0.116227   0.081338   0.065173   -16.5821   -18.4503   -19.1997   -19.5768   -19.9057     1.8682     2.6176     0.3771
184.443593   3.675042  19.7514  17.9435  17.0264  16.6105  16.2236    0.08060000   0.00016164  24163.422    48.458453   0.014536   0.076925     888.435 0   0.426858   0.343416   0.131971   0.087691   0.063151   -18.3828   -20.1073   -20.8129   -21.1845   -21.5469     1.7245     2.4301     0.3716
184.421340   3.655841  17.5482  15.5746  14.6452  14.1939  13.8492    0.07670000   0.00019149  23001.157    57.407258   0.015828   0.083762    -273.830 0   0.461603   0.371025   0.140965   0.095101   0.067029   -20.5126   -22.3956   -23.0950   -23.5004   -23.8170     1.8830     2.5824     0.4054
184.446516   3.664307  20.4401  18.3780  17.4572  17.0132  16.6489    0.07630000   0.00017127  22871.676    51.345454   0.016667   0.088205    -403.311 0   0.406059   0.316977   0.116472   0.081556   0.065249   -17.5750   -19.5480   -20.2683   -20.6774   -21.0254     1.9730     2.6933     0.4091
184.411556   3.663386  18.7218  16.6776  15.6990  15.2433  14.8767    0.07790000   0.00021381  23345.768    64.098625   0.019605   0.103749      70.781 0   0.531807   0.423135   0.157463   0.106934   0.074727   -19.4431   -21.3786   -22.0915   -22.4967   -22.8311     1.9355     2.6485     0.4052
184.438197   3.694141  18.9885  16.9499  16.0283  15.5906  15.2302    0.07470000   0.00018609  22402.471    55.788379   0.026491   0.140192    -872.516 0   0.413797   0.323334   0.118865   0.083532   0.065831   -18.9669   -20.9151   -21.6322   -22.0346   -22.3773     1.9481     2.6653     0.4024
184.440496   3.696165  20.0207  18.3410  17.4167  16.9862  16.6021    0.08000000   0.00015939  23990.382    47.783920   0.029142   0.154220     715.395 0   0.458893   0.384527   0.152573   0.093279   0.061741   -18.1504   -19.7558   -20.4481   -20.8193   -21.1719     1.6053     2.2977     0.3712
184.405718   3.652661  20.5013  18.5657  17.6749  17.2408  16.8993    0.07900000   0.00016877  23694.187    50.595973   0.029481   0.156018     419.200 0   0.351154   0.270471   0.097672   0.066995   0.061576   -17.5347   -19.3896   -20.1076   -20.5110   -20.8471     1.8549     2.5729     0.4034
184.459956   3.683974  19.8780  17.9370  17.0944  16.6912  16.3841    0.07470000   0.00013980  22394.407    41.910986   0.033135   0.175351    -880.580 0   0.207785   0.163626   0.060406   0.035135   0.042542   -17.8714   -19.7682   -20.5076   -20.8856   -21.2001     1.8968     2.6362     0.3779
184.462210   3.686451  20.0951  18.3214  17.3890  16.9689  16.6118    0.08280000   0.00015511  24830.940    46.500808   0.036287   0.192035    1555.953 0   0.438227   0.359444   0.141085   0.090043   0.061742   -18.1303   -19.8253   -20.5393   -20.9084   -21.2372     1.6949     2.4090     0.3691
184.386825   3.689152  19.6467  17.7006  16.8117  16.3819  16.0164    0.07250000   0.00014876  21720.353    44.597126   0.048041   0.254237   -1554.634 0   0.347749   0.267818   0.096793   0.066130   0.061192   -18.1743   -20.0405   -20.7584   -21.1575   -21.5181     1.8662     2.5840     0.3991
184.470435   3.640595  20.0652  18.2072  17.3131  16.8996  16.5392    0.08120000   0.00017430  24329.687    52.253825   0.048882   0.258687    1054.700 0   0.379792   0.300160   0.114190   0.075648   0.060412   -18.0353   -19.8136   -20.5218   -20.8967   -21.2419     1.7784     2.4865     0.3750
184.472325   3.694589  18.5198  16.4577  15.4964  15.0167  14.6438    0.07690000   0.00023757  23044.327    71.221694   0.049115   0.259919    -230.660 0   0.533199   0.424564   0.158046   0.107057   0.074829   -19.6395   -21.5930   -22.2878   -22.7165   -23.0571     1.9535     2.6482     0.4287
184.385698   3.645729  18.8990  17.0238  16.1309  15.7060  15.3700    0.08280000   0.00016828  24817.869    50.449075   0.050257   0.265965    1542.882 0   0.342938   0.263730   0.095026   0.064847   0.060878   -19.2311   -21.0271   -21.7513   -22.1461   -22.4781     1.7960     2.5202     0.3947
184.379855   3.664233  20.2627  18.4125  17.4848  17.0312  16.6819    0.07820000   0.00019531  23433.457    58.552465   0.050683   0.268218     158.470 0   0.470154   0.393052   0.154760   0.095452   0.063649   -17.8489   -19.6220   -20.3114   -20.7057   -21.0232     1.7731     2.4625     0.3943
184.471194   3.702972  18.4182  17.3050  16.8693  16.4051  16.2427    0.07820000   0.00008507  23432.078    25.503344   0.053119   0.281111     157.091 0   0.173114   0.153240   0.106806  -0.025920  -0.103277   -19.3964   -20.4897   -20.8789   -21.2104   -21.2955     1.0933     1.4826     0.3315
184.485063   3.677390  19.3592  17.4931  16.6150  16.1991  15.8556    0.07590000   0.00016618  22756.496    49.819511   0.055187   0.292055    -518.491 0   0.289205   0.221976   0.080066   0.051318   0.054520   -18.5246   -20.3234   -21.0596   -21.4468   -21.7935     1.7989     2.5351     0.3872
184.484360   3.655963  20.4667  18.5828  17.7038  17.2589  16.8822    0.07910000   0.00016248  23708.247    48.710279   0.055326   0.292792     433.260 0   0.413216   0.334165   0.130241   0.084550   0.060673   -17.6341   -19.4390   -20.1140   -20.5132   -20.8661     1.8048     2.4799     0.3992
184.457523   3.717340  20.4672  18.5060  17.5720  17.1561  16.7810    0.08320000   0.00015352  24952.146    46.024138   0.055553   0.293992    1677.159 0   0.404054   0.315482   0.116015   0.081074   0.065027   -17.7134   -19.5860   -20.3205   -20.7015   -21.0606     1.8726     2.6072     0.3810
184.493757   3.679089  20.1049  18.2914  17.3981  16.9430  16.5675    0.07640000   0.00015386  22917.395    46.126068   0.064023   0.338817    -357.592 0   0.436988   0.367589   0.148242   0.088623   0.057824   -17.9410   -19.6851   -20.3590   -20.7545   -21.0992     1.7441     2.4181     0.3955
184.418403   3.601448  20.1007  18.1711  17.2785  16.8468  16.5357    0.06970000   0.00016837  20887.350    50.476056   0.068422   0.362095   -2387.637 1   0.350092   0.269802   0.097635   0.066754   0.061352   -17.6400   -19.4893   -20.2097   -20.6105   -20.9162     1.8493     2.5697     0.4008
184.369228   3.630699  20.1275  18.4337  17.6628  17.3095  17.0441    0.08250000   0.00012563  24722.625    37.662926   0.071995   0.381005    1447.638 0   0.103734   0.078263   0.034226   0.019807   0.021814   -17.7555   -19.4239   -20.1507   -20.4896   -20.7570     1.6683     2.3952     0.3389
184.362605   3.694104  20.0242  18.1095  17.1653  16.7175  16.3632    0.07840000   0.00017805  23499.382    53.378047   0.072263   0.382424     224.395 0   0.460653   0.371870   0.142046   0.094896   0.066440   -18.1047   -19.9306   -20.6450   -21.0456   -21.3715     1.8259     2.5403     0.4006
184.380978   3.615688  17.9613  16.0031  15.0559  14.6065  14.2530    0.07720000   0.00021457  23150.064    64.326468   0.072510   0.383729    -124.924 0   0.469853   0.380077   0.145184   0.096695   0.067175   -20.1432   -22.0116   -22.7239   -23.1248   -23.4488     1.8684     2.5807     0.4009
184.400340   3.600538  19.5292  17.5765  16.6442  16.1946  15.8485    0.08230000   0.00015594  24684.102    46.749636   0.074584   0.394706    1409.114 0   0.469448   0.381333   0.146334   0.096561   0.066675   -18.6931   -20.5577   -21.2550   -21.6548   -21.9710     1.8646     2.5619     0.3998
184.484738   3.613712  20.0898  18.0120  17.1159  16.6565  16.3363    0.07500000   0.00016626  22476.280    49.843494   0.077281   0.408977    -798.707 0   0.397085   0.308571   0.112584   0.079026   0.065027   -17.8789   -19.8682   -20.5683   -20.9941   -21.3003     1.9893     2.6894     0.4258
184.398572   3.596353  20.3702  18.4327  17.5335  17.0710  16.7475    0.07620000   0.00017319  22856.087    51.921056   0.079125   0.418738    -418.900 0   0.436855   0.360872   0.142936   0.089548   0.060493   -17.6516   -19.5131   -20.1944   -20.6035   -20.8980     1.8615     2.5428     0.4091
184.377597   3.603487  20.0255  18.0916  17.1761  16.7179  16.4056    0.07360000   0.00016393  22058.939    49.144978   0.083948   0.444259   -1216.048 0   0.449701   0.374802   0.148747   0.091737   0.061110   -17.9547   -19.8137   -20.5032   -20.9043   -21.1860     1.8590     2.5484     0.4012
184.361111   3.617862  19.1526  17.2036  16.2766  15.8096  15.4542    0.07800000   0.00019578  23383.992    58.693367   0.085917   0.454678     109.005 0   0.493700   0.403753   0.154819   0.100485   0.068747   -18.9770   -20.8360   -21.5141   -21.9267   -22.2504     1.8591     2.5371     0.4127
184.345801   3.649248  18.9306  17.0890  16.1857  15.7610  15.4474    0.08540000   0.00016568  25597.179    49.669614   0.086696   0.458802    2322.192 1   0.365010   0.283815   0.104706   0.071008   0.061546   -19.2890   -21.0494   -21.7736   -22.1646   -22.4687     1.7604     2.4846     0.3910
184.500710   3.725838  19.8157  18.0067  17.1338  16.7323  16.3803    0.07870000   0.00016722  23604.099    50.131295   0.090393   0.478367     329.112 0   0.262772   0.202497   0.073191   0.045180   0.050927   -18.1236   -19.8723   -20.6159   -20.9894   -21.3472     1.7487     2.4923     0.3735
184.473851   3.587026  19.8733  18.0131  17.1196  16.6848  16.3718    0.07610000   0.00015824  22826.498    47.439159   0.092551   0.489785    -448.490 0   0.327966   0.251940   0.090787   0.061037   0.059237   -18.0368   -19.8209   -20.5533   -20.9583   -21.2695     1.7842     2.5165     0.4050
184.488229   3.595679  19.6839  17.8107  16.9542  16.5231  16.2214    0.07250000   0.00015056  21744.187    45.136752   0.093136   0.492883   -1530.800 0   0.260197   0.200676   0.072505   0.044645   0.050588   -18.0496   -19.8633   -20.5916   -20.9948   -21.3025     1.8137     2.5420     0.4032
184.393977   3.580777  18.7619  17.6135  16.9797  16.6271  16.3630    0.07430000   0.00009569  22272.931    28.687140   0.095254   0.504090   -1002.056 0   0.218918   0.239568   0.128710   0.016615  -0.080104   -19.0082   -20.1772   -20.7002   -20.9407   -21.1080     1.1691     1.6920     0.2405
184.461529   3.577059  19.3547  17.5994  16.7811  16.3786  16.0985    0.06810000   0.00015731  20415.087    47.160352   0.096854   0.512559   -2859.900 1   0.254360   0.192736   0.077889   0.041250   0.045079   -18.2363   -19.9299   -20.6334   -20.9993   -21.2832     1.6937     2.3971     0.3659
184.528487   3.646138  20.2387  18.3452  17.4675  17.0546  16.7185    0.07980000   0.00016422  23915.973    49.231917   0.100443   0.531553     640.986 0   0.285815   0.219454   0.078733   0.050549   0.054288   -17.7327   -19.5598   -20.2968   -20.6815   -21.0214     1.8271     2.5641     0.3847
184.526010   3.703243  18.9912  17.0478  16.1338  15.6945  15.3534    0.07720000   0.00018328  23148.954    54.945962   0.101405   0.536642    -126.033 0   0.392396   0.304445   0.110820   0.077755   0.064798   -19.0358   -20.8912   -21.6116   -22.0179   -22.3460     1.8554     2.5758     0.4062
184.333404   3.705672  20.2008  18.2522  17.3819  16.9585  16.6266    0.07290000   0.00016399  21840.000    49.162965   0.103612   0.548322   -1434.987 0   0.286392   0.219850   0.079153   0.050647   0.054231   -17.5953   -19.4773   -20.2069   -20.6018   -20.9373     1.8821     2.6117     0.3949
184.402352   3.770739  20.2593  18.2918  17.4148  17.0193  16.7234    0.07440000   0.00016100  22312.204    48.266586   0.105713   0.559443    -962.783 0   0.258091   0.199094   0.072154   0.044178   0.050193   -17.5498   -19.4583   -20.2084   -20.5759   -20.8778     1.9085     2.6586     0.3675
184.424952   3.775283  17.6376  16.3407  15.7657  15.3995  15.1874    0.07970000   0.00100203  23904.042   300.401037   0.106615   0.564216     629.055 0   0.197296   0.130697   0.089504   0.003619  -0.059521   -20.2609   -21.4912   -22.0250   -22.3053   -22.4543     1.2303     1.7641     0.2803
184.348219   3.739341  20.1511  18.2256  17.3638  16.9594  16.6500    0.07470000   0.00014839  22383.704    44.486203   0.108197   0.572590    -891.283 0   0.244025   0.189484   0.068359   0.041497   0.048388   -17.6345   -19.5055   -20.2462   -20.6237   -20.9400     1.8710     2.6116     0.3775
184.323408   3.687889  20.1258  18.2572  17.3865  16.9820  16.6341    0.08000000   0.00017433  23993.739    52.262819   0.108499   0.574187     718.752 0   0.270496   0.208190   0.075147   0.046979   0.052018   -17.8569   -19.6632   -20.4009   -20.7772   -21.1302     1.8063     2.5440     0.3763
184.320192   3.657725  20.3937  18.5374  17.6739  17.2755  16.9228    0.07390000   0.00017808  22163.686    53.387041   0.110574   0.585165   -1111.301 0   0.225694   0.176276   0.064441   0.038051   0.045386   -17.3471   -19.1539   -19.9056   -20.2776   -20.6376     1.8069     2.5585     0.3720
184.340579   3.595121  20.1776  18.2468  17.3416  16.8962  16.6054    0.07470000   0.00016105  22408.527    48.281575   0.116063   0.614218    -866.460 0   0.372360   0.287756   0.104257   0.072497   0.063388   -17.7364   -19.5826   -20.3043   -20.7179   -20.9996     1.8462     2.5679     0.4136
184.396932   3.548691  18.3443  16.5389  15.6927  15.3015  15.0246    0.07430000   0.00016751  22259.830    50.218235   0.124683   0.659836   -1015.157 0   0.269770   0.205935   0.081309   0.045343   0.047998   -19.4766   -21.2182   -21.9397   -22.2950   -22.5745     1.7416     2.4631     0.3552
184.303067   3.687978  19.6816  17.7632  16.9482  16.5823  16.2833    0.07270000   0.00014712  21785.348    44.105466   0.128545   0.680269   -1489.639 0   0.089572   0.080389   0.030212   0.020931   0.021977   -17.9117   -19.8209   -20.5857   -20.9423   -21.2424     1.9092     2.6740     0.3566
184.486713   3.550599  19.7512  17.8353  16.9705  16.5338  16.2687    0.07300000   0.00015888  21886.438    47.631026   0.130872   0.692586   -1388.549 0   0.251498   0.194449   0.070533   0.042869   0.049253   -18.0098   -19.8687   -20.6096   -21.0186   -21.2901     1.8589     2.5997     0.4090
184.386092   3.536222  20.0695  18.1950  17.3387  16.9585  16.6692    0.07910000   0.00015424  23708.157    46.239989   0.139776   0.739708     433.170 0   0.237715   0.180337   0.071491   0.038195   0.044105   -17.8558   -19.6729   -20.4204   -20.7673   -21.0625     1.8171     2.5646     0.3469
184.290947   3.635460  18.8953  16.9583  16.0347  15.6106  15.2400    0.07890000   0.00020165  23639.445    60.453149   0.143141   0.757515     364.458 0   0.407630   0.321119   0.119944   0.082495   0.064099   -19.1732   -21.0237   -21.7461   -22.1328   -22.4850     1.8505     2.5729     0.3867
184.517674   3.554709  17.4431  15.9398  15.2866  14.9192  14.6863    0.07840000   0.00013685  23510.144    41.026598   0.143520   0.759521     235.157 0   0.161869   0.095234   0.060220   0.017484   0.008867   -20.3870   -21.8236   -22.4418   -22.7665   -22.9908     1.4367     2.0549     0.3247
184.319801   3.572468  18.4940  16.6131  15.7302  15.3221  14.9795    0.07000000   0.00017974  20986.521    53.884696   0.146530   0.775449   -2288.466 1   0.299255   0.229632   0.082602   0.053824   0.055899   -19.2264   -21.0377   -21.7736   -22.1529   -22.4976     1.8113     2.5471     0.3793
184.363259   3.537961  18.7553  16.7819  15.8854  15.4635  15.1573    0.07130000   0.00017693  21386.145    53.042280   0.147020   0.778045   -1888.842 1   0.323744   0.248837   0.090075   0.059979   0.058541   -19.0298   -20.9282   -21.6660   -22.0578   -22.3626     1.8985     2.6362     0.3918
184.280917   3.667238  19.6370  17.8109  16.9554  16.5613  16.2401    0.07980000   0.00016952  23910.367    50.820817   0.149220   0.789684     635.380 0   0.216855   0.170656   0.062096   0.036786   0.044265   -18.2654   -20.0453   -20.7923   -21.1611   -21.4898     1.7799     2.5268     0.3688
184.309041   3.758315  20.1434  18.4215  17.5460  17.1613  16.8577    0.08210000   0.00014779  24614.580    44.306327   0.150625   0.797118    1339.593 0   0.325312   0.256438   0.103605   0.060633   0.051093   -17.9294   -19.5825   -20.3051   -20.6469   -20.9409     1.6530     2.3757     0.3417
184.283755   3.631302  20.3349  18.4144  17.5055  17.0812  16.7408    0.08200000   0.00013313  24578.125    39.911370   0.151108   0.799678    1303.138 0   0.359694   0.277268   0.100121   0.069176   0.062420   -17.7697   -19.6077   -20.3395   -20.7328   -21.0665     1.8381     2.5698     0.3934
184.286308   3.617019  19.4083  17.5836  16.6930  16.2860  15.9341    0.07750000   0.00016893  23243.299    50.643940   0.152871   0.809009     -31.688 0   0.368344   0.292423   0.113347   0.072838   0.057915   -18.6031   -20.3519   -21.0634   -21.4299   -21.7669     1.7488     2.4603     0.3665
184.485868   3.525753  19.0995  17.2477  16.4106  16.0122  15.7305    0.08030000   0.00015875  24062.992    47.592053   0.153379   0.811693     788.004 0   0.221995   0.170731   0.065494   0.036257   0.043333   -18.8217   -20.6222   -21.3541   -21.7233   -22.0120     1.8005     2.5324     0.3692
184.452906   3.514344  19.5488  17.9482  17.3948  17.0878  16.8784    0.07120000   0.00014005  21346.002    41.985934   0.156083   0.826005   -1928.985 1   0.114729   0.050538   0.044043   0.012805  -0.024606   -18.0029   -19.5393   -20.0862   -20.3620   -20.5340     1.5364     2.0833     0.2758
184.291448   3.595894  19.3476  17.4664  16.6080  16.1774  15.8454    0.07970000   0.00016279  23887.553    48.803214   0.156699   0.829265     612.566 0   0.259837   0.200433   0.072399   0.044579   0.050547   -18.6134   -20.4352   -21.1656   -21.5684   -21.9063     1.8218     2.5522     0.4028
184.575114   3.731618  18.7807  16.7988  15.8978  15.4662  15.1094    0.07670000   0.00017165  22999.838    51.459375   0.157452   0.833251    -275.150 0   0.352383   0.271467   0.098048   0.067313   0.061688   -19.1709   -21.0719   -21.7995   -22.2003   -22.5515     1.9010     2.6286     0.4009
184.551548   3.777099  19.0883  17.2395  16.3960  15.9940  15.6692    0.07590000   0.00017876  22766.509    53.590900   0.162281   0.858807    -508.478 0   0.193393   0.154710   0.056722   0.033595   0.040643   -18.6997   -20.5098   -21.2553   -21.6342   -21.9660     1.8101     2.5556     0.3789
184.568427   3.754791  18.6420  17.4300  16.9734  16.6441  16.5096    0.07880000   0.00010606  23632.100    31.795988   0.162348   0.859161     357.113 0   0.172508   0.078778   0.081898  -0.025652  -0.090833   -19.2069   -20.3252   -20.7849   -21.0066   -21.0760     1.1183     1.5780     0.2218
184.579138   3.598429  19.7727  17.8074  16.9048  16.4930  16.1358    0.07800000   0.00018969  23381.144    56.867631   0.164242   0.869183     106.157 0   0.342783   0.263881   0.095425   0.064852   0.060663   -18.2059   -20.0923   -20.8265   -21.2077   -21.5607     1.8864     2.6205     0.3812
184.276119   3.734287  20.0006  18.0015  17.1565  16.7478  16.3691    0.07750000   0.00015233  23225.012    45.667385   0.167342   0.885589     -49.975 0   0.216563   0.170598   0.061947   0.036788   0.044284   -17.8590   -19.8121   -20.5485   -20.9320   -21.3182     1.9531     2.6895     0.3835
184.514429   3.817426  18.5018  17.5725  17.2623  16.9685  16.8795    0.07300000   0.00008340  21895.222    25.002691   0.170627   0.902971   -1379.765 0   0.166648   0.034217   0.083494  -0.066979  -0.029835   -19.1744   -19.9713   -20.3307   -20.4741   -20.6002     0.7969     1.1563     0.1433
184.278105   3.590007  19.7295  17.9194  17.0124  16.5956  16.2278    0.07640000   0.00019248  22895.989    57.704052   0.171228   0.906155    -378.998 0   0.404724   0.325045   0.125816   0.082437   0.060730   -18.2841   -20.0145   -20.7223   -21.0957   -21.4418     1.7304     2.4382     0.3734
184.394719   3.838677  18.7209  16.9274  15.9291  15.3857  14.9569    0.07310000   0.00017947  21921.604    53.803752   0.173568   0.918535   -1353.383 0   0.666339   0.535128   0.192821   0.117722   0.089760   -19.4611   -21.1234   -21.7794   -22.2477   -22.6485     1.6623     2.3183     0.4683
184.297269   3.556291  19.9821  18.1219  17.2996  16.9318  16.6246    0.08020000   0.00014498  24029.775    43.463911   0.174129   0.921504     754.787 0   0.122262   0.106001   0.039521   0.025643   0.028772   -17.8550   -19.6989   -20.4548   -20.8087   -21.1190     1.8439     2.5998     0.3539
184.409470   3.844558  18.9469  17.2793  16.3755  15.9235  15.5748    0.07320000   0.00016845  21936.234    50.500040   0.176991   0.936652   -1338.753 0   0.456118   0.397878   0.161832   0.090952   0.056527   -19.0066   -20.6160   -21.2837   -21.6649   -21.9791     1.6094     2.2771     0.3811
184.563974   3.788389  18.6979  16.8402  15.9189  15.4886  15.1684    0.07590000   0.00016204  22758.744    48.578370   0.179051   0.947552    -516.243 0   0.411912   0.325935   0.122553   0.083712   0.063917   -19.3086   -21.0803   -21.7982   -22.1897   -22.4901     1.7717     2.4896     0.3915
184.476362   3.845253  19.2410  18.1450  17.6658  17.3644  17.2068    0.07140000   0.00008591  21410.698    25.755170   0.182300   0.964748   -1864.289 1   0.173040   0.080993   0.082064  -0.024096  -0.091552   -18.3752   -19.3791   -19.8594   -20.0546   -20.1448     1.0040     1.4842     0.1952
184.454457   3.854662  20.1254  18.4032  17.5343  17.1481  16.8430    0.08230000   0.00015285  24659.369    45.823277   0.187394   0.991703    1384.382 0   0.309226   0.241945   0.099096   0.055655   0.048773   -17.9367   -19.5916   -20.3176   -20.6604   -20.9586     1.6549     2.3810     0.3428
184.571700   3.543125  18.8449  18.1639  17.9392  17.5784  17.6491    0.07630000   0.00003792  22869.248    11.368130   0.188866   0.999495    -405.739 0   0.166084   0.033622   0.083258  -0.065892  -0.029496   -18.9302   -19.4788   -19.7531   -19.9647   -19.9304     0.5485     0.8229     0.2116
184.601398   3.774560  20.3699  18.4116  17.5155  17.0743  16.7599    0.08050000   0.00014588  24130.205    43.733724   0.200729   1.062276     855.218 0   0.354704   0.273390   0.098822   0.067921   0.061872   -17.7106   -19.5876   -20.3091   -20.7194   -21.0278     1.8770     2.5985     0.4103
184.630815   3.637475  19.1070  17.8483  17.2532  16.8868  16.6395    0.07620000   0.00015894  22854.198    47.649013   0.202409   1.071165    -420.789 0   0.211074   0.169406   0.105138   0.009802  -0.071232   -18.6890   -19.9061   -20.4369   -20.7080   -20.8742     1.2170     1.7479     0.2711
184.532386   3.843893  19.5633  18.2289  17.5930  17.2530  17.0028    0.07850000   0.00018783  23532.179    56.310017   0.202500   1.071645     257.192 0   0.175278   0.099570   0.068938   0.012769  -0.013999   -18.2618   -19.5205   -20.1257   -20.4096   -20.6330     1.2587     1.8640     0.2838
184.330056   3.844827  19.0754  17.8692  17.1630  16.7123  16.3992    0.07400000   0.00007792  22198.882    23.359828   0.202527   1.071792   -1076.105 0   0.304069   0.333295   0.155562   0.052061  -0.022281   -18.7710   -20.0064   -20.5349   -20.8821   -21.1208     1.2354     1.7639     0.3472
184.226984   3.663994  19.2405  17.3374  16.4226  16.0030  15.6260    0.07670000   0.00016723  22992.433    50.134293   0.203091   1.074774    -282.554 0   0.411381   0.325580   0.122483   0.083593   0.063831   -18.7701   -20.5874   -21.2991   -21.6798   -22.0371     1.8173     2.5290     0.3807
184.310519   3.504080  18.3244  16.3649  15.4787  15.0692  14.7659    0.07610000   0.00017242  22818.643    51.690216   0.203608   1.077512    -456.344 0   0.289274   0.222035   0.080215   0.051327   0.054465   -19.5470   -21.4392   -22.1836   -22.5642   -22.8707     1.8923     2.6366     0.3806
184.241227   3.572862  19.6908  17.8733  16.9984  16.5878  16.2353    0.07610000   0.00014491  22803.653    43.442925   0.211799   1.120859    -471.334 0   0.286951   0.220249   0.079493   0.050753   0.054209   -18.1783   -19.9290   -20.6632   -21.0451   -21.4010     1.7508     2.4849     0.3819
184.642970   3.645058  19.2143  17.3050  16.3817  15.8999  15.5602    0.07770000   0.00019539  23300.919    58.576448   0.213425   1.129464      25.932 0   0.510381   0.433464   0.168814   0.100918   0.068030   -18.9448   -20.7771   -21.4358   -21.8497   -22.1565     1.8324     2.4910     0.4139
184.622377   3.774746  17.9913  16.7751  16.2295  15.8679  15.6717    0.07090000   0.00009741  21249.529    29.202783   0.218892   1.158395   -2025.458 1   0.194171   0.148597   0.100927  -0.002272  -0.092019   -19.6519   -20.8225   -21.3205   -21.5789   -21.6853     1.1706     1.6686     0.2584
184.379798   3.455080  20.2855  18.3993  17.4719  17.0216  16.5973    0.07930000   0.00015530  23763.829    46.557769   0.219620   1.162249     488.842 0   0.471385   0.379070   0.143800   0.096999   0.067974   -17.8761   -19.6700   -20.3621   -20.7656   -21.1609     1.7939     2.4860     0.4035
184.593495   3.817734  19.5785  17.7258  16.7877  16.3551  16.0462    0.07830000   0.00016755  23467.574    50.230226   0.220587   1.167368     192.587 0   0.453113   0.366999   0.141044   0.093364   0.065224   -18.5159   -20.2825   -20.9946   -21.3796   -21.6603     1.7666     2.4787     0.3849
184.606222   3.802845  20.0126  18.2668  17.3940  16.9843  16.6712    0.07500000   0.00016604  22479.488    49.777540   0.220772   1.168346    -795.499 0   0.346616   0.276527   0.111416   0.066998   0.052650   -17.9056   -19.5813   -20.2890   -20.6543   -20.9530     1.6757     2.3834     0.3653
184.602913   3.515183  19.6208  17.7259  16.8415  16.4223  16.1155    0.08330000   0.00015105  24970.673    45.283651   0.230711   1.220944    1695.686 1   0.283981   0.218085   0.078551   0.050093   0.053896   -18.4635   -20.2925   -21.0374   -21.4281   -21.7387     1.8290     2.5739     0.3907
184.208907   3.738259  19.5299  17.5810  16.6817  16.2720  15.9116    0.08090000   0.00015959  24259.086    47.843878   0.231726   1.226315     984.099 0   0.330072   0.253459   0.091109   0.061557   0.059595   -18.5368   -20.4091   -21.1460   -21.5262   -21.8846     1.8723     2.6092     0.3801
184.351697   3.886821  19.3407  17.5635  16.7254  16.3626  16.0749    0.07820000   0.00014642  23436.305    43.895612   0.231741   1.226392     161.318 0   0.239028   0.179060   0.074519   0.037126   0.041922   -18.5398   -20.2570   -20.9906   -21.3160   -21.6085     1.7172     2.4508     0.3254
184.569333   3.857006  19.6596  17.7466  16.8155  16.3927  16.0679    0.07870000   0.00016368  23596.395    49.070030   0.233735   1.236946     321.407 0   0.381625   0.296530   0.108547   0.075172   0.063500   -18.3986   -20.2265   -20.9696   -21.3590   -21.6721     1.8279     2.5710     0.3894
184.586037   3.492142  19.4980  17.5805  16.5947  16.1964  15.8934    0.07550000   0.00015309  22632.202    45.895227   0.235210   1.244751    -642.785 0   0.441746   0.347398   0.128601   0.090450   0.067590   -18.5086   -20.3317   -21.0987   -21.4589   -21.7390     1.8232     2.5902     0.3601
184.192733   3.656777  19.9455  18.1401  17.2765  16.8962  16.5941    0.08380000   0.00012866  25127.225    38.571298   0.237519   1.256972    1852.238 1   0.278691   0.213595   0.082130   0.048042   0.050377   -18.1254   -19.8657   -20.5978   -20.9440   -21.2485     1.7403     2.4724     0.3462
184.350859   3.443414  19.0931  17.0528  16.1098  15.6441  15.2837    0.07470000   0.00018774  22386.012    56.283036   0.238975   1.264676    -888.975 0   0.480997   0.383927   0.144203   0.098794   0.069662   -18.9295   -20.8727   -21.5760   -21.9963   -22.3276     1.9432     2.6465     0.4203
184.397507   3.908443  19.6957  17.9374  17.0686  16.6517  16.3287    0.07430000   0.00016870  22285.492    50.574988   0.241877   1.280036    -989.495 0   0.366948   0.296592   0.119925   0.072607   0.053422   -18.2224   -19.9103   -20.6025   -20.9720   -21.2759     1.6879     2.3801     0.3696
184.650029   3.564273  19.4412  17.7249  16.8924  16.4984  16.2094    0.07450000   0.00014742  22324.225    44.195404   0.242800   1.284917    -950.762 0   0.288914   0.222721   0.090504   0.049766   0.047979   -18.4047   -20.0548   -20.7551   -21.1084   -21.3956     1.6501     2.3504     0.3533
184.444521   3.911267  19.2688  17.9449  17.2214  16.8081  16.5560    0.08190000   0.00018319  24556.300    54.918980   0.242866   1.285268    1281.313 0   0.302269   0.276905   0.134854   0.046902  -0.006669   -18.7969   -20.0954   -20.6769   -21.0022   -21.2007     1.2985     1.8800     0.3253
184.414377   3.421849  20.5846  18.5607  17.7173  17.2749  16.9791    0.07540000   0.00017415  22593.559    52.208857   0.247479   1.309679    -681.428 0   0.234012   0.182529   0.065962   0.039616   0.046921   -17.2083   -19.1807   -19.9076   -20.3236   -20.6267     1.9724     2.6992     0.4161
184.670747   3.607245  19.8912  18.0737  17.2205  16.8092  16.5207    0.07660000   0.00015395  22962.184    46.153049   0.247596   1.310297    -312.803 0   0.250409   0.192278   0.072106   0.041990   0.047932   -17.9556   -19.7150   -20.4480   -20.8292   -21.1236     1.7594     2.4924     0.3812
184.167193   3.708763  18.6019  16.5410  15.6241  15.1846  14.8418    0.08010000   0.00018684  23998.476    56.013223   0.265723   1.406230     723.489 0   0.386075   0.299566   0.109198   0.076191   0.064167   -19.4991   -21.4735   -22.2001   -22.6066   -22.9373     1.9744     2.7009     0.4065
184.649476   3.513525  19.0957  17.0474  16.1377  15.7129  15.3884    0.08210000   0.00016813  24627.261    50.404106   0.268133   1.418982    1352.274 0   0.354704   0.273957   0.099647   0.068025   0.061508   -19.0065   -20.9741   -21.7095   -22.1026   -22.4206     1.9676     2.7029     0.3932
184.176340   3.581235  19.7109  17.8597  16.9601  16.5235  16.2115    0.07740000   0.00015156  23199.439    45.436545   0.268270   1.419708     -75.548 0   0.365962   0.283373   0.103385   0.071008   0.062374   -18.2741   -20.0427   -20.7623   -21.1665   -21.4699     1.7686     2.4882     0.4042
184.690571   3.600464  20.0936  18.3933  17.5576  17.1778  16.9258    0.07300000   0.00015263  21875.166    45.757323   0.268449   1.420653   -1399.821 0   0.275074   0.210264   0.087857   0.045382   0.044763   -17.6910   -19.3265   -20.0398   -20.3771   -20.6285     1.6355     2.3488     0.3373
184.602308   3.453580  19.0604  17.0080  16.1139  15.6804  15.3724    0.07780000   0.00018328  23310.303    54.945962   0.275214   1.456455      35.316 0   0.335529   0.258060   0.093284   0.062974   0.059930   -18.9237   -20.8986   -21.6279   -22.0311   -22.3361     1.9749     2.7043     0.4032
184.556353   3.918665  20.2049  18.3567  17.4707  17.0746  16.7895    0.07830000   0.00015363  23467.064    46.057115   0.279677   1.480073     192.077 0   0.292140   0.224580   0.085036   0.051645   0.052700   -17.7285   -19.5092   -20.2556   -20.6183   -20.9045     1.7806     2.5271     0.3627
184.246121   3.448727  19.4461  17.5105  16.6151  16.2202  15.9146    0.07700000   0.00016437  23086.298    49.276886   0.286825   1.517901    -188.689 0   0.274385   0.211031   0.076200   0.047870   0.052526   -18.4360   -20.3083   -21.0688   -21.4354   -21.7457     1.8722     2.6328     0.3666
184.304811   3.400611  18.8523  16.9062  16.0116  15.5766  15.2289    0.07620000   0.00017092  22838.669    51.240527   0.296051   1.566729    -436.318 0   0.367423   0.284481   0.103713   0.071373   0.062550   -19.1001   -20.9632   -21.6771   -22.0797   -22.4186     1.8632     2.5770     0.4027
184.552949   3.939679  19.8306  18.0294  17.1148  16.6433  16.2879    0.07900000   0.00017565  23691.729    52.658545   0.297186   1.572734     416.741 0   0.492973   0.425474   0.168260   0.097567   0.064179   -18.3472   -20.0809   -20.7383   -21.1391   -21.4611     1.7337     2.3911     0.4008
184.591246   3.410426  19.4577  18.1644  17.5409  17.1823  16.9630    0.08260000   0.00016911  24751.975    50.697903   0.304164   1.609660    1476.988 1   0.209523   0.152172   0.096720   0.010309  -0.053844   -18.5126   -19.7485   -20.3166   -20.5888   -20.7439     1.2359     1.8040     0.2722
184.190564   3.467994  19.1409  17.5776  16.7097  16.3093  16.0479    0.07790000   0.00014102  23361.357    42.276732   0.312456   1.653546      86.370 0   0.390194   0.362241   0.158003   0.074393   0.031402   -18.8824   -20.4177   -21.0814   -21.3982   -21.6166     1.5353     2.1990     0.3168
184.337280   3.370158  19.4386  17.5434  16.7036  16.2918  16.0110    0.07430000   0.00015203  22285.462    45.577447   0.312784   1.655282    -989.525 0   0.232225   0.179314   0.067091   0.038470   0.045556   -18.3448   -20.1871   -20.9146   -21.2978   -21.5857     1.8423     2.5699     0.3832
184.698615   3.485746  18.9888  16.9254  16.0061  15.5774  15.2518    0.07720000   0.00018514  23150.783    55.503576   0.324249   1.715956    -124.204 0   0.383870   0.297375   0.108066   0.075532   0.064188   -19.0297   -21.0066   -21.7366   -22.1327   -22.4470     1.9769     2.7069     0.3962
184.107815   3.734310  20.2220  18.4456  17.5938  17.1987  16.9047    0.07970000   0.00015945  23895.737    47.801907   0.328555   1.738740     620.750 0   0.266877   0.203980   0.078826   0.045098   0.048754   -17.7461   -19.4596   -20.1862   -20.5476   -20.8452     1.7135     2.4401     0.3614
184.644330   3.403482  19.4947  18.0523  17.4195  17.0599  16.9281    0.08180000   0.00015207  24514.299    45.589439   0.340531   1.802122    1239.312 0   0.180905   0.104520   0.072449   0.011341  -0.020866   -18.4469   -19.8130   -20.4137   -20.7122   -20.8118     1.3660     1.9667     0.2985
184.455451   4.012521  18.4603  17.3423  16.8381  16.4988  16.3251    0.08220000   0.00009878  24639.672    29.613499   0.344619   1.823752    1364.685 0   0.176755   0.143543   0.103762  -0.023478  -0.103700   -19.4638   -20.5486   -21.0130   -21.2251   -21.3186     1.0848     1.5492     0.2121
184.478562   3.326175  18.9583  17.5833  16.9533  16.5742  16.3454    0.07470000   0.00010355  22404.989    31.043509   0.345983   1.830970    -869.998 0   0.210932   0.146092   0.090978   0.012788  -0.031286   -18.7943   -20.1044   -20.6793   -20.9802   -21.1649     1.3102     1.8850     0.3009
184.331644   4.001796  20.0673  18.1888  17.4692  17.0682  16.8332    0.07980000   0.00011660  23930.633    34.955801   0.347276   1.837815     655.646 0   0.165595   0.115047   0.055753   0.024092   0.028197   -17.7839   -19.6118   -20.2721   -20.6415   -20.8806     1.8280     2.4883     0.3693
184.479061   4.021523  17.7185  16.2913  15.5962  15.1906  14.9577    0.08230000   0.00019137  24662.966    57.371283   0.356037   1.884179    1387.979 1   0.240502   0.178632   0.096557   0.027093   0.003511   -20.2748   -21.6402   -22.2532   -22.5893   -22.7986     1.3653     1.9784     0.3361
184.070662   3.618417  18.6657  16.7501  15.8614  15.4474  15.1265    0.07360000   0.00017775  22075.368    53.288109   0.362554   1.918668   -1199.620 0   0.313108   0.240329   0.086819   0.057239   0.057426   -19.1779   -21.0207   -21.7559   -22.1403   -22.4614     1.8428     2.5780     0.3844
184.612366   3.982805  18.8097  17.5941  16.9811  16.5534  16.3574    0.07620000   0.00007855  22847.333    23.548698   0.362709   1.919485    -427.654 0   0.232499   0.223670   0.122563   0.019463  -0.065075   -19.0078   -20.2145   -20.7264   -21.0510   -21.1625     1.2068     1.7187     0.3246
184.097855   3.501985  19.2362  17.8800  17.0591  16.6593  16.3840    0.07760000   0.00016555  23274.477    49.630641   0.371465   1.965825      -0.510 0   0.353065   0.373979   0.166610   0.071803   0.005098   -18.7415   -20.1186   -20.7322   -21.0372   -21.2457     1.3771     1.9906     0.3050
184.533298   3.307757  18.3945  16.9060  16.2110  15.8142  15.5310    0.07770000   0.00018396  23301.938    55.149821   0.375361   1.986440      26.951 0   0.256240   0.198738   0.104245   0.033749   0.004394   -19.5104   -20.9414   -21.5419   -21.8682   -22.1221     1.4310     2.0315     0.3263
184.412837   4.048109  19.0352  17.1683  16.3476  15.9667  15.6641    0.07260000   0.00015945  21760.106    47.801907   0.379708   2.009446   -1514.881 1   0.150165   0.124840   0.046649   0.028649   0.033519   -18.5944   -20.4360   -21.1785   -21.5414   -21.8489     1.8416     2.5841     0.3629
184.613701   3.325672  18.0316  16.2581  15.3364  14.8797  14.5447    0.07720000   0.00016561  23154.201    49.648629   0.388834   2.057740    -120.786 0   0.458861   0.390734   0.156793   0.092492   0.059805   -20.0619   -21.7672   -22.4550   -22.8474   -23.1497     1.7054     2.3931     0.3924
184.072914   3.839950  18.3801  16.6671  15.9042  15.5624  15.2715    0.08060000   0.00014698  24168.099    44.063495   0.395711   2.094138     893.112 0   0.070044   0.054597   0.022365   0.014958   0.015386   -19.3973   -21.0948   -21.8255   -22.1599   -22.4512     1.6976     2.4282     0.3344
184.306461   3.281441  18.1620  16.1553  15.2173  14.7716  14.4270    0.07830000   0.00018864  23485.651    56.552849   0.406644   2.151997     210.664 0   0.447431   0.352431   0.130691   0.091736   0.067933   -19.9267   -21.8384   -22.5547   -22.9614   -23.2822     1.9117     2.6280     0.4067
184.021493   3.771625  19.6716  17.8211  16.9328  16.5303  16.2079    0.07830000   0.00017554  23486.191    52.625568   0.420856   2.227207     211.204 0   0.314831   0.242360   0.089097   0.057696   0.056772   -18.2845   -20.0626   -20.7976   -21.1687   -21.4902     1.7780     2.5131     0.3711
184.126844   3.366716  20.3425  18.4641  17.6346  17.2544  16.9598    0.07620000   0.00013003  22854.498    38.982013   0.427843   2.264185    -420.489 0   0.193419   0.149767   0.058621   0.031949   0.038834   -17.4359   -19.2706   -20.0090   -20.3625   -20.6640     1.8347     2.5731     0.3535
184.265225   3.267040  18.0006  16.0633  15.1886  14.7678  14.4621    0.07620000   0.00016691  22854.498    50.038359   0.434281   2.298251    -420.489 0   0.297917   0.228617   0.082266   0.053492   0.055716   -19.8823   -21.7503   -22.4786   -22.8707   -23.1786     1.8680     2.5963     0.3920
184.422098   4.107537  19.1121  17.4147  16.7599  16.4571  16.2187    0.07920000   0.00012465  23739.246    37.369130   0.438808   2.322209     464.259 0   0.031091   0.016420   0.007161   0.004627   0.003769   -18.6093   -20.2921   -20.9376   -21.2379   -21.4754     1.6827     2.3283     0.3003
184.066435   3.946049  19.0455  17.9638  17.5516  17.2692  17.0971    0.07460000   0.00009175  22351.596    27.505958   0.456964   2.418290    -923.391 0   0.152856   0.045229   0.072507  -0.020553  -0.067938   -18.6673   -19.6414   -20.0808   -20.2702   -20.3949     0.9741     1.4136     0.1893
184.383349   4.126491  19.0172  17.0022  16.1208  15.6976  15.3636    0.07810000   0.00018855  23428.601    56.525868   0.460088   2.434828     153.614 0   0.310677   0.238331   0.085746   0.056636   0.057315   -18.9533   -20.8960   -21.6248   -22.0189   -22.3536     1.9427     2.6715     0.3941
184.458675   4.132515  19.6795  17.7800  16.9179  16.5042  16.1997    0.07980000   0.00014232  23937.468    42.666463   0.464562   2.458504     662.481 0   0.229269   0.179290   0.064877   0.038851   0.046207   -18.2354   -20.0849   -20.8326   -21.2202   -21.5321     1.8495     2.5972     0.3877
184.724968   4.050053  19.6331  17.7723  16.8908  16.4937  16.1814    0.07760000   0.00017876  23269.111    53.590900   0.481396   2.547589      -5.876 0   0.280200   0.215206   0.078258   0.049124   0.053031   -18.2718   -20.0676   -20.8121   -21.1801   -21.4963     1.7958     2.5404     0.3680
184.141493   3.278204  20.0326  18.3112  17.5337  17.1854  16.9199    0.07740000   0.00012850  23191.015    38.523331   0.485507   2.569344     -83.972 0   0.102238   0.077211   0.033701   0.019613   0.021545   -17.6887   -19.3850   -20.1190   -20.4532   -20.7207     1.6964     2.4304     0.3342
184.517456   4.157245  19.0197  17.7479  17.1118  16.7766  16.5230    0.07910000   0.00017609  23726.085    52.790454   0.496097   2.625388     451.098 0   0.215539   0.165489   0.101885   0.013842  -0.055851   -18.8834   -20.1052   -20.6777   -20.9248   -21.1087     1.2218     1.7942     0.2472
184.419198   4.168887  18.6635  17.6529  17.4428  20.7559  16.7017    0.08230000   0.00009090  24672.949    27.251134   0.500204   2.647125    1397.962 1   0.006559   0.000566   0.001452  -0.000630  -0.000226   -19.0959   -20.1005   -20.3115   -16.9963   -21.0509     1.0046     1.2156    -3.3152
184.897173   3.879591  18.2475  16.2838  15.3784  14.9568  14.6136    0.07720000   0.00017259  23157.618    51.741180   0.511255   2.705606    -117.369 0   0.357408   0.275895   0.100097   0.068679   0.061921   -19.7445   -21.6267   -22.3563   -22.7465   -23.0829     1.8822     2.6118     0.3902
184.347860   4.178139  19.7457  18.2404  17.5629  17.1493  16.8840    0.07900000   0.00014831  23690.589    44.462219   0.515955   2.730476     415.602 0   0.240555   0.178643   0.096505   0.027125   0.003723   -18.1797   -19.6231   -20.2184   -20.5627   -20.8046     1.4434     2.0388     0.3442
184.910102   3.863071  20.0797  18.2339  17.3420  16.9549  16.6687    0.07560000   0.00016397  22650.190    49.156969   0.516601   2.733896    -624.797 0   0.298238   0.229412   0.086108   0.053274   0.053850   -17.7863   -19.5632   -20.3118   -20.6661   -20.9529     1.7770     2.5256     0.3543
184.369288   4.183305  17.9441  15.9530  15.0560  14.6116  14.2734    0.07910000   0.00016831  23727.824    50.458069   0.518103   2.741848     452.837 0   0.361318   0.279400   0.101750   0.069753   0.062075   -20.1048   -22.0140   -22.7333   -23.1457   -23.4763     1.9092     2.6285     0.4124
184.094121   3.272552  19.0792  17.1837  16.3205  15.9261  15.6354    0.08070000   0.00015395  24182.939    46.153049   0.519290   2.748130     907.951 0   0.257775   0.197972   0.073576   0.043655   0.049247   -18.8858   -20.7215   -21.4603   -21.8248   -22.1210     1.8357     2.5745     0.3645
184.300452   4.173990  19.3808  18.1796  17.6226  17.2726  17.1286    0.08250000   0.00020069  24744.180    60.165348   0.521570   2.760194    1469.193 1   0.189342   0.132061   0.095579  -0.006697  -0.092714   -18.5878   -19.7318   -20.2523   -20.5000   -20.5580     1.1439     1.6644     0.2477
183.994730   3.370643  19.2522  17.3752  16.5266  16.1273  15.8201    0.07550000   0.00017675  22630.613    52.988317   0.527223   2.790108    -644.374 0   0.227120   0.175425   0.066061   0.037524   0.044643   -18.5398   -20.3651   -21.1043   -21.4751   -21.7894     1.8253     2.5645     0.3708
184.149634   4.119460  17.7086  17.8486  17.0019  16.4897  16.5795    0.07570000   0.00073037  22687.004   218.959418   0.530673   2.808368    -587.983 0   0.047467   0.203579   0.102119  -0.090915  -0.056920   -19.9095   -19.9256   -20.6708   -20.9900   -20.9342     0.0161     0.7614     0.3192
184.148792   4.118999  18.0151  17.7222  17.3770  16.8325  17.0765    0.07560000   0.00081179  22654.896   243.368519   0.530726   2.808646    -620.091 0   0.047467   0.203579   0.102119  -0.090915  -0.056920   -19.6001   -20.0491   -20.2928   -20.6443   -20.4343     0.4490     0.6928     0.3515
184.623518   4.165075  18.5033  16.8352  16.1647  15.7527  15.4879    0.07990000   0.00010069  23948.381    30.186103   0.532362   2.817307     673.394 0   0.217557   0.149675   0.081994   0.022939   0.012623   -19.4026   -21.0028   -21.6056   -21.9586   -22.2130     1.6002     2.2030     0.3529
184.355152   4.196204  19.8864  18.3488  17.6439  17.1813  16.9534    0.07950000   0.00009664  23819.350    28.971943   0.532720   2.819203     544.363 0   0.263288   0.200966   0.097945   0.037765   0.024856   -18.0755   -19.5507   -20.1526   -20.5550   -20.7700     1.4753     2.0772     0.4024
184.611323   4.181729  19.5508  17.6391  16.7198  16.2859  15.9620    0.07930000   0.00017726  23772.643    53.141211   0.543760   2.877622     497.655 0   0.388278   0.301082   0.109551   0.076695   0.064478   -18.5277   -20.3522   -21.0800   -21.4810   -21.7927     1.8245     2.5523     0.4010
184.983360   3.676010  19.9242  18.2920  17.5520  17.1973  16.9005    0.07720000   0.00007875  23157.618    23.608656   0.551839   2.920380    -117.369 0   0.069765   0.052648   0.021975   0.014427   0.014908   -17.7802   -19.3952   -20.1046   -20.4517   -20.7490     1.6151     2.3244     0.3472
184.366039   4.228116  19.1407  17.0892  16.2171  15.8003  15.4993    0.08240000   0.00015614  24702.209    46.809594   0.562988   2.979381    1427.222 1   0.253578   0.196195   0.070654   0.043409   0.049783   -18.8683   -20.8625   -21.6090   -21.9986   -22.3060     1.9941     2.7407     0.3896
183.866033   3.668592  19.7473  17.7809  16.8606  16.4477  16.0947    0.07910000   0.00022093  23706.868    66.233148   0.563246   2.980745     431.881 0   0.366202   0.283084   0.102828   0.070967   0.062679   -18.3065   -20.1898   -20.9298   -21.3109   -21.6556     1.8833     2.6233     0.3810
184.402313   3.103677  19.7674  18.0313  17.1729  16.7763  16.5179    0.07790000   0.00014212  23345.738    42.606504   0.565828   2.994409      70.751 0   0.288161   0.222313   0.091739   0.049288   0.046702   -18.1538   -19.8241   -20.5519   -20.9060   -21.1619     1.6703     2.3981     0.3541
183.920683   3.402685  18.8397  16.9523  16.0670  15.6639  15.3490    0.07680000   0.00017203  23029.457    51.573297   0.574112   3.038252    -245.530 0   0.294706   0.226157   0.081292   0.052701   0.055356   -19.0541   -20.8729   -21.6134   -21.9879   -22.3054     1.8189     2.5593     0.3745
183.967361   3.322080  19.2292  18.1832  17.6863  17.3840  17.1137    0.07650000   0.00018334  22943.447    54.963949   0.577736   3.057431    -331.540 0   0.175221   0.118359   0.097211  -0.029434  -0.100604   -18.5396   -19.5287   -20.0044   -20.1801   -20.3792     0.9891     1.4649     0.1757
184.999377   3.541817  18.8136  16.9807  16.1243  15.7026  15.3973    0.08020000   0.00016402  24039.398    49.171959   0.581804   3.078957     764.411 0   0.230165   0.179405   0.065448   0.038794   0.046083   -19.1314   -20.9135   -21.6560   -22.0510   -22.3636     1.7821     2.5246     0.3950
183.886983   3.882196  18.7843  16.9324  16.0239  15.6345  15.3339    0.07710000   0.00016416  23103.086    49.213930   0.582808   3.084272    -171.901 0   0.327011   0.253187   0.094774   0.060910   0.057092   -19.1533   -20.9313   -21.6814   -22.0370   -22.3338     1.7781     2.5282     0.3555
183.851823   3.581988  18.6400  16.7465  15.8918  15.4785  15.1370    0.07960000   0.00016525  23870.795    49.540704   0.583916   3.090136     595.808 0   0.244163   0.189532   0.068445   0.041506   0.048375   -19.3055   -21.1444   -21.8780   -22.2643   -22.6127     1.8389     2.5725     0.3864
184.157368   4.186907  19.7437  17.8986  17.0749  16.7011  16.3530    0.07680000   0.00014361  23038.121    43.053195   0.585394   3.097957    -236.866 0   0.113190   0.099608   0.037082   0.024550   0.027097   -17.9686   -19.8001   -20.5613   -20.9225   -21.2732     1.8315     2.5927     0.3613
184.704386   3.143369  19.4536  17.6265  16.7898  16.3970  16.1090    0.07740000   0.00014923  23189.336    44.738029   0.592308   3.134543     -85.651 0   0.217366   0.165146   0.065695   0.034570   0.041454   -18.3828   -20.1577   -20.8949   -21.2566   -21.5515     1.7749     2.5121     0.3617
184.888856   4.045402  19.6562  17.7037  16.8031  16.4000  16.0759    0.07610000   0.00016729  22808.150    50.152280   0.592547   3.135812    -466.837 0   0.310591   0.238187   0.085427   0.056621   0.057438   -18.2365   -20.1166   -20.8644   -21.2387   -21.5636     1.8801     2.6279     0.3743
184.190535   4.215397  17.9799  16.1308  15.2494  14.8003  14.4611    0.07880000   0.00016497  23617.200    49.456762   0.596721   3.157898     342.213 0   0.425528   0.354809   0.142990   0.086648   0.057289   -20.1220   -21.9004   -22.5700   -22.9627   -23.2726     1.7784     2.4480     0.3928
183.985131   3.259662  19.8333  17.9022  17.0558  16.6622  16.3780    0.07690000   0.00015068  23048.104    45.172728   0.604056   3.196718    -226.883 0   0.213970   0.168084   0.061745   0.036111   0.043572   -18.0068   -19.8920   -20.6321   -21.0000   -21.2917     1.8852     2.6253     0.3680
184.831494   3.211000  19.9129  17.9353  17.0531  16.6565  16.3345    0.07710000   0.00014008  23101.467    41.994928   0.608093   3.218083    -173.520 0   0.271596   0.208955   0.075580   0.047210   0.052089   -17.9693   -19.8842   -20.6330   -21.0013   -21.3281     1.9150     2.6638     0.3682
184.171517   4.220925  18.6609  16.7259  15.6985  15.1863  14.7453    0.07460000   0.00016027  22357.562    48.047737   0.609587   3.225990    -917.425 0   0.662970   0.531158   0.191593   0.117512   0.089273   -19.5620   -21.3652   -22.0530   -22.4911   -22.9039     1.8032     2.4910     0.4381
184.877469   4.089952  19.4630  18.6051  18.2341  17.8957  17.8220    0.07880000   0.00007824  23619.089    23.455762   0.613501   3.246698     344.102 0   0.135989   0.109176   0.098165  -0.090070  -0.055871   -18.3494   -19.1805   -19.5405   -19.6906   -19.7985     0.8311     1.1911     0.1502
184.038759   3.194237  19.2287  17.3577  16.5102  16.1147  15.8111    0.07880000   0.00016737  23611.564    50.176264   0.614817   3.253663     336.577 0   0.206391   0.161718   0.060529   0.034608   0.041946   -18.6541   -20.4804   -21.2267   -21.5963   -21.9072     1.8263     2.5726     0.3696
184.271524   3.072624  19.7802  18.1353  17.2960  16.9396  16.6610    0.07890000   0.00013780  23643.582    41.311401   0.616916   3.264772     368.595 0   0.291505   0.228110   0.101531   0.049157   0.038499   -18.1722   -19.7537   -20.4664   -20.7704   -21.0384     1.5815     2.2942     0.3040
185.035440   3.541015  19.2312  17.4752  16.6049  16.1922  15.8698    0.07700000   0.00015610  23093.493    46.797603   0.617142   3.265967    -181.494 0   0.352435   0.281168   0.112308   0.068629   0.053917   -18.7290   -20.4137   -21.1151   -21.4842   -21.7918     1.6847     2.3862     0.3690
183.918871   3.311439  19.9716  18.1017  17.2058  16.7800  16.4759    0.07640000   0.00016699  22913.257    50.062343   0.623168   3.297861    -361.730 0   0.339216   0.261856   0.095802   0.064047   0.059648   -17.9765   -19.7691   -20.4989   -20.8929   -21.1926     1.7925     2.5224     0.3940
183.897818   3.338430  18.6126  17.2598  16.6701  16.3027  16.0853    0.07660000   0.00015585  22978.073    46.722655   0.625834   3.311970    -296.914 0   0.189584   0.115220   0.081971   0.005174  -0.049486   -19.1734   -20.4518   -21.0083   -21.2989   -21.4616     1.2784     1.8349     0.2906
184.005264   4.134550  20.0358  18.3009  17.5178  17.1463  16.8529    0.07630000   0.00014773  22876.143    44.288340   0.630036   3.334206    -398.844 0   0.112034   0.089224   0.036976   0.022083   0.024627   -17.6853   -19.3974   -20.1282   -20.4848   -20.7808     1.7121     2.4429     0.3566
185.001910   3.392355  18.6327  16.7496  15.8742  15.4545  15.1465    0.07690000   0.00016523  23040.489    49.534708   0.633777   3.354000    -234.498 0   0.280333   0.215379   0.077839   0.049224   0.053285   -19.2737   -21.0919   -21.8297   -22.2208   -22.5329     1.8181     2.5560     0.3911
185.071761   3.665999  20.0662  18.2550  17.3892  16.9682  16.6141    0.07520000   0.00015057  22539.356    45.139750   0.640018   3.387028    -735.631 0   0.285109   0.218939   0.078561   0.050387   0.054188   -17.7963   -19.5413   -20.2668   -20.6596   -21.0175     1.7450     2.4705     0.3928
183.938332   3.249189  19.5778  17.6570  16.7435  16.3287  16.0057    0.07760000   0.00017248  23268.452    51.708203   0.645952   3.418431      -6.535 0   0.340040   0.261434   0.094229   0.064100   0.060568   -18.3869   -20.2291   -20.9754   -21.3601   -21.6795     1.8422     2.5885     0.3847
183.988273   3.189357  18.5417  16.7168  15.8240  15.3925  15.0750    0.07720000   0.00019895  23140.320    59.643710   0.651598   3.448314    -134.667 0   0.374162   0.296105   0.113406   0.074252   0.059410   -19.4671   -21.2139   -21.9240   -22.3164   -22.6190     1.7468     2.4569     0.3923
183.783760   3.562993  20.3717  18.3996  17.5347  17.1462  16.7829    0.08280000   0.00013114  24832.109    39.314783   0.653967   3.460849    1557.122 1   0.247529   0.191566   0.069656   0.042043   0.048621   -17.6630   -19.5792   -20.3222   -20.6831   -21.0529     1.9161     2.6591     0.3609
184.864040   3.177185  20.3241  18.4443  17.5312  17.0746  16.7665    0.07540000   0.00019715  22596.227    59.104083   0.654933   3.465960    -678.760 0   0.443250   0.370807   0.148210   0.090236   0.059633   -17.6781   -19.4854   -20.1759   -20.5746   -20.8521     1.8074     2.4979     0.3986
183.813723   3.434926  19.5651  17.8397  16.9964  16.6037  16.3118    0.07640000   0.00015011  22902.585    45.001846   0.658390   3.484257    -372.402 0   0.288834   0.222696   0.090733   0.049700   0.047770   -18.3326   -19.9919   -20.7032   -21.0549   -21.3449     1.6593     2.3706     0.3517
184.454560   4.332535  19.0814  17.9882  17.5358  17.2565  17.0944    0.07620000   0.00021774  22856.027    65.276810   0.664164   3.514812    -418.960 0   0.136159   0.043473   0.063104  -0.003493  -0.066598   -18.6397   -19.6402   -20.1123   -20.3250   -20.4240     1.0005     1.4725     0.2127
183.782412   3.482390  19.9777  18.1491  17.2791  16.8942  16.5556    0.07850000   0.00014576  23526.213    43.697749   0.673028   3.561720     251.226 0   0.243304   0.188700   0.068481   0.041245   0.048095   -17.9154   -19.6894   -20.4392   -20.7968   -21.1423     1.7740     2.5238     0.3577
