215.321415  44.634161  19.6047  17.7018  16.7271  16.3407  15.9602    0.09280000   0.00017187  27825.297    51.525330   0.026006   0.163147      45.628 0   0.441963   0.347505   0.128604   0.090491   0.067631   -18.8704   -20.6788   -21.4346   -21.7829   -22.1406     1.8084     2.5642     0.3483
215.314988  44.663164  19.6230  17.7166  16.7832  16.3741  16.0411    0.09040000   0.00016077  27104.056    48.197633   0.046967   0.294646    -675.612 0   0.391316   0.303749   0.110697   0.077520   0.064625   -18.7232   -20.5420   -21.2823   -21.6583   -21.9784     1.8188     2.5592     0.3759
215.338922  44.652254  20.8511  18.5711  17.4841  16.9466  16.5598    0.09280000   0.00014559  27834.650    43.646784   0.047210   0.296173      54.982 0   0.755486   0.603998   0.210656   0.125109   0.100882   -17.9375   -20.0660   -20.7597   -21.2116   -21.5742     2.1285     2.8222     0.4520
215.285190  44.566312  18.9242  17.0108  16.0935  15.6948  15.3940    0.09280000   0.00015468  27814.834    46.371897   0.053163   0.333519      35.166 0   0.319528   0.245325   0.088445   0.058886   0.058256   -19.4285   -21.2677   -22.0281   -22.3972   -22.6974     1.8392     2.5996     0.3691
215.276570  44.674099  19.2333  17.2317  16.2279  15.7973  15.4940    0.09350000   0.00014194  28044.445    42.552541   0.055823   0.350206     264.777 0   0.503738   0.400878   0.149687   0.102747   0.072064   -19.3013   -21.2000   -21.9526   -22.3363   -22.6089     1.8987     2.6513     0.3837
215.339129  44.667793  20.2758  18.2785  17.2970  16.8731  16.5308    0.09120000   0.00016112  27341.582    48.302561   0.059201   0.371395    -438.087 0   0.471240   0.371507   0.137678   0.096789   0.069945   -18.1720   -20.0696   -20.8173   -21.2003   -21.5157     1.8976     2.6452     0.3830
215.241036  44.558780  19.3027  17.3858  16.4987  16.1230  15.8410    0.09330000   0.00015213  27967.069    45.607427   0.070346   0.441316     187.400 0   0.289642   0.222452   0.082710   0.051213   0.053280   -19.0318   -20.8815   -21.6289   -21.9731   -22.2571     1.8497     2.5971     0.3442
215.285747  44.691883  19.5866  17.6620  16.7289  16.3339  16.0193    0.08980000   0.00016358  26928.858    49.040050   0.072707   0.456125    -850.811 1   0.373392   0.288767   0.104782   0.072803   0.063380   -18.7297   -20.5697   -21.3188   -21.6818   -21.9870     1.8400     2.5891     0.3630
215.328354  44.546921  20.1743  18.2889  17.4489  17.0534  16.8205    0.09280000   0.00012422  27806.890    37.240219   0.076990   0.482992      27.221 0   0.249537   0.189163   0.075569   0.040414   0.045142   -18.1084   -19.9334   -20.6598   -21.0201   -21.2578     1.8250     2.5514     0.3603
215.410487  44.618455  19.0053  17.1388  16.2093  15.7963  15.4598    0.09280000   0.00016187  27815.344    48.527405   0.084738   0.531602      35.675 0   0.389152   0.307282   0.116091   0.077995   0.061717   -19.4170   -21.2016   -21.9399   -22.3148   -22.6350     1.7846     2.5229     0.3749
215.250142  44.539318  19.1151  17.5365  16.8027  16.3990  16.1309    0.09380000   0.00019746  28128.957    59.197019   0.085203   0.534517     349.288 0   0.247906   0.183531   0.089475   0.033342   0.027127   -19.1893   -20.7035   -21.3433   -21.6908   -21.9527     1.5142     2.1540     0.3476
215.201823  44.699575  18.4280  17.2881  16.6967  16.3545  16.1609    0.09290000   0.00008888  27850.210    26.645554   0.102543   0.643298      70.541 0   0.192851   0.206360   0.119905  -0.000905  -0.097572   -19.7817   -20.9351   -21.4400   -21.6614   -21.7584     1.1534     1.6584     0.2214
215.155513  44.563469  18.6872  16.8723  16.0036  15.6115  15.3213    0.09230000   0.00014056  27662.899    42.138828   0.111701   0.700753    -116.769 0   0.303237   0.234293   0.090496   0.054372   0.052769   -19.6374   -21.3833   -22.1082   -22.4642   -22.7528     1.7460     2.4709     0.3560
215.135542  44.633017  18.8854  17.0084  16.0827  15.6755  15.3735    0.09290000   0.00016066  27838.188    48.164656   0.111815   0.701465      58.519 0   0.365078   0.282580   0.103027   0.070761   0.062340   -19.4965   -21.2910   -22.0372   -22.4121   -22.7057     1.7945     2.5406     0.3749
215.399724  44.708061  17.8855  15.9529  14.9744  14.5569  14.2407    0.09080000   0.00020746  27229.939    62.194943   0.117562   0.737520    -549.729 0   0.433971   0.340192   0.125421   0.088462   0.067284   -20.5366   -22.3755   -23.1392   -23.5197   -23.8147     1.8388     2.6026     0.3805
215.410114  44.720598  20.2574  18.4163  17.4299  17.0167  16.7164    0.09090000   0.00016140  27236.265    48.386503   0.131904   0.827492    -543.404 0   0.462588   0.366455   0.136732   0.095154   0.068685   -18.1932   -19.9382   -20.6949   -21.0665   -21.3403     1.7450     2.5016     0.3716
215.127061  44.545780  18.8084  17.5943  16.8924  16.5569  16.3368    0.09330000   0.00097089  27957.475   291.065500   0.138181   0.866871     177.807 0   0.232503   0.300450   0.147247   0.034108  -0.069584   -19.4689   -20.7510   -21.2997   -21.5220   -21.6385     1.2820     1.8307     0.2224
215.358785  44.749604  18.9819  17.0737  16.1237  15.7066  15.3904    0.09250000   0.00017941  27737.638    53.785765   0.138851   0.871078     -42.031 0   0.405073   0.315352   0.115311   0.081127   0.065529   -19.4306   -21.2491   -21.9991   -22.3820   -22.6826     1.8185     2.5684     0.3829
215.315746  44.463938  19.3791  17.8613  17.1242  16.7520  16.4667    0.09190000   0.00013269  27551.077    39.779461   0.156312   0.980614    -228.592 0   0.204874   0.140535   0.071186   0.025006   0.026241   -18.8377   -20.2911   -20.9589   -21.2849   -21.5714     1.4535     2.1212     0.3260
215.322342  44.778405  19.0531  17.1266  16.2015  15.7828  15.4871    0.09240000   0.00015239  27694.707    45.685373   0.160629   1.007701     -84.961 0   0.374364   0.289561   0.105081   0.073056   0.063458   -19.3263   -21.1680   -21.9087   -22.2953   -22.5814     1.8417     2.5823     0.3867
215.463333  44.514386  20.3616  18.3697  17.4113  16.9985  16.6874    0.09250000   0.00015331  27745.312    45.961182   0.161165   1.011059     -34.356 0   0.412077   0.321665   0.118070   0.083039   0.065810   -18.0579   -19.9594   -20.7142   -21.0920   -21.3859     1.9015     2.6563     0.3778
215.488217  44.721168  20.1269  18.3224  17.4185  17.0401  16.7538    0.08920000   0.00015737  26745.115    47.178339   0.173196   1.086536   -1034.554 1   0.306848   0.237377   0.091584   0.055365   0.053200   -18.1294   -19.8644   -20.6225   -20.9647   -21.2488     1.7350     2.4931     0.3422
215.507791  44.724239  18.3153  17.1420  16.5651  16.2084  16.0170    0.09160000   0.00016261  27452.955    48.749252   0.186356   1.169098    -326.714 0   0.197885   0.188694   0.114237  -0.000563  -0.095322   -19.8687   -21.0328   -21.5353   -21.7772   -21.8738     1.1641     1.6666     0.2419
215.540104  44.692287  20.3522  18.4503  17.5063  17.0974  16.7641    0.08990000   0.00016327  26940.699    48.947115   0.191457   1.201095    -838.969 1   0.395971   0.308607   0.113280   0.078949   0.064503   -17.9865   -19.8011   -20.5497   -20.9243   -21.2432     1.8145     2.5632     0.3746
215.350580  44.858596  19.6618  17.6724  16.7053  16.2895  15.9537    0.09020000   0.00017735  27050.783    53.168192   0.242981   1.524328    -728.885 1   0.445426   0.350259   0.129596   0.091252   0.067935   -18.7362   -20.6304   -21.3769   -21.7543   -22.0668     1.8942     2.6407     0.3775
215.000966  44.486007  18.9664  17.8713  17.3201  17.0413  16.8371    0.09090000   0.00017370  27245.948    52.073950   0.245994   1.543234    -533.721 0   0.080392   0.029914   0.026767   0.010353  -0.027139   -19.1020   -20.1466   -20.6947   -20.9571   -21.1238     1.0446     1.5927     0.2624
215.608318  44.720843  19.6381  17.7040  16.7777  16.3665  16.0511    0.09230000   0.00015385  27675.041    46.123070   0.247357   1.551782    -104.628 0   0.369851   0.286179   0.104082   0.071946   0.062920   -18.7531   -20.6035   -21.3477   -21.7268   -22.0332     1.8504     2.5946     0.3791
215.507442  44.348752  18.9959  17.6763  17.1520  16.8840  16.7053    0.07940000   0.00017462  23809.457    52.349759   0.311172   1.952126   -3970.211 1   0.093311   0.034004   0.034303   0.010712  -0.036739   -18.7721   -20.0323   -20.5569   -20.8014   -20.9326     1.2603     1.7849     0.2444
215.609855  44.879514  19.1291  17.2321  16.2941  15.7835  15.4031    0.09200000   0.00015286  27568.375    45.826275   0.345085   2.164878    -211.294 0   0.568927   0.477149   0.180048   0.108021   0.076937   -19.4355   -21.2407   -21.8816   -22.3202   -22.6695     1.8052     2.4461     0.4386
215.333150  44.266936  19.4509  18.1198  17.4417  17.1205  16.8248    0.09670000   0.00014235  28983.485    42.675456   0.353602   2.218307    1203.817 1   0.036844   0.021013   0.008935   0.005891   0.005545   -18.6877   -20.0030   -20.6690   -20.9872   -21.2825     1.3153     1.9813     0.3182
215.535083  44.284769  19.5928  17.7527  16.7986  16.4064  16.0961    0.09660000   0.00015912  28970.774    47.702976   0.376800   2.363839    1191.105 1   0.385928   0.300639   0.110539   0.076419   0.063549   -18.8950   -20.6498   -21.4138   -21.7719   -22.0694     1.7548     2.5188     0.3581
215.781145  44.436844  19.8296  18.2791  17.5099  17.1040  16.8378    0.08070000   0.00014532  24178.382    43.565840   0.393425   2.468136   -3601.287 1   0.277082   0.214867   0.100572   0.043437   0.030998   -18.1547   -19.6430   -20.2979   -20.6466   -20.9004     1.4883     2.1432     0.3488
215.766046  44.412459  19.5631  18.0210  17.2647  16.8399  16.5483    0.08000000   0.00015814  23984.416    47.409179   0.396105   2.484951   -3795.253 1   0.298390   0.242120   0.115131   0.049227   0.023822   -18.4475   -19.9334   -20.5627   -20.9216   -21.1878     1.4858     2.1151     0.3589
215.795799  44.801730  19.9197  18.1732  17.3565  16.9768  16.7045    0.08010000   0.00014153  24007.860    42.429627   0.402694   2.526285   -3771.809 1   0.235510   0.175097   0.074713   0.035714   0.040178   -18.0308   -19.7169   -20.4332   -20.7739   -21.0506     1.6861     2.4024     0.3407
214.785394  44.802204  19.1815  17.7471  16.9521  16.4902  16.2026    0.09550000   0.00010736  28641.722    32.185718   0.403983   2.534374     862.053 1   0.387384   0.375588   0.163919   0.073143   0.025893   -19.3040   -20.7266   -21.3099   -21.6810   -21.9214     1.4226     2.0059     0.3711
214.722516  44.406814  20.1378  18.3549  17.4589  17.0995  16.7746    0.09120000   0.00013362  27341.942    40.058268   0.457313   2.868936    -437.727 0   0.311241   0.241748   0.094708   0.056437   0.052603   -18.1500   -19.8634   -20.6124   -20.9335   -21.2546     1.7134     2.4624     0.3211
215.919250  44.489219  20.5245  18.4895  17.4964  16.9840  16.5850    0.09090000   0.00015976  27260.878    47.894843   0.465411   2.919738    -518.791 0   0.632592   0.505107   0.184021   0.115508   0.085489   -18.0961   -20.0036   -20.6756   -21.1195   -21.4885     1.9075     2.5795     0.4439
216.008284  44.667336  19.8896  18.1802  17.2547  16.8480  16.5114    0.09280000   0.00015959  27812.466    47.843878   0.512497   3.215131      32.797 0   0.422514   0.351391   0.141494   0.086070   0.057249   -18.5660   -20.2043   -20.9199   -21.2712   -21.5790     1.6383     2.3539     0.3513
216.033949  44.478852  19.3351  17.3500  16.4123  15.9941  15.6587    0.09080000   0.00017896  27218.907    53.650858   0.546848   3.430632    -560.762 0   0.395745   0.308191   0.112957   0.078841   0.064593   -19.0488   -20.9464   -21.6888   -22.0729   -22.3941     1.8975     2.6400     0.3841
214.984310  45.134671  19.7299  17.7874  16.8338  16.4074  16.0647    0.09650000   0.00016492  28931.381    49.441772   0.559831   3.512079    1151.713 1   0.433479   0.340831   0.126253   0.088514   0.066874   -18.8032   -20.6531   -21.3921   -21.7808   -22.1018     1.8499     2.5889     0.3887
216.071914  44.723722  19.0846  17.9026  17.4071  17.0520  16.8730    0.09360000   0.00019460  28050.651    58.339612   0.565262   3.546148     270.982 0   0.181161   0.108426   0.089085  -0.017003  -0.095682   -19.1509   -20.2601   -20.7363   -20.9853   -21.0856     1.1093     1.5854     0.2490
