  7.358032  -0.184612  19.1151  17.2191  16.3989  15.9986  15.6970    0.05890000   0.00015317  17661.913    45.919211   0.023372   0.097008    -218.009 0   0.165893   0.134395   0.050749   0.030005   0.035782   -18.0743   -19.9388   -20.6753   -21.0549   -21.3623     1.8645     2.6011     0.3796
  7.334828  -0.174722  18.0866  16.6831  15.9454  15.5178  15.2501    0.06040000   0.00108624  18120.146   325.646560   0.023464   0.097391     240.224 0   0.315988   0.283349   0.135400   0.051294   0.004938   -19.3290   -20.6999   -21.2896   -21.6331   -21.8545     1.3709     1.9606     0.3435
  7.311296  -0.188500  17.9599  16.0967  15.2223  14.8146  14.4848    0.05950000   0.00019525  17849.283    58.534477   0.029024   0.120467     -30.639 0   0.257674   0.198954   0.071810   0.044170   0.050275   -19.3396   -21.1441   -21.8913   -22.2714   -22.6073     1.8045     2.5517     0.3801
  7.368417  -0.212615  17.1785  15.0397  14.1571  13.7414  13.4161    0.05990000   0.00020338  17959.847    60.971790   0.033117   0.137457      79.925 0   0.304873   0.233921   0.084193   0.055209   0.056578   -20.2079   -22.2757   -23.0086   -23.3953   -23.7220     2.0678     2.8007     0.3867
  7.285208  -0.196316  19.1656  17.3325  16.5105  16.1131  15.8380    0.05820000   0.00016522  17437.488    49.531710   0.053585   0.222414    -442.434 0   0.232213   0.175181   0.070776   0.036634   0.042631   -18.0641   -19.8401   -20.5577   -20.9210   -21.2021     1.7761     2.4937     0.3633
  7.379782  -0.234716  19.4310  17.6301  16.7585  16.3604  16.0134    0.06150000   0.00015635  18443.292    46.872551   0.055143   0.228878     563.370 0   0.249468   0.193149   0.069868   0.042521   0.049063   -17.9325   -19.6770   -20.4254   -20.7961   -21.1497     1.7446     2.4929     0.3708
  7.289902  -0.168706  19.1966  17.5116  16.7344  16.3627  16.1285    0.06050000   0.00016299  18139.093    48.863173   0.056901   0.236174     259.171 0   0.210040   0.148510   0.070501   0.027912   0.031612   -18.1129   -19.7364   -20.4356   -20.7647   -21.0026     1.6235     2.3227     0.3291
  7.342372  -0.139050  18.7786  16.9160  16.0725  15.6663  15.3445    0.05810000   0.00017990  17403.312    53.932663   0.058912   0.244522    -476.610 0   0.203009   0.161059   0.059000   0.034769   0.042071   -18.4142   -20.2348   -20.9763   -21.3583   -21.6874     1.8207     2.5621     0.3820
  7.312278  -0.145178  19.4454  17.7253  16.9136  16.5350  16.2274    0.05570000   0.00015875  16695.622    47.592053   0.058962   0.244730   -1184.300 0   0.162338   0.125480   0.051440   0.027792   0.033267   -17.6186   -19.3019   -20.0396   -20.3945   -20.7076     1.6832     2.4209     0.3550
  7.285041  -0.223956  19.2342  17.2241  16.3337  15.8848  15.5514    0.06130000   0.00016745  18373.380    50.200247   0.059736   0.247944     493.458 0   0.352782   0.272132   0.098674   0.067478   0.061503   -18.2505   -20.1799   -20.8969   -21.3146   -21.6420     1.9294     2.6464     0.4177
  7.370556  -0.249075  19.4895  17.5785  16.7447  16.3628  16.0731    0.06230000   0.00015452  18689.631    46.323931   0.060282   0.250209     809.709 0   0.195708   0.153850   0.058211   0.033087   0.040120   -17.8521   -19.7212   -20.4594   -20.8161   -21.1129     1.8691     2.6073     0.3568
  7.398290  -0.235170  17.6030  15.7494  14.8815  14.4818  14.1576    0.06110000   0.00017917  18302.360    53.713815   0.070250   0.291581     422.438 0   0.258643   0.199113   0.072891   0.044097   0.049916   -19.7804   -21.5745   -22.3161   -22.6870   -23.0171     1.7941     2.5357     0.3709
  7.267442  -0.226446  18.9136  17.7302  17.1116  16.7269  16.5121    0.06020000   0.00003844  18058.299    11.524022   0.076848   0.318968     178.377 0   0.219930   0.215749   0.120976   0.013290  -0.077315   -18.3737   -19.5529   -20.0767   -20.3537   -20.4779     1.1792     1.7030     0.2770
  7.281814  -0.146202  19.7642  17.8670  17.0692  16.6763  16.4000    0.05830000   0.00016619  17473.943    49.822509   0.076889   0.319137    -405.979 0   0.139483   0.115679   0.044281   0.027039   0.031252   -17.3726   -19.2460   -19.9724   -20.3480   -20.6286     1.8734     2.5998     0.3757
  7.302822  -0.266968  18.8958  17.6981  17.3047  16.9905  16.8355    0.06600000   0.00008037  19787.501    24.094320   0.077907   0.323362    1907.579 1   0.165230   0.053789   0.078327  -0.034723  -0.072352   -18.5411   -19.6273   -20.0453   -20.2464   -20.3638     1.0863     1.5042     0.2011
  7.266440  -0.256812  19.9859  18.0816  17.2731  16.8975  16.5984    0.05770000   0.00014772  17290.080    44.285342   0.093317   0.387326    -589.842 0   0.111915   0.094835   0.036817   0.023469   0.025967   -17.1260   -19.0132   -19.7637   -20.1259   -20.4275     1.8872     2.6377     0.3623
  7.438832  -0.196797  19.3104  17.4727  16.6075  16.2088  15.8780    0.06030000   0.00017648  18083.061    52.907373   0.100065   0.415334     203.139 0   0.230941   0.180418   0.065271   0.039115   0.046451   -17.9953   -19.7824   -20.5325   -20.9050   -21.2432     1.7872     2.5372     0.3725
  7.335834  -0.091562  18.6031  16.8154  15.9894  15.6050  15.3135    0.06050000   0.00017158  18151.774    51.438390   0.106331   0.441342     271.852 0   0.220235   0.165577   0.067578   0.034237   0.040804   -18.7166   -20.4497   -21.1777   -21.5287   -21.8268     1.7330     2.4610     0.3511
  7.297562  -0.084847  19.3782  17.4508  16.6013  16.2065  15.8952    0.05630000   0.00015215  16889.408    45.613422   0.120285   0.499259    -990.514 0   0.215455   0.169016   0.062149   0.036319   0.043755   -17.7837   -19.6646   -20.4072   -20.7762   -21.0950     1.8810     2.6236     0.3690
  7.387568  -0.087451  18.1686  16.2689  15.3640  14.9473  14.5912    0.05870000   0.00018377  17604.862    55.092860   0.120704   0.500999    -275.060 0   0.377617   0.296021   0.110725   0.074703   0.061597   -19.2251   -21.0432   -21.7628   -22.1435   -22.4865     1.8181     2.5377     0.3807
  7.463721  -0.180370  19.6635  17.9225  17.1273  16.7761  16.4782    0.05870000   0.00017421  17600.875    52.226844   0.126165   0.523666    -279.047 0   0.108772   0.088938   0.035921   0.022188   0.024530   -17.4614   -19.1825   -19.9247   -20.2622   -20.5624     1.7212     2.4633     0.3375
  7.237505  -0.089773  18.5501  16.9326  16.1607  15.7886  15.5010    0.05990000   0.00016165  17947.435    48.461451   0.148108   0.614744      67.513 0   0.162783   0.117612   0.053637   0.025359   0.030230   -18.6942   -20.2665   -20.9744   -21.3183   -21.6107     1.5723     2.2803     0.3438
  7.213685  -0.285998  17.8637  16.2956  15.5687  15.1612  14.8840    0.05960000   0.00009871  17862.924    29.592514   0.153024   0.635147     -16.998 0   0.249398   0.185245   0.090867   0.033480   0.025893   -19.4350   -20.9389   -21.5714   -21.9215   -22.1912     1.5039     2.1365     0.3501
  7.367824  -0.350859  18.4369  17.1800  16.5804  16.2458  15.9994    0.06140000   0.00021136  18415.951    63.364134   0.155741   0.646425     536.029 0   0.203832   0.158022   0.102036   0.005819  -0.078054   -18.8811   -20.0922   -20.6358   -20.8742   -21.0367     1.2111     1.7547     0.2384
  7.180531  -0.243407  19.0846  18.1666  17.7336  17.4348  17.2953    0.06010000   0.00007283  18019.176    21.833885   0.164667   0.683472     139.254 0   0.125251   0.138153   0.101915  -0.075885  -0.066844   -18.1081   -19.0390   -19.4358   -19.5568   -19.7053     0.9309     1.3277     0.1210
  7.230745  -0.072197  20.1043  18.2572  17.5085  17.1197  16.9559    0.06330000   0.00016294  18965.321    48.848183   0.165707   0.687792    1085.399 0   0.214876   0.151494   0.073434   0.027892   0.029938   -17.2876   -19.0713   -19.7419   -20.0852   -20.2510     1.7837     2.4544     0.3433
  7.188593  -0.286536  18.6242  17.4060  16.8534  16.5391  16.3046    0.05960000   0.00009168  17856.988    27.484973   0.174408   0.723906     -22.934 0   0.155012   0.071913   0.065726   0.006363  -0.052775   -18.5801   -19.7152   -20.2616   -20.5165   -20.6919     1.1351     1.6815     0.2549
  7.455104  -0.353081  19.8894  18.1634  17.2598  16.7897  16.4194    0.06000000   0.00018260  17978.584    54.742103   0.193982   0.805150      98.662 0   0.470703   0.407694   0.163725   0.093915   0.059996   -17.6627   -19.3257   -19.9853   -20.3856   -20.7220     1.6630     2.3226     0.4003
  7.322275  -0.004163  18.4779  16.6657  15.8636  15.4858  15.1583    0.05640000   0.00016225  16919.237    48.641326   0.194390   0.806843    -960.685 1   0.086243   0.079887   0.029371   0.020925   0.021707   -18.5546   -20.3604   -21.1120   -21.4814   -21.8097     1.8058     2.5574     0.3694
  7.216993  -0.354465  19.7777  18.0893  17.3156  16.9627  16.7447    0.05980000   0.00016025  17940.990    48.041741   0.198387   0.823435      61.068 0   0.185643   0.129131   0.062234   0.025379   0.029785   -17.4820   -19.1139   -19.8207   -20.1368   -20.3592     1.6319     2.3387     0.3160
  7.216118  -0.386464  18.4138  17.3436  17.0124  16.8004  16.7860    0.05910000   0.00008120  17706.162    24.343148   0.224985   0.933832    -173.760 0   0.127742   0.017029   0.067616  -0.031118  -0.013648   -18.7661   -19.7256   -20.1074   -20.2207   -20.2526     0.9595     1.3413     0.1133
  7.122432  -0.266555  18.9592  17.9276  17.4613  17.1563  17.0134    0.06250000   0.00008091  18724.138    24.256208   0.226986   0.942136     844.216 0   0.167484   0.114364   0.098678  -0.045100  -0.092012   -18.3824   -19.3609   -19.8115   -19.9727   -20.0687     0.9785     1.4291     0.1612
  7.150628  -0.326896  18.0423  16.9781  16.5804  16.2712  16.3061    0.05900000   0.00007793  17691.742    23.362826   0.228145   0.946949    -188.180 0   0.170951   0.066856   0.088755  -0.066377  -0.065019   -19.1520   -20.1121   -20.5317   -20.6858   -20.6522     0.9601     1.3797     0.1541
  7.491635  -0.381192  19.8154  18.3192  17.6138  17.2466  17.0278    0.06060000   0.00015549  18155.341    46.614729   0.238706   0.990781     275.419 0   0.187675   0.119952   0.067978   0.019979   0.016258   -17.4791   -18.9076   -19.5610   -19.8802   -20.0953     1.4285     2.0819     0.3192
  7.457743   0.014202  18.8978  17.0101  16.1215  15.7433  15.4443    0.05920000   0.00017520  17744.656    52.523639   0.243148   1.009219    -135.266 0   0.267412   0.205001   0.077068   0.045715   0.050040   -18.4042   -20.2295   -20.9901   -21.3370   -21.6403     1.8253     2.5860     0.3468
  7.475837  -0.402151  18.4156  17.3463  16.8089  16.4186  16.2019    0.06390000   0.00009479  19154.669    28.417327   0.246018   1.021131    1274.748 1   0.187820   0.189736   0.115414  -0.007522  -0.100779   -18.9734   -20.0446   -20.5077   -20.7750   -20.8985     1.0712     1.5343     0.2674
  7.085542  -0.217862  16.7523  15.1167  14.3592  13.9444  13.7540    0.06140000   0.00018308  18405.578    54.886003   0.254018   1.054337     525.656 0   0.249152   0.184845   0.089707   0.033804   0.027710   -20.6110   -22.1823   -22.8446   -23.2035   -23.3879     1.5713     2.2337     0.3589
  7.080438  -0.246334  17.4740  15.5358  14.6294  14.2257  13.8740    0.05990000   0.00021777  17966.922    65.285804   0.262843   1.090965      87.000 0   0.340385   0.261554   0.094071   0.064165   0.060719   -19.9479   -21.8073   -22.5462   -22.9200   -23.2682     1.8594     2.5983     0.3738
  7.096012  -0.353572  18.6119  17.2752  16.6910  16.3139  16.1087    0.06370000   0.00009017  19102.236    27.032286   0.288410   1.197087    1222.314 1   0.205091   0.144486   0.094150   0.007468  -0.055940   -18.7875   -20.0636   -20.5975   -20.8879   -21.0297     1.2761     1.8100     0.2904
  7.543538   0.030315  18.6343  16.7102  15.8134  15.4415  15.1459    0.06020000   0.00016248  18038.962    48.710279   0.306576   1.272486     159.040 0   0.291679   0.224200   0.084843   0.051536   0.052676   -18.7247   -20.5813   -21.3388   -21.6774   -21.9741     1.8566     2.6141     0.3386
  7.360376  -0.513897  19.1223  17.2883  16.4254  16.0533  15.7048    0.05960000   0.00017605  17853.900    52.778462   0.316783   1.314851     -26.022 0   0.188592   0.151813   0.055488   0.033088   0.040017   -18.1156   -19.9128   -20.6793   -21.0290   -21.3845     1.7972     2.5638     0.3497
  7.020102  -0.205516  18.0443  16.6943  16.0617  15.7091  15.4817    0.06030000   0.00016794  18077.425    50.347145   0.318761   1.323061     197.503 0   0.185093   0.109457   0.073914   0.011908  -0.018296   -19.2155   -20.4899   -21.0869   -21.3775   -21.5747     1.2744     1.8714     0.2906
  7.136818   0.055259  19.7035  17.8850  17.0696  16.6845  16.4280    0.05850000   0.00015983  17525.178    47.915829   0.323806   1.344002    -354.744 0   0.214272   0.158944   0.067228   0.032319   0.038597   -17.5194   -19.2826   -20.0063   -20.3565   -20.6192     1.7632     2.4869     0.3502
  7.100218  -0.430041  19.3164  17.7765  17.0125  16.6350  16.3385    0.06280000   0.00015552  18840.337    46.623723   0.332895   1.381729     960.415 0   0.153498   0.108408   0.051462   0.023725   0.027763   -18.0181   -19.5129   -20.2199   -20.5697   -20.8702     1.4948     2.2019     0.3498
  7.611493  -0.003564  18.3709  17.3169  16.9272  16.6396  16.4496    0.06880000   0.00007861  20639.272    23.566685   0.334849   1.389839    2759.350 1   0.164507   0.049167   0.078690  -0.038883  -0.065505   -19.1771   -20.1158   -20.5350   -20.7050   -20.8684     0.9387     1.3579     0.1700
  7.614526   0.012807  18.1386  16.9107  16.5134  16.2964  16.3022    0.06920000   0.00007537  20730.858    22.595358   0.347011   1.440319    2850.936 1   0.090445   0.016457   0.037631  -0.004260  -0.026863   -19.3480   -20.5019   -20.9204   -21.0955   -21.0671     1.1539     1.5724     0.1751
  7.048005  -0.398288  18.7911  17.8014  17.4061  17.1358  16.9924    0.06300000   0.00007522  18897.028    22.550389   0.353156   1.465822    1017.106 0   0.140546   0.033046   0.069588  -0.020590  -0.050779   -18.5197   -19.4019   -19.8337   -20.0138   -20.1271     0.8822     1.3140     0.1801
  6.995845  -0.109970  20.4412  18.7190  17.9816  17.5938  17.4348    0.06060000   0.00015532  18181.573    46.563765   0.354006   1.469353     301.651 0   0.203500   0.139233   0.070751   0.024788   0.026013   -16.8691   -18.5271   -19.1960   -19.5378   -19.6981     1.6579     2.3269     0.3418
  7.187001   0.132733  18.8843  17.9103  17.5095  17.2461  17.1523    0.05980000   0.00008279  17941.349    24.819818   0.363759   1.509832      61.427 0   0.140098   0.031382   0.069942  -0.022409  -0.047130   -18.3299   -19.1952   -19.6345   -19.8056   -19.8747     0.8653     1.3046     0.1710
  7.385059  -0.565573  18.0598  16.2102  15.3476  14.9706  14.6520    0.06000000   0.00017238  17991.145    51.678224   0.370622   1.538320     111.223 0   0.250957   0.191514   0.073878   0.041459   0.046893   -19.2725   -21.0627   -21.8076   -22.1522   -22.4763     1.7902     2.5351     0.3446
  7.002038  -0.364718  18.7237  17.6543  17.0819  16.7466  16.4696    0.06170000   0.00007876  18501.692    23.611654   0.375809   1.559848     621.770 0   0.183945   0.195073   0.117132  -0.008448  -0.101431   -18.5813   -19.6619   -20.1563   -20.3660   -20.5501     1.0805     1.5750     0.2097
  7.047121  -0.436270  18.7655  17.3680  16.7679  16.4154  16.1597    0.06380000   0.00017151  19130.926    51.417404   0.376699   1.563544    1251.004 1   0.181515   0.104116   0.074019   0.009410  -0.029558   -18.6102   -19.9303   -20.5003   -20.7882   -21.0049     1.3201     1.8901     0.2879
  7.436237   0.169077  18.4307  17.8416  17.6961  17.2965  17.2460    0.05940000   0.00008195  17819.274    24.567992   0.379653   1.575805     -60.648 0   0.163424   0.030368   0.082507  -0.062620  -0.026015   -18.7747   -19.2307   -19.4283   -19.6828   -19.7699     0.4560     0.6537     0.2545
  7.713313  -0.284029  18.3087  16.7993  16.0743  15.6768  15.4055    0.06790000   0.00017111  20359.535    51.297487   0.384325   1.595195    2479.613 1   0.251755   0.189322   0.096600   0.032574   0.016827   -19.2979   -20.7448   -21.3771   -21.7106   -21.9661     1.4470     2.0792     0.3335
  7.575823  -0.502254  18.8135  17.1652  16.4448  16.0542  15.7314    0.05840000   0.00014343  17503.682    42.999232   0.385815   1.601378    -376.240 0   0.003334   0.003130   0.001097   0.000944   0.000807   -18.2161   -19.8642   -20.5825   -20.9730   -21.2956     1.6481     2.3665     0.3904
  7.589310  -0.522703  19.0040  17.0677  16.1913  15.7638  15.4085    0.05900000   0.00018268  17694.590    54.766086   0.410240   1.702760    -185.332 0   0.320866   0.246246   0.088511   0.059217   0.058550   -18.3402   -20.2019   -20.9206   -21.3188   -21.6734     1.8617     2.5803     0.3982
  7.124055   0.175746  18.8632  17.6363  17.1965  16.9436  16.7559    0.05980000   0.00008937  17922.283    26.792452   0.430904   1.788528      42.361 0   0.116733   0.032571   0.052823   0.000071  -0.054757   -18.3276   -19.4704   -19.9304   -20.1306   -20.2634     1.1427     1.6028     0.2001
  7.602944   0.155661  18.9152  17.2654  16.5867  16.2644  16.0729    0.06020000   0.00012609  18044.598    37.800831   0.441313   1.831734     164.676 0   0.070672   0.039074   0.020306   0.010645   0.008759   -18.2228   -19.8410   -20.5009   -20.8136   -21.0032     1.6182     2.2781     0.3126
  7.711351   0.154671  17.9517  16.4409  15.6662  15.2675  14.9965    0.06060000   0.00017467  18178.845    52.364749   0.512919   2.128941     298.923 0   0.306092   0.250851   0.118230   0.051513   0.024753   -19.4612   -20.9168   -21.5589   -21.8909   -22.1351     1.4556     2.0976     0.3320
  7.036008  -0.652801  18.4996  17.7465  17.6432  17.4294  17.3709    0.06080000   0.00004686  18240.602    14.048275   0.546483   2.268255     360.680 0   0.131480   0.018612   0.069780  -0.032250  -0.016692   -18.7246   -19.3648   -19.5193   -19.6311   -19.7051     0.6402     0.7947     0.1118
  6.921411  -0.559025  18.5774  17.3488  16.8358  16.5323  16.3173    0.06120000   0.00019844  18337.345    59.490815   0.551936   2.290890     457.423 0   0.157932   0.068942   0.069145  -0.000618  -0.070522   -18.7051   -19.8448   -20.3580   -20.5917   -20.7368     1.1396     1.6528     0.2337
  7.256181   0.350827  17.4140  15.6973  14.8541  14.4544  14.1268    0.06040000   0.00017818  18099.580    53.417020   0.554860   2.303025     219.658 0   0.314397   0.247234   0.101908   0.057240   0.048462   -20.0000   -21.6496   -22.3474   -22.7025   -23.0213     1.6495     2.3474     0.3550
  7.485202  -0.778090  19.0623  17.6693  17.2155  16.8579  16.7173    0.05950000   0.00009522  17835.763    28.546238   0.598429   2.483864     -44.159 0   0.175193   0.088595   0.085539  -0.027818  -0.094576   -18.1547   -19.4611   -19.9118   -20.1561   -20.2299     1.3064     1.7571     0.2442
  6.864691   0.196136  18.8880  17.6118  16.9837  16.6277  16.4283    0.06190000   0.00020200  18544.082    60.558077   0.616423   2.558549     664.160 0   0.214085   0.160153   0.099450   0.013052  -0.052173   -18.4755   -19.6978   -20.2652   -20.5348   -20.6690     1.2223     1.7897     0.2696
  7.835863  -0.599079  19.2765  17.9394  17.2718  16.8232  16.9110    0.06810000   0.00023844  20427.498    71.482514   0.638811   2.651476    2547.576 1   0.213792   0.341007   0.159160   0.021760  -0.075298   -18.2739   -19.7382   -20.2240   -20.5352   -20.3503     1.4643     1.9501     0.3112
  7.628249  -0.780517  18.5113  16.6073  15.6877  15.1926  14.7975    0.05990000   0.00016949  17969.230    50.811824   0.650611   2.700453      89.308 0   0.533165   0.439450   0.167185   0.105341   0.072910   -19.1034   -20.9137   -21.5610   -21.9943   -22.3569     1.8103     2.4576     0.4333
  7.899530   0.167149  19.3650  17.4671  16.5666  16.1354  15.8412    0.07280000   0.00016341  21832.716    48.989086   0.669082   2.777120    3952.794 1   0.344415   0.264843   0.095346   0.065217   0.061073   -18.4649   -20.2832   -21.0142   -21.4153   -21.7053     1.8183     2.5493     0.4011
  7.071883   0.431573  19.9133  18.3155  17.6006  17.2142  16.8552    0.07180000   0.00009978  21526.867    29.913291   0.683670   2.837670    3646.945 1   0.006291   0.006013   0.002100   0.001815   0.001537   -17.5695   -19.1671   -19.8780   -20.2642   -20.6229     1.5975     2.3085     0.3861
  7.678775  -0.802213  17.4298  15.9200  15.2247  14.8370  14.5511    0.06020000   0.00016724  18049.964    50.137291   0.693436   2.878203     170.042 0   0.211426   0.143260   0.077992   0.022747   0.015981   -19.8490   -21.2906   -21.9206   -22.2531   -22.5322     1.4416     2.0717     0.3325
  7.740477   0.367603  17.9260  16.6899  16.1924  15.8640  15.6764    0.06840000   0.00003385  20512.489    10.147975   0.693617   2.878954    2632.568 1   0.175686   0.090055   0.082684  -0.017407  -0.091774   -19.6205   -20.7709   -21.2611   -21.4894   -21.6026     1.1505     1.6406     0.2283
  7.780657   0.348621  18.3911  17.6240  17.4915  17.2374  17.2677    0.06830000   0.00003853  20484.639    11.551003   0.702774   2.916965    2604.717 1   0.125481   0.016771   0.065973  -0.029257  -0.013898   -19.1020   -19.7604   -19.9421   -20.1009   -20.0860     0.6584     0.8401     0.1589
  7.084342  -0.858833  20.2239  18.4174  17.5521  17.1995  17.0507    0.06720000   0.00016905  20135.800    50.679915   0.708258   2.939725    2255.878 1   0.247688   0.185618   0.078807   0.038449   0.041507   -17.3313   -19.0758   -19.8343   -20.1465   -20.2984     1.7444     2.5029     0.3122
  7.512073  -0.885176  19.1393  17.4738  16.7886  16.4593  16.2235    0.06000000   0.00015989  18000.439    47.933816   0.708835   2.942120     120.517 0   0.050686   0.030652   0.013629   0.008505   0.008368   -17.9928   -19.6382   -20.3064   -20.6306   -20.8662     1.6455     2.3136     0.3242
  7.763455  -0.775689  16.8123  15.6722  15.1486  14.7646  14.5645    0.06070000   0.00011044  18197.282    33.109079   0.717112   2.976473     317.360 0   0.186620   0.175407   0.111395  -0.010081  -0.101983   -20.4810   -21.6099   -22.0695   -22.3320   -22.4402     1.1289     1.5885     0.2625
  7.696001  -0.820455  17.7915  16.4817  15.9648  15.6497  15.5006    0.06080000   0.00019518  18236.915    58.513492   0.717807   2.979357     356.993 0   0.156378   0.068097   0.068269   0.000652  -0.068480   -19.4576   -20.6791   -21.1962   -21.4437   -21.5237     1.2215     1.7386     0.2475
  7.206587  -0.932499  19.0209  17.7240  17.2702  16.9942  16.8809    0.06690000   0.00010763  20060.762    32.266662   0.746444   3.098223    2180.840 1   0.124828   0.038823   0.056750   0.000788  -0.060931   -18.4051   -19.6160   -20.0877   -20.3078   -20.3593     1.2109     1.6826     0.2200
  7.330548   0.560773  17.8440  16.5033  15.8510  15.4550  15.2384    0.05940000   0.00009959  17817.985    29.856331   0.758669   3.148964     -61.937 0   0.247972   0.212885   0.116368   0.027117  -0.036635   -19.4459   -20.7515   -21.3073   -21.6141   -21.7669     1.3056     1.8614     0.3067
  7.764154  -0.826411  18.9584  17.9397  17.3753  16.9824  16.7933    0.05990000   0.00008562  17944.407    25.668230   0.758969   3.150209      64.485 0   0.174334   0.232505   0.127232  -0.009075  -0.098377   -18.2974   -19.3743   -19.8334   -20.0900   -20.1898     1.0769     1.5360     0.2566
  6.643308   0.136983  18.6476  17.2105  16.5468  16.1865  15.9301    0.06970000   0.00017398  20906.896    52.157892   0.771867   3.203742    3026.974 1   0.182878   0.111590   0.068591   0.016983   0.005807   -18.9259   -20.2917   -20.9124   -21.2211   -21.4663     1.3658     1.9865     0.3087
  7.639527  -0.911979  19.5504  17.6600  16.8065  16.3262  15.9003    0.06700000   0.00019579  20090.771    58.696365   0.774874   3.216225    2210.849 1   0.456345   0.376841   0.147753   0.093474   0.063218   -18.2317   -20.0426   -20.6670   -21.0930   -21.4886     1.8109     2.4353     0.4260
  6.646691   0.163411  19.5934  18.2302  17.5644  17.1989  17.0515    0.06970000   0.00016829  20906.027    50.452073   0.780693   3.240375    3026.105 1   0.220833   0.157031   0.092498   0.018046  -0.016094   -18.0180   -19.3174   -19.9187   -20.2097   -20.3230     1.2994     1.9007     0.2910
  8.004310  -0.647840  18.6090  17.5211  17.1395  16.8642  16.7182    0.05100000   0.00009092  15293.582    27.257130   0.803383   3.334556   -2586.340 1   0.152241   0.037105   0.074694  -0.030493  -0.053017   -18.2697   -19.2425   -19.6617   -19.8318   -19.9552     0.9728     1.3920     0.1701
  7.946864  -0.733170  19.1220  17.6063  16.7488  16.2491  15.8650    0.06700000   0.00013090  20095.088    39.242833   0.810147   3.362628    2215.166 1   0.475414   0.422588   0.170363   0.093279   0.058612   -18.6791   -20.1420   -20.7473   -21.1699   -21.5193     1.4629     2.0681     0.4226
  6.817142   0.426146  18.7077  17.8856  17.5979  17.3505  17.2218    0.06050000   0.00008215  18134.446    24.627950   0.813307   3.375747     254.524 0   0.134530   0.019164   0.071857  -0.034445  -0.016939   -18.5263   -19.2331   -19.5735   -19.7146   -19.8608     0.7067     1.0471     0.1411
  6.987278  -0.934458  19.0113  17.0700  16.1621  15.7615  15.4682    0.07080000   0.00016559  21215.203    49.642633   0.816171   3.387635    3335.281 1   0.319309   0.245210   0.088524   0.058833   0.058166   -18.7540   -20.6212   -21.3724   -21.7433   -22.0359     1.8672     2.6184     0.3709
  7.060444  -0.965555  18.4111  16.9181  16.2635  15.9352  15.7268    0.06860000   0.00014603  20565.643    43.778693   0.816599   3.389407    2685.721 1   0.048567   0.025054   0.012213   0.007022   0.004888   -18.9900   -20.4595   -21.1013   -21.4244   -21.6307     1.4695     2.1112     0.3231
  7.309173  -1.019338  18.4173  16.4520  15.5781  15.1784  14.8536    0.06600000   0.00018576  19800.722    55.689447   0.822019   3.411904    1920.800 1   0.252361   0.195202   0.070549   0.043105   0.049494   -19.1067   -21.0149   -21.7641   -22.1364   -22.4676     1.9081     2.6574     0.3723
  6.588714   0.154153  18.1060  16.3434  15.4561  15.0015  14.6924    0.05960000   0.00135809  17881.841   407.145139   0.828546   3.438996       1.919 0   0.424774   0.359310   0.146887   0.085598   0.054803   -19.3680   -21.0652   -21.7400   -22.1334   -22.4117     1.6971     2.3720     0.3933
  6.817074  -0.854629  19.7573  18.0917  17.3410  16.9461  16.6224    0.05830000   0.00017827  17470.435    53.444001   0.838762   3.481401    -409.487 0   0.025848   0.025837   0.009041   0.007706   0.006568   -17.2658   -18.9314   -19.6653   -20.0589   -20.3815     1.6656     2.3995     0.3936
  6.665948  -0.702736  20.3114  18.2320  17.4489  17.0752  16.8143    0.06210000   0.00015002  18624.696    44.974865   0.841186   3.491463     744.774 1   0.141399   0.106493   0.046465   0.024483   0.028619   -16.9688   -19.0133   -19.7364   -20.0881   -20.3532     2.0445     2.7676     0.3517
  6.639908  -0.696757  18.4496  16.5800  15.7451  15.3506  15.0389    0.06200000   0.00016702  18601.133    50.071336   0.858669   3.564026     721.211 1   0.186239   0.148362   0.055573   0.032224   0.039031   -18.8933   -20.7250   -21.4671   -21.8383   -22.1568     1.8317     2.5738     0.3712
  6.577550  -0.596986  18.5203  17.2275  16.6225  16.2048  15.9507    0.06380000   0.00009176  19140.249    27.508956   0.859511   3.567523    1260.327 1   0.227890   0.189296   0.110017   0.018458  -0.053227   -18.9018   -20.1560   -20.6817   -21.0078   -21.1903     1.2542     1.7799     0.3261
