174.232290  33.282636  18.7179  17.2002  16.4890  16.1272  15.8797    0.07340000   0.00017152  21993.824    51.420402   0.021181   0.108255    -406.668 0   0.164133   0.104873   0.058114   0.020753   0.020806   -18.9708   -20.4293   -21.0937   -21.4181   -21.6657     1.4584     2.1229     0.3244
174.218057  33.266319  19.7460  18.0771  17.2352  16.8593  16.5865    0.08140000   0.00015062  24410.691    45.154740   0.029819   0.152406    2010.198 1   0.295345   0.230328   0.098595   0.050884   0.043536   -18.2994   -19.9033   -20.6134   -20.9416   -21.2071     1.6039     2.3140     0.3282
174.193484  33.263447  19.5279  18.0676  17.2836  16.9037  16.6549    0.07560000   0.00019174  22656.875    57.482206   0.035975   0.183873     256.383 0   0.304685   0.259190   0.125593   0.048998   0.010824   -18.3445   -19.7593   -20.4097   -20.7130   -20.9237     1.4148     2.0652     0.3033
174.208745  33.243784  18.8474  17.3298  16.4392  15.9811  15.6751    0.07360000   0.00016639  22074.018    49.882467   0.052066   0.266116    -326.474 0   0.449830   0.415440   0.171543   0.087330   0.049668   -19.1329   -20.6162   -21.2629   -21.6367   -21.9051     1.4832     2.1299     0.3739
174.254450  33.256113  20.3444  18.6188  17.7526  17.2654  16.9343    0.07370000   0.00020324  22097.102    60.929819   0.052983   0.270798    -303.390 0   0.451828   0.405405   0.166658   0.088771   0.052673   -17.6409   -19.3201   -19.9475   -20.3568   -20.6518     1.6792     2.3066     0.4093
174.146709  33.271190  18.1329  16.1815  15.2689  14.8796  14.5969    0.08170000   0.00016145  24491.695    48.401492   0.060156   0.307463    2091.202 1   0.318615   0.245009   0.089189   0.058674   0.057687   -19.9198   -21.7976   -22.5544   -22.9131   -23.1949     1.8778     2.6346     0.3588
174.205081  33.365473  19.7415  17.7632  16.8512  16.4582  16.1136    0.07440000   0.00018778  22303.510    56.295028   0.069980   0.357672     -96.983 0   0.325420   0.250101   0.090418   0.060403   0.058791   -18.1349   -20.0379   -20.7902   -21.1532   -21.4962     1.9030     2.6553     0.3630
174.208412  33.203319  19.0688  17.8332  17.2799  16.9966  16.8415    0.07550000   0.00018357  22622.489    55.032902   0.092502   0.472784     221.996 0   0.079692   0.031091   0.025872   0.010496  -0.021752   -18.5757   -19.7627   -20.3108   -20.5787   -20.7016     1.1870     1.7351     0.2679
174.101250  33.286454  18.5227  16.9050  16.0893  15.6812  15.3924    0.07550000   0.00015534  22629.894    46.569760   0.093371   0.477227     229.401 0   0.330265   0.269955   0.119267   0.060735   0.038763   -19.3724   -20.9298   -21.5948   -21.9444   -22.2112     1.5574     2.2224     0.3496
174.325832  33.297221  19.8643  17.8596  16.9979  16.6333  16.3404    0.08250000   0.00014234  24746.878    42.672458   0.094821   0.484639    2346.386 1   0.192995   0.152391   0.057403   0.032884   0.039856   -18.1080   -20.0721   -20.8388   -21.1789   -21.4788     1.9641     2.7308     0.3401
174.197183  33.391850  19.2694  17.3908  16.5150  16.1469  15.8585    0.07420000   0.00016081  22242.622    48.209625   0.096927   0.495401    -157.871 0   0.265239   0.202669   0.078379   0.044706   0.048522   -18.5440   -20.3601   -21.1116   -21.4460   -21.7382     1.8160     2.5675     0.3344
174.145529  33.214240  18.2397  16.4180  15.5017  15.1172  14.8191    0.07430000   0.00017749  22279.316    53.210163   0.098843   0.505195    -121.176 0   0.354555   0.278200   0.105932   0.068737   0.058363   -19.6660   -21.4113   -22.1554   -22.5027   -22.7904     1.7453     2.4894     0.3473
174.228447  33.401500  19.4818  17.7830  16.8401  16.3963  16.0113    0.07470000   0.00016137  22387.751    48.377509   0.106586   0.544767     -12.741 0   0.487108   0.405713   0.158080   0.098505   0.066335   -18.5469   -20.1643   -20.8596   -21.2438   -21.5967     1.6174     2.3127     0.3842
174.291478  33.381076  20.1235  18.4048  17.5392  17.1387  16.8097    0.07590000   0.00014824  22763.541    44.441234   0.107922   0.551599     363.049 0   0.330722   0.262003   0.106412   0.062289   0.050888   -17.8018   -19.4518   -20.1618   -20.5182   -20.8358     1.6500     2.3600     0.3564
174.210323  33.428553  19.6403  18.1053  17.5989  17.4463  17.2573    0.07590000   0.00016945  22751.579    50.799832   0.132804   0.678770     351.087 0   0.030923   0.008625   0.007265   0.003797  -0.014241   -17.9852   -19.4979   -20.0029   -20.1521   -20.3230     1.5127     2.0177     0.1491
174.257349  33.428681  19.3527  18.1748  17.7572  17.5347  17.4218    0.06590000   0.00010908  19753.655    32.701361   0.138127   0.705978   -2646.838 1   0.088836   0.019546   0.035545   0.000533  -0.035046   -18.0258   -19.1344   -19.5680   -19.7555   -19.8328     1.1086     1.5422     0.1875
174.034286  33.259839  20.3833  18.6164  17.7507  17.3186  17.0426    0.07300000   0.00015725  21873.068    47.142364   0.153151   0.782763    -527.425 1   0.307030   0.237447   0.091366   0.055435   0.053386   -17.4333   -19.1306   -19.8502   -20.2464   -20.5203     1.6973     2.4169     0.3962
174.474338  33.358184  19.4030  17.7234  17.0688  16.7543  16.5504    0.08230000   0.00019358  24677.626    58.033824   0.227664   1.163606    2277.134 1   0.058012   0.030158   0.015362   0.008391   0.005786   -18.4078   -20.0596   -20.6994   -21.0069   -21.2082     1.6517     2.2915     0.3075
174.275928  33.060990  19.2954  17.6824  17.0914  16.7719  16.5944    0.07490000   0.00016781  22466.507    50.308172   0.240700   1.230236      66.014 0   0.126141   0.060450   0.048815   0.013705  -0.015851   -18.3751   -19.9225   -20.5018   -20.7862   -20.9341     1.5473     2.1267     0.2844
174.497027  33.207285  18.8869  17.4274  16.6907  16.2621  15.9583    0.08190000   0.00015894  24541.131    47.649013   0.253823   1.297305    2140.638 1   0.304960   0.259385   0.125616   0.049104   0.011036   -19.1815   -20.5954   -21.1983   -21.5504   -21.8161     1.4139     2.0169     0.3521
174.046896  33.045831  19.8821  18.3732  17.6722  17.3223  17.0981    0.07450000   0.00013173  22324.015    39.491660   0.285661   1.460035     -76.477 0   0.116551   0.071452   0.039740   0.017210   0.016530   -17.7915   -19.2553   -19.9245   -20.2519   -20.4754     1.4638     2.1331     0.3274
173.868781  33.278432  18.9883  18.0557  17.4789  17.1935  17.1070    0.08240000   0.00008190  24704.188    24.553002   0.287737   1.470644    2303.695 1   0.119395   0.208882   0.116952  -0.034621  -0.085280   -18.8866   -19.9087   -20.3935   -20.5273   -20.5632     1.0221     1.5070     0.1338
174.349978  33.019422  18.4553  17.4942  17.2538  17.0248  16.9308    0.07530000   0.00007608  22571.824    22.808210   0.299311   1.529797     171.331 0   0.118837   0.015345   0.061260  -0.025354  -0.012453   -19.2226   -20.0802   -20.3665   -20.5089   -20.6158     0.8576     1.1439     0.1424
174.301656  33.004905  19.1925  17.4908  16.6803  16.3127  16.0506    0.07460000   0.00015101  22359.061    45.271659   0.300271   1.534706     -41.431 0   0.227487   0.167452   0.073117   0.033521   0.038133   -18.5949   -20.2366   -20.9527   -21.2808   -21.5475     1.6417     2.3578     0.3280
174.115016  33.003810  19.2133  17.4441  16.7002  16.3350  16.0850    0.07210000   0.00014174  21627.538    42.492583   0.303087   1.549097    -772.955 1   0.098309   0.070003   0.032121   0.017930   0.019475   -18.3494   -20.0903   -20.7963   -21.1473   -21.3989     1.7409     2.4469     0.3510
174.567565  33.231799  18.4867  16.9555  16.1704  15.8504  15.6066    0.07410000   0.00014767  22210.454    44.270352   0.303675   1.552105    -190.038 0   0.089196   0.063911   0.028729   0.016770   0.017959   -19.1478   -20.6537   -21.4036   -21.7116   -21.9566     1.5059     2.2558     0.3080
174.600209  33.383678  18.9096  17.6931  17.2067  16.8913  16.6741    0.07410000   0.00009103  22215.461    27.290107   0.335859   1.716600    -185.032 0   0.168091   0.073839   0.076264  -0.013982  -0.085339   -18.8038   -19.9260   -20.4148   -20.6400   -20.7858     1.1222     1.6111     0.2252
174.509714  33.563773  19.4750  17.5840  16.7290  16.3013  16.0103    0.08200000   0.00014321  24572.639    42.933278   0.365495   1.868070    2172.146 1   0.247198   0.191445   0.069441   0.042024   0.048656   -18.5171   -20.3523   -21.0853   -21.4856   -21.7832     1.8352     2.5682     0.4003
174.082780  32.943474  19.3921  18.1527  17.6473  17.3375  17.1540    0.07700000   0.00009765  23073.257    29.274734   0.368571   1.883791     672.764 1   0.165555   0.074538   0.073589  -0.006843  -0.079130   -18.3812   -19.5296   -20.0340   -20.2634   -20.3746     1.1484     1.6528     0.2294
174.010022  32.963439  20.0952  18.4152  17.6815  17.3330  17.0341    0.07390000   0.00018407  22151.395    55.182798   0.372897   1.905904    -249.098 0   0.043226   0.032399   0.012722   0.009247   0.009155   -17.4631   -19.1323   -19.8463   -20.1913   -20.4901     1.6692     2.3832     0.3450
174.254373  32.910964  19.2378  17.1957  16.3430  15.9644  15.6834    0.07360000   0.00017717  22056.930    53.114230   0.386393   1.974881    -343.562 0   0.214356   0.166459   0.062879   0.035491   0.042787   -18.5071   -20.5013   -21.2504   -21.6016   -21.8899     1.9942     2.7433     0.3512
174.274946  32.911442  18.7216  17.6715  17.2784  16.9808  16.9044    0.07490000   0.00007435  22444.772    22.289569   0.387859   1.982373      44.279 0   0.169833   0.052703   0.083209  -0.054223  -0.060731   -18.9926   -19.9256   -20.3492   -20.5094   -20.5793     0.9330     1.3566     0.1602
174.166479  32.909506  20.2322  18.2878  17.4439  17.0493  16.7419    0.07550000   0.00015310  22646.562    45.898225   0.388157   1.983900     246.070 0   0.187474   0.151039   0.055236   0.032939   0.039837   -17.5201   -19.4281   -20.1762   -20.5485   -20.8628     1.9080     2.6561     0.3723
174.681019  33.281267  19.2373  17.6434  16.8598  16.4747  16.2093    0.07570000   0.00014812  22699.805    44.405259   0.391961   2.003338     299.313 0   0.260874   0.197175   0.092808   0.038094   0.031392   -18.5942   -20.1244   -20.8036   -21.1340   -21.3927     1.5302     2.2094     0.3304
174.089747  32.912743  19.5175  17.6437  16.8098  16.4319  16.1198    0.07190000   0.00014176  21559.245    42.498579   0.396501   2.026547    -841.248 1   0.141115   0.119385   0.044310   0.027864   0.032187   -18.0819   -19.9340   -20.6928   -21.0543   -21.3707     1.8521     2.6109     0.3615
174.229912  32.886276  19.9111  17.9313  17.1280  16.7335  16.4510    0.07330000   0.00016060  21972.898    48.146669   0.409746   2.094242    -427.594 1   0.169471   0.132188   0.052846   0.029030   0.034910   -17.7800   -19.7225   -20.4465   -20.8171   -21.1055     1.9425     2.6665     0.3707
174.194550  32.883691  17.9641  16.0653  15.1335  14.6671  14.3154    0.07610000   0.00017583  22818.163    52.712508   0.412340   2.107501     417.671 1   0.492316   0.412020   0.160704   0.099145   0.066568   -20.1103   -21.9288   -22.6093   -23.0141   -23.3333     1.8185     2.4990     0.4048
174.131530  32.882996  19.5157  17.5775  16.7038  16.2938  15.9841    0.07310000   0.00017979  21929.728    53.899686   0.418263   2.137773    -470.764 1   0.268495   0.206765   0.074498   0.046538   0.051813   -18.2684   -20.1449   -20.8863   -21.2684   -21.5834     1.8765     2.6179     0.3820
174.192383  32.864260  18.6278  16.6724  15.7339  15.3294  15.0281    0.07490000   0.00018190  22449.269    54.532248   0.431825   2.207090      48.776 0   0.361640   0.279185   0.101190   0.069744   0.062392   -19.2782   -21.1512   -21.9117   -22.2847   -22.5787     1.8729     2.6334     0.3731
174.551961  32.965639  18.9640  18.3998  18.5376  18.2890  18.3755    0.06730000   0.00081362  20166.649   243.917140   0.435355   2.225131   -2233.844 1  -0.450438   0.277810   0.763380   0.388098  -0.002386   -17.8997   -19.1922   -19.5400   -19.4133   -18.9363     1.2924     1.6402    -0.1267
174.339535  32.867192  19.2962  17.3193  16.4497  16.0597  15.7766    0.07340000   0.00015647  21996.732    46.908526   0.441547   2.256776    -403.760 0   0.259947   0.199233   0.075035   0.043956   0.049013   -18.4883   -20.4045   -21.1499   -21.5088   -21.7970     1.9162     2.6616     0.3589
174.157842  32.855338  19.2098  17.2663  16.3817  15.9812  15.7261    0.07090000   0.00016609  21252.797    49.792529   0.442777   2.263066   -1147.695 1   0.272761   0.209367   0.077559   0.047174   0.051329   -18.5120   -20.3921   -21.1449   -21.5150   -21.7743     1.8801     2.6329     0.3701
174.283207  32.846520  18.8750  17.9701  17.6522  17.4025  17.2843    0.07100000   0.00007122  21286.224    21.351219   0.453122   2.315941   -1114.269 1   0.146566   0.022908   0.077354  -0.043161  -0.020956   -18.7205   -19.5017   -19.8741   -20.0032   -20.1436     0.7812     1.1536     0.1292
174.006840  32.861008  18.5230  17.7276  17.5797  17.3453  17.3445    0.07440000   0.00008001  22300.901    23.986395   0.467473   2.389289     -99.591 0   0.117173   0.014747   0.060099  -0.024984  -0.011259   -19.1452   -19.8381   -20.0314   -20.1807   -20.1952     0.6930     0.8862     0.1493
173.652887  33.248217  17.9838  16.8553  16.4122  16.1194  16.0208    0.08240000   0.00018598  24691.267    55.755401   0.470080   2.402611    2290.774 1   0.160866   0.055815   0.074558  -0.021344  -0.077930   -19.9325   -20.9560   -21.4178   -21.6147   -21.6567     1.0234     1.4853     0.1969
174.078587  32.838395  19.9214  18.0711  17.2332  16.8538  16.5842    0.07540000   0.00015500  22594.668    46.467831   0.470843   2.406514     194.176 0   0.239010   0.179878   0.073514   0.037640   0.042858   -17.8765   -19.6677   -20.3992   -20.7428   -21.0176     1.7912     2.5227     0.3435
174.770608  33.204027  19.4528  17.7066  16.8443  16.4596  16.1103    0.08110000   0.00015945  24298.598    47.801907   0.475508   2.430353    1898.106 1   0.320427   0.251705   0.101523   0.059145   0.050935   -18.5884   -20.2659   -20.9780   -21.3204   -21.6614     1.6775     2.3896     0.3423
174.169546  32.817678  19.8037  17.5826  16.6239  16.2309  15.9104    0.07490000   0.00020410  22446.601    61.187641   0.479423   2.450365      46.108 0   0.379868   0.294926   0.107813   0.074679   0.063444   -18.1206   -20.2567   -21.0283   -21.3882   -21.6974     2.1362     2.9077     0.3599
174.158259  32.804165  19.6258  17.6590  16.7776  16.3683  16.0968    0.07630000   0.00015970  22885.257    47.876856   0.493674   2.523205     484.764 1   0.261999   0.201938   0.072968   0.045004   0.050833   -18.2452   -20.1520   -20.9044   -21.2857   -21.5631     1.9067     2.6592     0.3813
174.145714  32.787564  20.0220  18.5575  17.7211  17.3074  17.0593    0.07290000   0.00010315  21854.061    30.923592   0.511245   2.613010    -546.432 1   0.382996   0.372835   0.163360   0.072057   0.023860   -17.8707   -19.3250   -19.9519   -20.2743   -20.4742     1.4543     2.0813     0.3224
174.488103  32.833399  18.8556  17.2993  16.5655  16.1544  15.8961    0.07520000   0.00016499  22532.761    49.462758   0.516607   2.640416     132.268 0   0.254976   0.191273   0.092743   0.035417   0.027142   -18.9768   -20.4694   -21.1046   -21.4584   -21.7084     1.4926     2.1279     0.3538
173.859489  32.868837  19.3005  17.6222  16.7691  16.3551  15.9894    0.07420000   0.00017441  22243.491    52.286803   0.518920   2.652238    -157.001 0   0.359943   0.294839   0.123674   0.070198   0.048090   -18.6077   -20.2208   -20.9028   -21.2633   -21.6069     1.6132     2.2951     0.3605
174.580123  33.730358  19.0432  17.0692  16.1693  15.7703  15.4444    0.08290000   0.00016558  24838.555    49.639635   0.532301   2.720626    2438.062 1   0.318695   0.244707   0.088305   0.058675   0.058116   -19.0442   -20.9442   -21.6877   -22.0570   -22.3824     1.9000     2.6435     0.3694
174.790704  33.044919  18.6478  17.3968  16.7101  16.3471  16.1320    0.07580000   0.00018190  22735.481    54.532248   0.544583   2.783402     334.988 0   0.247279   0.244808   0.128645   0.027369  -0.054490   -19.1942   -20.4427   -21.0133   -21.2750   -21.4082     1.2485     1.8191     0.2617
174.519549  32.794561  18.5166  16.9532  16.3741  16.0124  15.8500    0.06720000   0.00009302  20134.841    27.886694   0.563126   2.878177   -2265.652 1   0.176057   0.097893   0.071560   0.009499  -0.029777   -18.9670   -20.4522   -21.0050   -21.3046   -21.4278     1.4852     2.0380     0.2996
174.036591  32.732698  18.9612  17.2343  16.3777  15.9881  15.7148    0.06790000   0.00015601  20354.259    46.770621   0.581923   2.974252   -2046.233 1   0.307220   0.239810   0.097742   0.055058   0.049092   -18.7008   -20.3603   -21.0748   -21.4218   -21.6891     1.6595     2.3740     0.3469
174.277775  33.883339  18.7361  17.5643  16.9625  16.6227  16.4356    0.07420000   0.00009204  22247.748    27.592898   0.590113   3.016110    -152.744 0   0.203125   0.194325   0.115492   0.003172  -0.091270   -19.0152   -20.1782   -20.7012   -20.9287   -21.0213     1.1630     1.6860     0.2275
174.586047  32.775457  18.9244  17.0546  16.2002  15.8137  15.5405    0.07500000   0.00015081  22471.663    45.211701   0.606839   3.101596      71.171 0   0.258490   0.197306   0.076404   0.043125   0.047650   -18.9057   -20.7143   -21.4478   -21.8010   -22.0787     1.8086     2.5421     0.3532
