184.675696   5.213982  19.6182  17.8797  16.9959  16.5819  16.3035    0.07290000   0.00016624  21850.283    49.837498   0.026527   0.138936    -911.759 0   0.328850   0.256810   0.099344   0.061573   0.055036   -18.2203   -19.8868   -20.6131   -20.9894   -21.2612     1.6665     2.3928     0.3762
184.709163   5.232365  19.2972  17.4886  16.6055  16.1962  15.8951    0.07110000   0.00018444  21303.402    55.293721   0.042524   0.222717   -1458.640 0   0.325410   0.252382   0.095380   0.060505   0.056338   -18.4834   -20.2190   -20.9451   -21.3195   -21.6164     1.7356     2.4617     0.3744
184.648868   5.282309  19.0543  17.1533  16.2503  15.8304  15.5294    0.07640000   0.00016986  22910.739    50.922747   0.046870   0.245481     148.697 0   0.347654   0.268086   0.097296   0.066165   0.060945   -18.9023   -20.7237   -21.4559   -21.8447   -22.1404     1.8214     2.5536     0.3888
184.711907   5.263285  19.3875  17.4376  16.5097  16.0668  15.7539    0.07310000   0.00016934  21912.280    50.766855   0.050869   0.266428    -849.762 0   0.405844   0.316750   0.116352   0.081490   0.065254   -18.5340   -20.3948   -21.1223   -21.5303   -21.8270     1.8608     2.5883     0.4080
184.669820   5.183921  18.8982  17.0043  16.0862  15.6720  15.3741    0.07800000   0.00015514  23377.366    46.509802   0.055204   0.289129     615.324 0   0.359343   0.278938   0.102742   0.069462   0.061165   -19.0970   -20.9105   -21.6524   -22.0333   -22.3229     1.8135     2.5554     0.3809
184.681332   5.292520  19.9904  18.3683  17.5167  17.1384  16.8975    0.08050000   0.00014930  24137.490    44.759014   0.055341   0.289846    1375.448 0   0.292964   0.228880   0.100246   0.049841   0.040707   -18.0284   -19.5864   -20.3094   -20.6373   -20.8690     1.5580     2.2810     0.3279
184.613384   5.262818  20.2589  18.5252  17.5540  16.9997  16.5527    0.07860000   0.00015960  23561.049    47.846876   0.058435   0.306052     799.007 0   0.640831   0.517244   0.188262   0.115656   0.086593   -18.0557   -19.6658   -20.3080   -20.7897   -21.2077     1.6101     2.2523     0.4817
184.729444   5.239605  20.2571  18.2856  17.4136  16.9867  16.6974    0.07320000   0.00015251  21948.166    45.721348   0.062194   0.325740    -813.877 0   0.274568   0.211184   0.076176   0.047923   0.052589   -17.5149   -19.4230   -20.1600   -20.5586   -20.8526     1.9081     2.6451     0.3986
184.733370   5.216733  20.1055  18.3729  17.5103  17.1146  16.9048    0.07120000   0.00016318  21342.045    48.920133   0.069767   0.365406   -1419.997 0   0.302644   0.235618   0.096364   0.053616   0.048483   -17.6341   -19.2997   -20.0231   -20.3760   -20.5807     1.6656     2.3889     0.3530
184.742778   5.254516  17.7120  15.8239  14.9011  14.4656  14.1510    0.07690000   0.00018269  23068.100    54.769084   0.077037   0.403481     306.058 0   0.382663   0.296920   0.108319   0.075340   0.063823   -20.2968   -22.0991   -22.8333   -23.2359   -23.5389     1.8024     2.5366     0.4025
184.739497   5.284036  19.0177  17.0556  16.1399  15.6966  15.3831    0.07170000   0.00018436  21481.209    55.269738   0.085068   0.445544   -1280.833 0   0.394809   0.307455   0.112705   0.078607   0.064504   -18.8294   -20.7041   -21.4251   -21.8343   -22.1337     1.8747     2.5957     0.4092
184.581557   5.250266  19.2691  17.6241  16.8594  16.4478  16.2013    0.07510000   0.00016703  22504.640    50.074334   0.085814   0.449447    -257.402 0   0.256891   0.192821   0.087965   0.038134   0.035647   -18.5623   -20.1432   -20.8031   -21.1648   -21.4088     1.5809     2.2408     0.3618
184.611726   5.306970  20.1212  18.3307  17.4894  17.0903  16.8358    0.07560000   0.00015741  22660.562    47.190331   0.087416   0.457840    -101.480 0   0.264995   0.201550   0.081522   0.043661   0.046129   -17.7115   -19.4386   -20.1599   -20.5211   -20.7781     1.7271     2.4483     0.3612
184.594269   5.178244  18.9444  17.1849  16.4173  16.0597  15.8018    0.07720000   0.00014216  23140.470    42.618496   0.094563   0.495273     378.428 0   0.108760   0.082936   0.035955   0.020690   0.023000   -18.7990   -20.5326   -21.2533   -21.5956   -21.8558     1.7337     2.4543     0.3423
184.745008   5.171736  19.3695  18.0935  17.3997  16.9484  16.5624    0.07650000   0.00016175  22919.793    48.491430   0.102797   0.538398     157.751 0   0.306063   0.280169   0.135667   0.048275  -0.004288   -18.5301   -19.7802   -20.3295   -20.6934   -21.0268     1.2501     1.7994     0.3639
184.733880   5.157474  20.4096  18.6700  17.9192  17.4916  17.2338    0.07810000   0.00015119  23415.290    45.325622   0.105318   0.551602     653.248 0   0.222320   0.162706   0.071757   0.032271   0.037141   -17.4726   -19.1526   -19.8124   -20.2005   -20.4632     1.6800     2.3398     0.3881
184.773977   5.264853  20.0305  18.2367  17.3460  16.9371  16.6468    0.07860000   0.00016159  23555.593    48.443463   0.109617   0.574119     793.551 0   0.335002   0.261696   0.100430   0.063292   0.056155   -17.9783   -19.6988   -20.4282   -20.8000   -21.0831     1.7205     2.4499     0.3718
184.556908   5.254557  18.8760  17.6889  17.1746  16.8505  16.7493    0.07660000   0.00008667  22954.209    25.983012   0.110715   0.579868     192.167 0   0.175156   0.088532   0.082437  -0.018118  -0.091835   -18.8955   -19.9960   -20.5042   -20.7278   -20.7552     1.1005     1.6087     0.2235
184.604955   5.140818  19.5755  18.0569  17.2508  16.8455  16.5095    0.07820000   0.00015981  23432.888    47.909833   0.116046   0.607789     670.846 0   0.346277   0.292415   0.130836   0.063946   0.034136   -18.4122   -19.8770   -20.5215   -20.8599   -21.1661     1.4647     2.1093     0.3384
184.550804   5.204614  19.5103  17.7612  16.9103  16.5012  16.2331    0.07500000   0.00015936  22495.227    47.774926   0.120719   0.632264    -266.815 0   0.292197   0.225258   0.089445   0.051026   0.049917   -18.3535   -20.0356   -20.7507   -21.1214   -21.3884     1.6822     2.3972     0.3707
184.782885   5.279359  19.4323  17.8509  17.1341  16.7515  16.5584    0.08260000   0.00017925  24761.388    53.737798   0.122245   0.640254    1999.346 1   0.201362   0.134614   0.071939   0.022642   0.020863   -18.5298   -20.0445   -20.6986   -21.0319   -21.2232     1.5147     2.1688     0.3333
184.664383   5.365492  24.5417  18.7359  17.5284  17.3803  17.6114    0.07300000   0.00017255  21872.138    51.729189   0.126466   0.662363    -889.904 0   0.365534   0.282876   0.103065   0.070864   0.062424   -13.3334   -19.0565   -20.0842   -20.2001   -19.9606     5.7231     6.7508     0.1159
184.716731   5.365230  19.3187  17.9444  17.3151  16.9431  16.7210    0.08580000   0.00016535  25736.763    49.570683   0.135551   0.709946    2974.721 1   0.210843   0.145400   0.090353   0.013029  -0.029192   -18.7569   -20.0658   -20.6400   -20.9347   -21.1146     1.3089     1.8831     0.2947
184.640389   5.105757  19.5289  17.6287  16.7317  16.3202  16.0046    0.08010000   0.00017301  24010.798    51.867093   0.135903   0.711790    1248.756 0   0.317149   0.243231   0.087220   0.058260   0.058233   -18.5032   -20.3295   -21.0705   -21.4530   -21.7686     1.8263     2.5673     0.3825
184.797616   5.191013  20.0043  18.1773  17.2872  17.0241  16.6047    0.07190000   0.00016269  21568.718    48.773235   0.138666   0.726259   -1193.324 0   0.301626   0.232931   0.090070   0.053922   0.052540   -17.7557   -19.5140   -20.2612   -20.4882   -20.9062     1.7583     2.5055     0.2270
184.777552   5.333916  18.4035  16.5531  15.6563  15.2377  14.9396    0.07690000   0.00018567  23055.389    55.662466   0.145330   0.761161     293.347 0   0.332883   0.257199   0.094871   0.062425   0.058547   -19.5555   -21.3302   -22.0647   -22.4508   -22.7451     1.7747     2.5092     0.3862
184.816452   5.270370  17.8600  15.9274  14.9897  14.5676  14.2525    0.08080000   0.00019596  24209.560    58.747330   0.152095   0.796596    1447.518 1   0.387490   0.301467   0.110490   0.076724   0.063907   -20.2614   -22.1080   -22.8547   -23.2431   -23.5453     1.8466     2.5933     0.3883
184.619795   5.087869  19.5673  17.7251  16.8188  16.4166  16.1194    0.07760000   0.00016140  23277.475    48.386503   0.158321   0.829205     515.433 0   0.339612   0.262345   0.096199   0.064176   0.059555   -18.3970   -20.1619   -20.9020   -21.2722   -21.5648     1.7649     2.5051     0.3702
184.775217   5.367413  20.0462  18.3149  17.5134  17.1410  16.9246    0.07760000   0.00014591  23274.717    43.742718   0.167605   0.877827     512.675 0   0.234805   0.172524   0.077180   0.034109   0.036954   -17.8133   -19.4823   -20.1884   -20.5178   -20.7370     1.6690     2.3752     0.3293
184.535383   5.359991  18.6000  17.1014  16.3610  15.9607  15.7069    0.07720000   0.00014986  23134.384    44.926898   0.178333   0.934015     372.342 0   0.263476   0.201642   0.099107   0.037668   0.022939   -19.2981   -20.7348   -21.3727   -21.7116   -21.9506     1.4368     2.0746     0.3389
184.499785   5.304349  18.3732  17.0302  16.4074  16.0299  15.7875    0.07700000   0.00014280  23082.340    42.810363   0.178854   0.936743     320.298 0   0.210763   0.148072   0.092967   0.011727  -0.038834   -19.4453   -20.7256   -21.2933   -21.5896   -21.7814     1.2803     1.8480     0.2963
184.491636   5.339041  20.6302  18.5013  17.6046  17.1219  16.8172    0.07630000   0.00018035  22887.295    54.067570   0.201223   1.053904     125.253 0   0.460508   0.392365   0.157349   0.092791   0.059999   -17.4393   -19.5001   -20.1618   -20.5799   -20.8518     2.0608     2.7224     0.4181
184.843574   5.140765  18.5775  17.3822  16.7842  16.3831  16.1776    0.07540000   0.00009439  22618.082    28.297410   0.201449   1.055084    -143.960 0   0.210827   0.206347   0.118659   0.008188  -0.085175   -19.1922   -20.3831   -20.8934   -21.1840   -21.2961     1.1908     1.7011     0.2906
184.668022   5.442676  20.2802  18.5458  17.6906  17.3126  16.9703    0.07260000   0.00017055  21760.196    51.129604   0.203625   1.066484   -1001.846 0   0.313699   0.245877   0.100077   0.057066   0.049646   -17.5129   -19.1795   -19.8889   -20.2239   -20.5588     1.6666     2.3760     0.3350
184.816721   5.100155  18.7200  16.8930  16.0097  15.6211  15.3180    0.07710000   0.00016223  23124.641    48.635330   0.203776   1.067273     362.599 0   0.293065   0.225258   0.084599   0.051972   0.053214   -19.1836   -20.9428   -21.6855   -22.0414   -22.3458     1.7592     2.5018     0.3560
184.719883   5.436411  19.4428  17.8661  17.0788  16.6179  16.3080    0.07890000   0.00017682  23649.128    53.009302   0.204266   1.069838     887.086 0   0.357102   0.309878   0.138794   0.065629   0.031168   -18.5752   -20.1046   -20.7209   -21.1086   -21.3840     1.5295     2.1457     0.3877
184.575375   5.049005  18.9265  17.8668  17.4223  17.0930  16.9555    0.07810000   0.00007929  23412.262    23.770544   0.210812   1.104124     650.220 0   0.168732   0.109394   0.097324  -0.044755  -0.091464   -18.9021   -19.9025   -20.3349   -20.5221   -20.6129     1.0004     1.4328     0.1872
184.874350   5.192961  19.4195  17.4957  16.6005  16.1686  15.8470    0.07240000   0.00018101  21698.888    54.265433   0.211573   1.108111   -1063.154 0   0.341980   0.262895   0.094639   0.064588   0.060831   -18.3959   -20.2406   -20.9676   -21.3694   -21.6873     1.8447     2.5717     0.4018
184.836256   5.086652  20.1549  18.4178  17.5559  17.1617  16.8599    0.07690000   0.00015447  23055.089    46.308941   0.227239   1.190161     293.047 0   0.302230   0.234674   0.094578   0.053614   0.049697   -17.7734   -19.4430   -20.1648   -20.5180   -20.8159     1.6695     2.3913     0.3532
184.521532   5.051519  18.9683  17.1806  16.3260  15.9351  15.6494    0.07720000   0.00016554  23153.271    49.627643   0.236963   1.241088     391.229 0   0.272625   0.208392   0.081934   0.046143   0.048534   -18.9389   -20.6624   -21.3905   -21.7456   -22.0337     1.7235     2.4516     0.3551
184.566055   5.453816  19.6669  18.0078  17.1570  16.7930  16.5474    0.07740000   0.00015216  23201.838    45.616420   0.237121   1.241918     439.796 0   0.272609   0.208095   0.089472   0.044014   0.042152   -18.2247   -19.8193   -20.5515   -20.8700   -21.1138     1.5946     2.3268     0.3185
184.820428   5.056798  19.3543  17.8405  16.9003  16.3768  15.9526    0.07930000   0.00020906  23764.788    62.674611   0.237830   1.245630    1002.746 0   0.579466   0.493419   0.185752   0.108509   0.078210   -18.9154   -20.3431   -20.9757   -21.4219   -21.8158     1.4278     2.0603     0.4463
184.665456   5.000404  18.8518  16.9663  16.0559  15.6333  15.3205    0.07580000   0.00018442  22734.012    55.287725   0.238654   1.249944     -28.031 0   0.346691   0.268669   0.099148   0.066134   0.059859   -19.0896   -20.8971   -21.6380   -22.0275   -22.3341     1.8075     2.5484     0.3896
184.629928   5.477656  20.0292  18.3816  17.5108  17.0568  16.7246    0.07550000   0.00015586  22621.559    46.725653   0.241441   1.264541    -140.483 0   0.440795   0.383313   0.157503   0.087944   0.053841   -17.9764   -19.5666   -20.2115   -20.5960   -20.8941     1.5901     2.2351     0.3844
184.710623   5.484112  18.3154  16.4070  15.5233  15.0733  14.7793    0.07640000   0.00017159  22897.518    51.441388   0.248881   1.303508     135.476 0   0.300037   0.230266   0.083050   0.054008   0.055887   -19.5935   -21.4322   -22.1687   -22.5896   -22.8855     1.8386     2.5751     0.4210
184.806307   5.448772  18.5148  16.5943  15.7272  15.3357  15.0549    0.07780000   0.00016829  23320.106    50.452073   0.251454   1.316985     558.064 0   0.252334   0.193791   0.072459   0.042432   0.048298   -19.3861   -21.2480   -21.9938   -22.3553   -22.6419     1.8620     2.6077     0.3615
184.895963   5.346807  19.8500  18.2502  17.4153  17.0475  16.7540    0.07500000   0.00014243  22471.723    42.699440   0.252193   1.320857    -290.319 0   0.313387   0.251444   0.111447   0.056169   0.038718   -18.0350   -19.5728   -20.2677   -20.5802   -20.8563     1.5379     2.2328     0.3125
184.692922   5.494511  19.6275  17.7806  16.9414  16.5658  16.3047    0.07870000   0.00016152  23590.938    48.422478   0.256760   1.344777     828.896 0   0.235413   0.176721   0.072748   0.036749   0.042112   -18.2845   -20.0727   -20.8079   -21.1475   -21.4140     1.7882     2.5234     0.3396
184.473150   5.411442  19.3861  17.3857  16.4699  16.0525  15.7387    0.07600000   0.00017380  22798.587    52.103929   0.258804   1.355480      36.545 0   0.358710   0.277138   0.100758   0.069051   0.061924   -18.5731   -20.4919   -21.2313   -21.6170   -21.9237     1.9188     2.6582     0.3857
184.413496   5.177136  19.7847  18.0024  17.1164  16.7166  16.4072    0.07720000   0.00015846  23149.134    47.505113   0.259920   1.361324     387.092 0   0.323920   0.251486   0.095690   0.060107   0.055756   -18.1738   -19.8837   -20.6139   -20.9781   -21.2832     1.7099     2.4401     0.3642
184.611500   4.979056  17.8913  15.9397  15.1050  14.6964  14.3819    0.07350000   0.00016823  22045.568    50.434085   0.265805   1.392149    -716.474 0   0.190569   0.152690   0.056109   0.033200   0.040167   -19.8237   -21.7374   -22.4755   -22.8612   -23.1827     1.9137     2.6518     0.3857
184.611355   4.973995  18.9565  17.1349  16.2520  15.8333  15.5161    0.07560000   0.00018869  22657.235    56.567839   0.270787   1.418241    -104.807 0   0.317525   0.244854   0.090697   0.058398   0.056677   -18.9288   -20.6777   -21.4064   -21.7928   -22.1083     1.7489     2.4777     0.3864
184.884650   5.075158  17.8821  15.9645  15.0719  14.6564  14.3458    0.07810000   0.00018244  23415.230    54.694136   0.271738   1.423225     653.188 0   0.300096   0.230313   0.083075   0.054023   0.055890   -20.0779   -21.9257   -22.6710   -23.0575   -23.3700     1.8478     2.5932     0.3864
184.660516   5.515273  19.2307  18.2216  17.7018  17.3368  17.1883    0.07400000   0.00009049  22172.740    27.128220   0.276295   1.447090    -589.302 0   0.148913   0.194129   0.116431  -0.034016  -0.096190   -18.4605   -19.5148   -19.9570   -20.1715   -20.2578     1.0543     1.4964     0.2146
184.405215   5.344411  19.6475  17.7074  16.7601  16.2678  15.9474    0.07560000   0.00016803  22665.119    50.374127   0.281169   1.472620     -96.923 0   0.559212   0.473287   0.179748   0.106609   0.075345   -18.4794   -20.3336   -20.9874   -21.4065   -21.6957     1.8542     2.5079     0.4192
184.470354   5.446663  19.5047  17.7888  16.9179  16.5285  16.2368    0.08110000   0.00015268  24326.359    45.772312   0.285387   1.494712    1564.317 1   0.315454   0.247318   0.100257   0.057617   0.050135   -18.5316   -20.1793   -20.9032   -21.2499   -21.5341     1.6478     2.3716     0.3468
184.872930   5.024606  19.0638  17.1936  16.3186  15.9139  15.6050    0.07760000   0.00016406  23249.355    49.183951   0.296723   1.554081     487.313 0   0.253518   0.196158   0.070632   0.043399   0.049779   -18.8144   -20.6272   -21.3767   -21.7541   -22.0694     1.8128     2.5623     0.3775
184.391863   5.364666  18.5796  16.7431  15.8579  15.4604  15.1425    0.07640000   0.00019139  22900.366    57.377279   0.301403   1.578591     138.324 0   0.315299   0.243119   0.090253   0.057810   0.056316   -19.3446   -21.1089   -21.8413   -22.2063   -22.5227     1.7643     2.4967     0.3651
184.581734   4.935065  18.2650  16.4228  15.5209  15.0889  14.7583    0.07610000   0.00017716  22817.564    53.111232   0.315622   1.653063      55.522 0   0.403184   0.320798   0.122211   0.081800   0.062101   -19.7203   -21.4801   -22.1834   -22.5750   -22.8859     1.7598     2.4631     0.3916
184.925803   5.422412  19.8748  18.2233  17.3827  16.9999  16.6929    0.07400000   0.00016608  22177.357    49.789531   0.316299   1.656613    -584.685 0   0.315164   0.251365   0.108873   0.057193   0.042404   -17.9827   -19.5704   -20.2685   -20.5996   -20.8918     1.5877     2.2858     0.3311
184.800611   5.528300  20.2937  18.4512  17.6330  17.2804  17.0154    0.07750000   0.00013999  23248.186    41.967946   0.318385   1.667535     486.143 0   0.161751   0.123888   0.051572   0.027389   0.032792   -17.5111   -19.3157   -20.0616   -20.3900   -20.6604     1.8046     2.5505     0.3284
184.352334   5.352784  19.1900  18.1302  17.6396  17.2826  17.1280    0.08130000   0.00008871  24366.441    26.594589   0.333345   1.745886    1604.399 1   0.167983   0.156060   0.107915  -0.030878  -0.101599   -18.7254   -19.7732   -20.2157   -20.4339   -20.5178     1.0479     1.4903     0.2182
184.975197   5.087029  19.5288  18.0482  17.2944  16.9263  16.6918    0.07390000   0.00015806  22155.502    47.385196   0.342504   1.793861    -606.540 0   0.265482   0.206085   0.103674   0.037944   0.015954   -18.2517   -19.6729   -20.3243   -20.6267   -20.8392     1.4212     2.0726     0.3024
184.655326   5.605407  19.0971  17.6540  16.9516  16.5650  16.3004    0.07440000   0.00009697  22291.698    29.070875   0.366538   1.919736    -470.344 0   0.255195   0.199204   0.105525   0.033176  -0.000090   -18.7091   -20.0962   -20.7049   -21.0192   -21.2505     1.3871     1.9958     0.3143
184.854985   5.565742  19.2194  17.9536  17.3716  17.0127  16.7904    0.07880000   0.00009110  23613.393    27.311093   0.376527   1.972052     851.351 0   0.202284   0.148081   0.097727   0.005246  -0.072101   -18.6593   -19.8709   -20.4025   -20.6689   -20.8139     1.2116     1.7432     0.2664
184.592881   4.868880  17.8719  16.0054  15.1315  14.6986  14.4025    0.07580000   0.00015927  22718.512    47.747945   0.377458   1.976931     -43.530 0   0.294236   0.225776   0.080942   0.052594   0.055401   -20.0170   -21.8151   -22.5442   -22.9487   -23.2476     1.7980     2.5271     0.4046
184.432901   5.555733  19.5109  18.2528  17.6893  17.3515  17.0860    0.08880000   0.00011445  26617.223    34.311247   0.393228   2.059524    3855.181 1   0.193905   0.141167   0.097756  -0.001896  -0.088269   -18.6015   -19.8069   -20.3269   -20.5651   -20.7442     1.2054     1.7255     0.2381
184.722113   5.645252  19.2008  17.3204  16.4246  15.9994  15.6819    0.07720000   0.00017441  23134.684    52.286803   0.409891   2.146795     372.642 0   0.344884   0.265502   0.095930   0.065386   0.060921   -18.7787   -20.5797   -21.3059   -21.7006   -22.0136     1.8010     2.5272     0.3947
184.368462   4.952488  19.9298  18.1365  17.2910  16.8888  16.5829    0.07810000   0.00016789  23427.671    50.332156   0.412912   2.162620     665.629 0   0.262294   0.200753   0.076414   0.044322   0.048871   -17.9924   -19.7241   -20.4453   -20.8154   -21.1258     1.7318     2.4529     0.3701
184.775279   4.834667  18.7224  16.7394  15.8313  15.3950  15.0741    0.07640000   0.00017831  22903.904    53.455993   0.418517   2.191976     141.862 0   0.372138   0.288162   0.104921   0.072568   0.063046   -19.2586   -21.1577   -21.8825   -22.2865   -22.5978     1.8990     2.6239     0.4039
184.969439   5.529903  19.7000  17.9534  17.1620  16.8133  16.5702    0.07610000   0.00013594  22814.686    40.753787   0.418694   2.192904      52.644 0   0.143000   0.104558   0.047479   0.023795   0.027795   -18.0251   -19.7333   -20.4676   -20.7926   -21.0397     1.7082     2.4425     0.3250
184.541794   4.839313  19.0876  18.0462  17.4236  17.0690  16.8911    0.07720000   0.00008707  23143.978    26.102929   0.418731   2.193095     381.936 0   0.184011   0.248360   0.131762  -0.000910  -0.095218   -18.7310   -19.8368   -20.3428   -20.5647   -20.6483     1.1057     1.6118     0.2219
184.231639   5.262966  18.8612  17.6039  17.0952  16.7864  16.6146    0.08110000   0.00021208  24322.492    63.579984   0.434194   2.274082    1560.450 1   0.154310   0.064482   0.067964  -0.000463  -0.070913   -19.0139   -20.1814   -20.6936   -20.9339   -21.0353     1.1675     1.6797     0.2404
184.543342   4.805490  19.4119  17.9406  17.2784  16.9395  16.6996    0.07600000   0.00016465  22794.450    49.360828   0.450709   2.360582      32.408 0   0.103080   0.057209   0.034217   0.014535   0.010134   -18.2916   -19.7171   -20.3563   -20.6755   -20.9110     1.4254     2.0646     0.3192
184.380876   4.888470  18.0225  16.7147  16.0784  15.7327  15.5025    0.06390000   0.00016015  19143.907    48.011762   0.451761   2.366091   -3618.135 1   0.218293   0.171109   0.103891   0.015019  -0.055699   -19.3969   -20.6576   -21.2266   -21.4835   -21.6430     1.2606     1.8297     0.2568
184.239197   5.406540  19.4593  18.1502  17.5432  17.2543  17.0956    0.07750000   0.00019143  23243.239    57.389270   0.457749   2.397454     481.197 0   0.035324   0.014774   0.007845   0.004815  -0.002650   -18.2191   -19.5076   -20.1077   -20.3936   -20.5448     1.2885     1.8886     0.2859
184.359841   5.584703  20.2758  18.4116  17.5035  17.0295  16.6526    0.07680000   0.00016643  23037.252    49.894459   0.461550   2.417361     275.209 0   0.472899   0.390719   0.152211   0.096534   0.065270   -17.7962   -19.5782   -20.2478   -20.6661   -21.0118     1.7820     2.4516     0.4183
185.126098   5.314025  19.5551  18.0906  17.4589  17.0122  16.8303    0.07350000   0.00008786  22022.124    26.339765   0.463294   2.426496    -739.918 0   0.228814   0.165348   0.093366   0.022077  -0.004792   -18.1982   -19.5992   -20.1589   -20.5343   -20.6893     1.4010     1.9608     0.3754
184.230011   5.414344  19.1532  17.2960  16.3998  15.9813  15.6611    0.07590000   0.00015211  22758.984    45.601431   0.469135   2.457086      -3.058 0   0.334601   0.258533   0.095233   0.062877   0.058796   -18.7760   -20.5571   -21.2900   -21.6761   -21.9923     1.7811     2.5140     0.3861
184.534219   4.787591  18.9279  17.0539  16.1780  15.7719  15.4438    0.07630000   0.00016283  22880.550    48.815206   0.470425   2.463841     118.508 0   0.267820   0.206321   0.074181   0.046405   0.051797   -18.9490   -20.7615   -21.5052   -21.8835   -22.2170     1.8125     2.5563     0.3783
184.695882   5.711219  19.4884  18.1656  17.4907  17.0859  16.8441    0.07830000   0.00009428  23475.129    28.264433   0.473042   2.477548     713.086 0   0.257952   0.229310   0.121657   0.030687  -0.033570   -18.4109   -19.7050   -20.2723   -20.5861   -20.7636     1.2942     1.8614     0.3138
185.143953   5.321301  19.5982  18.0556  17.4734  17.0723  16.8233    0.07330000   0.00008510  21963.425    25.512338   0.482037   2.524660    -798.617 0   0.205679   0.138426   0.088413   0.010926  -0.033778   -18.1291   -19.6044   -20.1366   -20.4602   -20.6645     1.4753     2.0075     0.3236
184.712628   5.720880  19.5158  17.7054  16.9035  16.6894  16.2428    0.07380000   0.00015217  22116.259    45.619418   0.483965   2.534759    -645.783 0   0.034436   0.026439   0.009999   0.007663   0.007400   -18.0338   -19.8362   -20.6217   -20.8335   -21.2798     1.8024     2.5879     0.2118
185.023565   5.585440  18.2734  16.5828  15.7982  15.4286  15.1221    0.06870000   0.00016187  20599.999    48.527405   0.496053   2.598067   -2162.043 1   0.130527   0.101614   0.042756   0.024045   0.027662   -19.2162   -20.8779   -21.6036   -21.9545   -22.2646     1.6617     2.3874     0.3509
184.216434   5.458331  19.5839  17.8192  16.9897  16.6180  16.3097    0.08820000   0.00014905  26453.956    44.684066   0.499392   2.615558    3691.914 1   0.158285   0.126674   0.049446   0.028507   0.033833   -18.4781   -20.2112   -20.9635   -21.3142   -21.6279     1.7331     2.4854     0.3508
185.044514   4.906518  18.4108  16.6908  15.8437  15.4024  15.0879    0.08240000   0.00016635  24687.909    49.870475   0.501911   2.628750    1925.867 1   0.384578   0.320048   0.133399   0.076579   0.049864   -19.7292   -21.3847   -22.0452   -22.4296   -22.7174     1.6555     2.3159     0.3845
184.644031   5.741047  18.4335  16.4576  15.5355  15.0906  14.7507    0.07850000   0.00020388  23534.937    61.121686   0.502515   2.631912     772.895 0   0.416112   0.324957   0.119302   0.084063   0.066116   -19.6324   -21.5171   -22.2336   -22.6433   -22.9652     1.8847     2.6012     0.4097
184.165785   5.302424  19.3407  17.3959  16.5066  16.1044  15.7868    0.07690000   0.00018937  23046.605    56.771698   0.503121   2.635085     284.563 0   0.297525   0.228327   0.082228   0.053392   0.055634   -18.5829   -20.4585   -21.2017   -21.5751   -21.8949     1.8756     2.6188     0.3734
185.176047   5.176094  18.4686  16.7697  15.9668  15.5524  15.2792    0.07670000   0.00018901  22990.424    56.663772   0.510823   2.675426     228.382 0   0.248269   0.186329   0.078571   0.038772   0.041998   -19.3789   -21.0158   -21.7110   -22.0856   -22.3620     1.6370     2.3321     0.3746
184.444704   4.772666  19.1634  17.9374  17.2614  16.8665  16.5861    0.07570000   0.00009253  22703.493    27.739796   0.516252   2.703863     -58.549 0   0.260314   0.251736   0.129975   0.032264  -0.042340   -18.6675   -19.8849   -20.4392   -20.7364   -20.9422     1.2174     1.7717     0.2972
184.202541   5.468858  18.9394  17.5909  16.9054  16.5077  16.2642    0.08910000   0.00017912  26720.442    53.698825   0.516456   2.704929    3958.400 1   0.260964   0.225288   0.119378   0.032372  -0.025484   -19.2686   -20.5814   -21.1610   -21.4717   -21.6573     1.3128     1.8924     0.3107
184.434044   4.768920  20.1500  18.5276  17.6949  17.3150  16.9796    0.07510000   0.00015381  22506.229    46.111078   0.524249   2.745746    -255.813 0   0.308949   0.245940   0.108127   0.055040   0.040146   -17.7334   -19.2928   -19.9877   -20.3145   -20.6350     1.5594     2.2543     0.3268
184.137137   5.267159  19.1993  17.5761  16.7314  16.2992  15.9608    0.08830000   0.00014473  26475.242    43.388962   0.528390   2.767432    3713.199 1   0.389922   0.332125   0.141090   0.076444   0.045857   -19.1180   -20.6834   -21.3370   -21.7046   -22.0124     1.5654     2.2191     0.3676
184.562593   4.711534  19.4894  17.5546  16.6465  16.2387  15.9151    0.07680000   0.00016428  23011.679    49.249905   0.537666   2.816014     249.637 0   0.347242   0.267666   0.097039   0.066043   0.060966   -18.4569   -20.3121   -21.0496   -21.4264   -21.7449     1.8552     2.5927     0.3768
185.188467   5.396981  18.6627  17.1785  16.4350  16.0317  15.7500    0.06970000   0.00016200  20905.517    48.566378   0.542780   2.842801   -1856.525 1   0.284170   0.230188   0.113970   0.043513   0.013497   -19.0121   -20.4423   -21.0696   -21.4024   -21.6541     1.4302     2.0575     0.3328
184.122732   5.345078  19.2552  17.5060  16.6583  16.2687  15.9879    0.07980000   0.00015720  23935.640    47.127374   0.552259   2.892449    1173.598 1   0.291791   0.225226   0.090954   0.050672   0.048683   -18.7222   -20.4048   -21.1182   -21.4676   -21.7464     1.6826     2.3961     0.3493
184.123037   5.395430  18.1255  16.1679  15.2672  14.8544  14.5396    0.08110000   0.00016492  24320.603    49.441772   0.563803   2.952910    1558.561 1   0.318685   0.244640   0.088156   0.058668   0.058182   -19.9140   -21.7976   -22.5418   -22.9251   -23.2394     1.8836     2.6278     0.3833
184.107180   5.121537  18.8591  17.0194  16.0301  15.5129  15.0794    0.07480000   0.00016140  22437.457    48.386503   0.569725   2.983922    -324.585 0   0.618011   0.493893   0.180779   0.114462   0.083778   -19.3035   -21.0190   -21.6952   -22.1461   -22.5489     1.7156     2.3918     0.4509
184.519170   4.672628  19.7898  17.9832  17.0897  16.6713  16.3644    0.07670000   0.00017250  22982.090    51.714199   0.585241   3.065189     220.048 0   0.353715   0.277794   0.106132   0.068551   0.058032   -18.1631   -19.8938   -20.6157   -20.9965   -21.2929     1.7307     2.4525     0.3808
184.920411   4.681267  19.6457  17.8063  16.8582  16.3733  16.0023    0.07530000   0.00014921  22568.046    44.732033   0.612218   3.206483    -193.996 0   0.520876   0.434112   0.166844   0.103262   0.070717   -18.4342   -20.1869   -20.8677   -21.2890   -21.6275     1.7526     2.4335     0.4213
184.052436   5.279230  19.7153  17.9809  17.1521  16.7549  16.4473    0.08050000   0.00014977  24140.938    44.899916   0.613306   3.212178    1378.895 1   0.241703   0.182528   0.073698   0.038492   0.043746   -18.2522   -19.9274   -20.6474   -21.0094   -21.3223     1.6752     2.3952     0.3620
184.266368   4.770357  19.2192  17.7651  17.0199  16.6317  16.3326    0.08300000   0.00016228  24883.523    48.650320   0.615497   3.223657    2121.481 1   0.285969   0.235495   0.117323   0.043285   0.008517   -18.8381   -20.2417   -20.8687   -21.1829   -21.4472     1.4036     2.0307     0.3142
184.327638   5.755054  17.9396  16.4089  15.7530  15.3806  15.1729    0.07780000   0.00014023  23309.643    42.039896   0.616813   3.230548     547.601 0   0.196398   0.123943   0.076999   0.015530  -0.005938   -19.9053   -21.3636   -21.9725   -22.2835   -22.4697     1.4582     2.0672     0.3109
185.202753   5.553039  17.6777  16.4677  15.8198  15.3994  15.1521    0.07340000   0.00010565  22000.180    31.673073   0.619059   3.242310    -761.863 0   0.244140   0.280103   0.140567   0.027950  -0.062146   -20.0910   -21.3370   -21.8453   -22.1531   -22.3103     1.2460     1.7543     0.3078
184.690956   4.613410  20.2023  18.3194  17.4702  17.0644  16.7600    0.07600000   0.00015864  22796.908    47.559076   0.626098   3.279178      34.866 0   0.214756   0.169372   0.061521   0.036498   0.044014   -17.6129   -19.4504   -20.1918   -20.5725   -20.8845     1.8375     2.5789     0.3808
184.270517   4.751641  19.0644  18.0755  17.6898  17.4276  17.3413    0.08320000   0.00008602  24935.987    25.788147   0.627257   3.285249    2173.945 1   0.141563   0.030303   0.071273  -0.025587  -0.043745   -18.8537   -19.7313   -20.1580   -20.3233   -20.3915     0.8776     1.3043     0.1653
185.096196   4.778051  18.5305  17.0666  16.3035  15.8573  15.5136    0.08050000   0.00012221  24119.293    36.637636   0.628651   3.292550    1357.250 1   0.353032   0.312581   0.141652   0.063763   0.025136   -19.5484   -20.9718   -21.5640   -21.9323   -22.2374     1.4234     2.0156     0.3683
184.032109   5.188133  20.4780  18.4225  17.5420  17.1242  16.8422    0.07780000   0.00016321  23327.870    48.929127   0.634278   3.322018     565.828 0   0.291248   0.223505   0.080122   0.051853   0.055025   -17.4618   -19.4495   -20.1867   -20.5762   -20.8614     1.9878     2.7249     0.3895
185.209281   4.858351  20.0075  18.4193  17.4790  16.9563  16.5421    0.07940000   0.00016327  23803.131    48.947115   0.660727   3.460544    1041.089 1   0.578619   0.495570   0.186762   0.108342   0.078030   -18.2458   -19.7509   -20.3824   -20.8267   -21.2106     1.5052     2.1366     0.4443
184.650991   4.577537  17.9745  16.0787  15.1653  14.7539  14.4624    0.07710000   0.00016954  23104.015    50.826813   0.661708   3.465682     341.973 0   0.344926   0.266151   0.096918   0.065498   0.060483   -19.9810   -21.7980   -22.5422   -22.9222   -23.2086     1.8170     2.5612     0.3800
184.000318   5.244920  18.6096  16.6335  15.7474  15.3364  15.0695    0.07960000   0.00021364  23853.197    64.047661   0.663915   3.477245    1091.155 1   0.286965   0.220278   0.079190   0.050792   0.054363   -19.3787   -21.2881   -22.0331   -22.4157   -22.6862     1.9094     2.6544     0.3826
183.996037   5.242398  19.3097  17.4089  16.5424  16.1452  15.7975    0.07790000   0.00015439  23358.479    46.284958   0.668160   3.499477     596.437 0   0.246096   0.190657   0.069183   0.041799   0.048489   -18.5695   -20.4148   -21.1598   -21.5297   -21.8840     1.8454     2.5904     0.3698
184.670320   5.912362  18.9736  17.8618  17.4577  17.1291  16.9938    0.07770000   0.00007403  23289.527    22.193636   0.673317   3.526484     527.485 0   0.172121   0.079284   0.089106  -0.051999  -0.081665   -18.8472   -19.8662   -20.2801   -20.4676   -20.5732     1.0190     1.4329     0.1875
