178.224343   4.350250  19.9310  18.0674  17.2458  16.8550  16.5586    0.07660000   0.00014564  22973.276    43.661774   0.011255   0.058450     420.789 0   0.175535   0.138264   0.053848   0.030227   0.036452   -17.8409   -19.6672   -20.4044   -20.7716   -21.0742     1.8263     2.5635     0.3672
178.222504   4.328811  20.4017  18.6111  17.7654  17.3013  16.9881    0.07500000   0.00015412  22497.895    46.204014   0.019563   0.101599     -54.592 0   0.406124   0.345753   0.144402   0.080721   0.049858   -17.5760   -19.3062   -19.9506   -20.3510   -20.6333     1.7302     2.3746     0.4004
178.249328   4.371862  18.6624  17.4819  17.0409  16.7094  16.5605    0.07350000   0.00007811  22020.296    23.416789   0.031214   0.162104    -532.192 0   0.174676   0.089791   0.088359  -0.036226  -0.093858   -19.0367   -20.1323   -20.5719   -20.7788   -20.8701     1.0956     1.5352     0.2069
178.225563   4.311278  19.4035  17.8216  16.9474  16.5505  16.2624    0.07190000   0.00016303  21559.095    48.875164   0.034384   0.178566    -993.392 0   0.379345   0.328539   0.142903   0.072422   0.039225   -18.4342   -19.9653   -20.6538   -20.9803   -21.2352     1.5311     2.2197     0.3264
178.269174   4.344894  20.3185  18.4892  17.6301  17.2476  16.9632    0.07430000   0.00014661  22269.453    43.952572   0.034975   0.181636    -283.034 0   0.268760   0.205047   0.081187   0.045035   0.047737   -17.5014   -19.2670   -20.0022   -20.3486   -20.6357     1.7656     2.5008     0.3463
178.269203   4.317544  17.4364  16.1897  15.5929  15.1807  14.9836    0.07530000   0.00003591  22585.285    10.765547   0.044234   0.229725      32.797 0   0.225905   0.209901   0.118399   0.016222  -0.068840   -20.3486   -21.5793   -22.0846   -22.3946   -22.5066     1.2307     1.7360     0.3100
178.279148   4.365000  19.8567  18.1557  17.3129  16.8328  16.5444    0.07450000   0.00016042  22349.348    48.092706   0.049337   0.256226    -203.139 0   0.435281   0.407718   0.170481   0.084331   0.044624   -18.1356   -19.8090   -20.4146   -20.8085   -21.0572     1.6734     2.2790     0.3940
178.281802   4.303413  19.1109  18.0768  17.6883  17.3256  17.1536    0.08120000   0.00007747  24356.159    23.224922   0.062913   0.326730    1803.671 1   0.160741   0.103249   0.097865  -0.062371  -0.076539   -18.7705   -19.7471   -20.1302   -20.3327   -20.4905     0.9766     1.3597     0.2025
178.200217   4.286923  19.4948  17.7023  16.7713  16.3733  16.1007    0.07460000   0.00015706  22362.539    47.085403   0.066836   0.347105    -189.949 0   0.363915   0.283572   0.105259   0.070847   0.061026   -18.4290   -20.1412   -20.8939   -21.2575   -21.5203     1.7122     2.4648     0.3636
178.159561   4.367442  19.3716  17.4829  16.6211  16.2112  15.9293    0.07580000   0.00014918  22726.187    44.723039   0.077758   0.403825     173.700 0   0.286183   0.219732   0.082879   0.050191   0.052195   -18.5093   -20.3315   -21.0565   -21.4337   -21.7176     1.8222     2.5472     0.3772
178.214476   4.254565  19.0807  17.8217  17.0877  16.6632  16.3812    0.07640000   0.00010151  22915.956    30.431932   0.092128   0.478455     363.468 0   0.303427   0.314245   0.148935   0.049399  -0.019482   -18.8316   -20.1014   -20.6701   -20.9951   -21.2082     1.2698     1.8385     0.3250
178.257556   4.440116  19.8730  17.8903  16.9329  16.4408  16.0726    0.06970000   0.00015518  20898.592    46.521794   0.098346   0.510747   -1653.895 1   0.557453   0.453568   0.170142   0.108619   0.076386   -18.0750   -19.9538   -20.6278   -21.0584   -21.3944     1.8788     2.5528     0.4306
178.135385   4.325494  20.1652  18.4517  17.5509  17.1393  16.8836    0.07610000   0.00015243  22828.746    45.697364   0.100266   0.520719     276.259 0   0.420093   0.383737   0.162473   0.081725   0.042682   -17.8370   -19.5141   -20.1937   -20.5245   -20.7412     1.6771     2.3567     0.3309
178.133007   4.377942  18.9158  16.9824  16.0961  15.6729  15.3494    0.07540000   0.00017845  22598.266    53.497964   0.106176   0.551410      45.778 0   0.310971   0.238639   0.086142   0.056700   0.057207   -18.9541   -20.8152   -21.5490   -21.9427   -22.2667     1.8611     2.5949     0.3938
178.340873   4.353166  18.7119  16.5899  15.6960  15.2704  14.9411    0.07630000   0.00017392  22883.008    52.139904   0.106811   0.554707     330.521 0   0.326794   0.251065   0.090554   0.060743   0.059061   -19.2239   -21.2702   -22.0036   -22.3994   -22.7270     2.0463     2.7797     0.3958
178.306453   4.424452  19.8383  18.2134  17.4037  16.9566  16.6545    0.07470000   0.00014705  22392.158    44.084481   0.107623   0.558926    -160.329 0   0.369596   0.319688   0.140622   0.069633   0.036389   -18.0729   -19.6479   -20.2785   -20.6547   -20.9235     1.5750     2.2056     0.3761
178.330368   4.402247  19.5287  17.7635  17.0259  16.6103  16.3516    0.08170000   0.00010689  24492.264    32.044816   0.111976   0.581530    1939.777 1   0.214304   0.153181   0.071229   0.029197   0.033233   -18.4197   -20.1238   -20.7794   -21.1530   -21.4157     1.7041     2.3597     0.3736
178.353818   4.326084  19.8678  18.3301  17.5594  17.0813  16.8190    0.07560000   0.00019582  22649.320    58.705359   0.120800   0.627357      96.833 0   0.356757   0.311809   0.140126   0.065173   0.029362   -18.0567   -19.5494   -20.1485   -20.5516   -20.7781     1.4928     2.0918     0.4031
178.122302   4.296859  18.9002  17.0892  16.1772  15.7567  15.4429    0.07710000   0.00016774  23117.086    50.287187   0.121265   0.629774     564.599 0   0.368593   0.287755   0.107055   0.072153   0.061257   -19.0790   -20.8091   -21.5404   -21.9260   -22.2289     1.7302     2.4615     0.3856
178.366828   4.371735  20.3022  18.5369  17.6981  17.2631  16.9453    0.07480000   0.00015156  22434.039    45.436545   0.135101   0.701627    -118.448 0   0.235145   0.183120   0.066367   0.039722   0.046991   -17.4775   -19.1908   -19.9128   -20.3212   -20.6462     1.7133     2.4353     0.4084
178.387041   4.413158  18.4578  16.5423  15.6826  15.2820  14.9653    0.07450000   0.00016338  22330.101    48.980092   0.167207   0.868366    -222.386 0   0.239059   0.185764   0.067380   0.040415   0.047517   -19.3383   -21.2005   -21.9418   -22.3154   -22.6392     1.8622     2.6035     0.3736
178.251444   4.155094  19.1269  17.1519  16.1469  15.6251  15.2683    0.06990000   0.00014818  20967.754    44.423246   0.190285   0.988216   -1584.733 1   0.650769   0.530399   0.192529   0.116216   0.088028   -18.9207   -20.7753   -21.4425   -21.8879   -22.2166     1.8546     2.5218     0.4455
178.238597   4.144380  18.0113  16.9472  16.4650  16.0649  15.9361    0.08790000   0.00005465  26345.461    16.383658   0.200262   1.040028    3792.974 1   0.171347   0.171913   0.111592  -0.023524  -0.103094   -20.0563   -21.1210   -21.5429   -21.8079   -21.8571     1.0647     1.4865     0.2650
178.293920   4.140705  18.9991  17.5868  16.9905  16.5977  16.3858    0.08130000   0.00016576  24375.915    49.693598   0.212432   1.103234    1823.428 1   0.209692   0.146843   0.092762   0.011117  -0.040549   -18.9580   -20.3074   -20.8496   -21.1608   -21.3210     1.3495     1.8917     0.3112
178.231939   4.129763  19.0727  17.6299  16.9047  16.3836  16.0784    0.08790000   0.00009704  26341.924    29.091860   0.214838   1.115732    3789.437 1   0.361954   0.319037   0.142771   0.066638   0.029563   -19.1855   -20.5854   -21.1344   -21.5793   -21.8475     1.3999     1.9488     0.4450
178.406880   4.201027  18.5016  17.5265  17.3748  17.1777  17.1323    0.06990000   0.00009860  20951.326    29.559536   0.224259   1.164656   -1601.162 1   0.103152   0.012620   0.049113  -0.017710  -0.010095   -18.9984   -19.8830   -20.0711   -20.2014   -20.2544     0.8846     1.0728     0.1303
178.405636   4.170634  19.0861  18.0077  17.5781  17.2631  17.0586    0.08080000   0.00007411  24212.288    22.217619   0.243961   1.266973    1659.801 1   0.171644   0.094500   0.092968  -0.046028  -0.088906   -18.8195   -19.8207   -20.2488   -20.4248   -20.5864     1.0013     1.4293     0.1760
178.152295   4.101355  17.8989  16.5493  15.8883  15.5197  15.3193    0.07640000   0.00013965  22903.095    41.866017   0.256549   1.332351     350.607 0   0.220562   0.159841   0.095565   0.016879  -0.026931   -19.9306   -21.2194   -21.8162   -22.1061   -22.2627     1.2889     1.8856     0.2899
178.114817   4.098580  18.8266  17.6725  17.1257  16.7806  16.6062    0.07620000   0.00007672  22853.989    23.000077   0.273255   1.419110     301.501 0   0.187411   0.156912   0.105668  -0.010210  -0.101449   -18.9458   -20.0694   -20.5649   -20.7942   -20.8773     1.1236     1.6192     0.2292
177.943698   4.341002  19.2685  17.9592  17.3974  17.0722  16.8572    0.07560000   0.00017324  22653.727    51.936045   0.289589   1.503939     101.240 0   0.158183   0.077246   0.065793   0.008352  -0.042809   -18.4574   -19.6858   -20.2361   -20.5039   -20.6677     1.2284     1.7787     0.2678
178.038276   4.575579  18.7688  17.9076  17.6090  17.2346  17.2361    0.08720000   0.00004241  26133.478    12.714198   0.302461   1.570786    3580.991 1   0.166493   0.063947   0.091645  -0.085928  -0.046605   -19.2977   -20.0564   -20.3827   -20.5795   -20.6173     0.7587     1.0850     0.1968
178.225965   4.650790  19.1140  17.9896  17.4630  17.0996  16.8562    0.07060000   0.00007225  21179.378    21.660005   0.306306   1.590756   -1373.109 1   0.186304   0.163291   0.107850  -0.010851  -0.102275   -18.4909   -19.5922   -20.0634   -20.3081   -20.4601     1.1014     1.5725     0.2447
177.920197   4.306800  17.9301  16.7617  16.2590  15.8975  15.6752    0.08150000   0.00017376  24440.070    52.091938   0.315274   1.637330    1887.583 1   0.184590   0.129507   0.096809  -0.012907  -0.099737   -19.9860   -21.0993   -21.5693   -21.8211   -21.9566     1.1133     1.5833     0.2518
178.245636   4.680396  17.9974  16.8534  16.3413  16.0334  15.8689    0.07010000   0.00008432  21020.698    25.278500   0.336002   1.744975   -1531.790 1   0.173648   0.084887   0.080546  -0.016051  -0.089733   -19.5973   -20.6525   -21.1603   -21.3716   -21.4624     1.0552     1.5630     0.2113
178.288753   4.000300  18.9595  17.1564  16.3119  15.9299  15.6289    0.06990000   0.00016389  20952.975    49.132986   0.348577   1.810282   -1599.513 1   0.227382   0.172816   0.068162   0.036286   0.043036   -18.6647   -20.4132   -21.1531   -21.5032   -21.8110     1.7485     2.4884     0.3501
178.496106   4.092248  19.3909  18.3056  17.7090  17.3604  17.1937    0.07550000   0.00009241  22644.673    27.703821   0.363222   1.886339      92.186 0   0.186679   0.229326   0.126531  -0.002167  -0.097075   -18.3606   -19.4886   -19.9824   -20.2023   -20.2741     1.1279     1.6218     0.2199
178.596182   4.273970  19.6896  18.2380  17.4903  17.1195  16.8510    0.07360000   0.00014759  22053.932    44.246369   0.367884   1.910549    -498.555 0   0.267512   0.211558   0.108178   0.038203   0.008429   -18.1084   -19.5041   -20.1484   -20.4492   -20.6879     1.3956     2.0400     0.3008
178.271481   4.730011  18.8553  17.5845  16.9378  16.5803  16.3487    0.07690000   0.00017522  23053.710    52.529634   0.387219   2.010962     501.223 0   0.226215   0.197221   0.113646   0.017007  -0.062387   -18.9970   -20.2388   -20.8020   -21.0628   -21.2150     1.2418     1.8049     0.2609
177.887988   4.527200  18.9619  17.6925  17.1124  16.7358  16.4942    0.07780000   0.00020349  23319.027    61.004767   0.390451   2.027749     766.539 1   0.208783   0.168399   0.105279   0.008142  -0.075338   -18.8954   -20.1244   -20.6414   -20.9209   -21.0790     1.2290     1.7460     0.2795
178.650240   4.353562  20.5467  18.3453  17.4554  17.0150  16.6948    0.07490000   0.00017866  22446.421    53.560921   0.415041   2.155452    -106.067 0   0.334666   0.257455   0.093180   0.062764   0.059772   -17.3324   -19.4566   -20.1822   -20.5922   -20.9094     2.1242     2.8498     0.4100
178.614426   4.100417  18.9941  18.0427  17.6633  17.3544  17.2588    0.08680000   0.00007142  26023.754    21.411177   0.451042   2.342420    3471.267 1   0.151312   0.094672   0.097109  -0.082799  -0.057562   -19.0472   -19.9420   -20.3238   -20.4528   -20.5736     0.8948     1.2766     0.1290
178.444128   4.759942  19.3174  18.1077  17.6873  17.4006  17.2839    0.07520000   0.00008543  22530.722    25.611270   0.465162   2.415747     -21.765 0   0.150666   0.045862   0.071122  -0.016896  -0.069355   -18.4107   -19.5156   -19.9612   -20.1599   -20.2241     1.1049     1.5506     0.1987
178.718503   4.269960  17.0360  15.5762  14.8246  14.4078  14.1225    0.07230000   0.00022945  21687.016    68.787379   0.488742   2.538211    -865.471 1   0.314672   0.271542   0.129650   0.051829   0.012858   -20.7491   -22.1658   -22.7755   -23.1145   -23.3608     1.4167     2.0264     0.3390
178.086153   4.823757  20.1813  18.3300  17.4746  17.0657  16.7571    0.08080000   0.00015922  24223.530    47.732955   0.501360   2.603741    1671.043 1   0.250787   0.192823   0.071842   0.042202   0.048221   -17.8034   -19.5968   -20.3312   -20.7104   -21.0251     1.7933     2.5278     0.3793
178.742746   4.271516  17.5444  16.2828  15.7183  15.3611  15.1741    0.07160000   0.00019447  21457.795    58.300639   0.512422   2.661187   -1094.692 1   0.190881   0.123408   0.089441  -0.002591  -0.076177   -20.0957   -21.2898   -21.8204   -22.0855   -22.1989     1.1941     1.7247     0.2652
178.336516   3.836598  18.2920  17.2387  16.8725  16.6076  16.4641    0.07400000   0.00007930  22182.573    23.773542   0.518156   2.690966    -369.914 0   0.164297   0.042548   0.079909  -0.047130  -0.052830   -19.4146   -20.3462   -20.7497   -20.8876   -21.0254     0.9316     1.3351     0.1379
177.820628   4.658569  20.2854  18.4248  17.6258  17.2275  16.9173    0.08850000   0.00016393  26539.577    49.144978   0.518228   2.691342    3987.090 1   0.116858   0.101724   0.038116   0.024890   0.027676   -17.7400   -19.5854   -20.3208   -20.7059   -21.0189     1.8455     2.5809     0.3851
178.765936   4.319078  18.7382  17.5005  16.8836  16.5069  16.2583    0.07860000   0.00016422  23553.045    49.231917   0.530921   2.757261    1000.557 1   0.223745   0.205998   0.117250   0.015247  -0.070251   -19.1593   -20.3793   -20.9074   -21.1821   -21.3452     1.2200     1.7481     0.2747
177.746191   4.124738  19.1999  17.2823  16.4824  16.1111  15.7952    0.08040000   0.00015545  24105.292    46.602738   0.533877   2.772609    1552.805 1   0.078285   0.074088   0.027011   0.019801   0.020050   -18.6015   -20.5149   -21.2677   -21.6318   -21.9480     1.9134     2.6662     0.3641
178.650749   3.980108  19.5021  17.6406  16.7441  16.2792  15.9797    0.08700000   0.00016426  26078.047    49.243909   0.552674   2.870229    3525.559 1   0.448614   0.381600   0.154019   0.090481   0.058231   -18.8389   -20.6334   -21.3023   -21.7037   -21.9709     1.7945     2.4634     0.4014
178.786860   4.297003  19.1104  17.0094  16.0119  15.5284  15.1296    0.08240000   0.00020267  24703.078    60.758937   0.553222   2.873075    2150.591 1   0.606156   0.483567   0.177508   0.113732   0.082432   -19.2512   -21.2296   -21.9211   -22.3408   -22.7083     1.9784     2.6699     0.4197
178.527053   3.871086  19.6616  18.3273  17.6768  17.2760  17.0607    0.07650000   0.00009859  22947.164    29.556538   0.556359   2.889367     394.677 0   0.238072   0.198258   0.111805   0.023260  -0.041243   -18.1700   -19.4645   -20.0285   -20.3408   -20.4916     1.2945     1.8585     0.3123
178.554960   3.881964  17.9989  16.4834  15.6492  15.2636  14.9637    0.07490000   0.00015856  22467.316    47.535092   0.562480   2.921157     -85.171 0   0.334778   0.279460   0.126158   0.060809   0.033022   -19.8803   -21.3405   -22.0214   -22.3416   -22.6137     1.4602     2.1411     0.3203
178.492924   4.859434  19.7079  17.8378  16.9585  16.5515  16.2306    0.07690000   0.00014692  23046.875    44.045508   0.575907   2.990888     494.388 0   0.276579   0.212412   0.077841   0.048199   0.052255   -18.1948   -20.0007   -20.7455   -21.1228   -21.4478     1.8059     2.5507     0.3774
178.790728   4.170964  17.9881  16.1675  15.3406  14.9183  14.6081    0.07350000   0.00015615  22028.180    46.812592   0.581552   3.020203    -524.307 0   0.202963   0.159177   0.059804   0.034111   0.041350   -19.7393   -21.5161   -22.2436   -22.6403   -22.9577     1.7768     2.5043     0.3966
178.307088   4.925165  19.8524  18.0113  17.1367  16.6116  16.2665    0.07590000   0.00019576  22746.063    58.687372   0.585118   3.038721     193.576 0   0.501564   0.437972   0.172876   0.098110   0.064810   -18.2437   -20.0212   -20.6307   -21.0811   -21.3929     1.7775     2.3870     0.4503
177.876360   4.811430  18.0394  16.1376  15.2586  14.8333  14.5247    0.07470000   0.00018427  22408.557    55.242756   0.587522   3.051209    -143.930 0   0.275848   0.212075   0.076712   0.048187   0.052656   -19.7781   -21.6161   -22.3597   -22.7565   -23.0696     1.8380     2.5817     0.3968
178.545556   3.843968  18.7138  17.3619  16.6862  16.2693  16.0760    0.07430000   0.00008273  22274.250    24.801830   0.589128   3.059546    -278.237 0   0.265242   0.238804   0.124468   0.033249  -0.029626   -19.1026   -20.4280   -20.9894   -21.3151   -21.4455     1.3255     1.8868     0.3257
178.496288   4.888134  20.0335  18.1388  17.3200  16.9871  16.6858    0.07680000   0.00016298  23015.757    48.860175   0.603147   3.132356     463.269 0   0.099794   0.084429   0.033190   0.021533   0.023299   -17.6654   -19.5447   -20.3123   -20.6335   -20.9366     1.8793     2.6469     0.3212
177.912781   4.870319  19.1570  17.4615  16.6522  16.2062  15.8704    0.07550000   0.00014560  22619.881    43.649782   0.615665   3.197363      67.393 0   0.198534   0.158224   0.057892   0.034264   0.041452   -18.6064   -20.2616   -20.9705   -21.3929   -21.7359     1.6552     2.3642     0.4224
178.780519   4.039779  19.6130  18.0964  17.2820  17.0164  16.6008    0.08610000   0.00014873  25808.863    44.588132   0.624316   3.242291    3256.376 1   0.305744   0.247479   0.114624   0.052419   0.029988   -18.5439   -20.0023   -20.6838   -20.8872   -21.2804     1.4583     2.1399     0.2034
177.747066   4.751483  18.5313  17.3513  16.9364  16.6362  16.5754    0.07690000   0.00010261  23065.042    30.761704   0.633564   3.290318     512.555 0   0.167658   0.055423   0.080047  -0.039792  -0.071748   -19.2625   -20.3302   -20.7698   -20.9501   -20.9790     1.0678     1.5073     0.1804
177.628874   4.150216  18.1099  16.5037  15.7300  15.3213  15.0583    0.07540000   0.00015451  22603.632    46.320933   0.634017   3.292675      51.145 0   0.258362   0.194281   0.088509   0.038514   0.035801   -19.7074   -21.2495   -21.9174   -22.2761   -22.5364     1.5421     2.2100     0.3587
178.860271   4.232633  19.8737  18.3625  17.6433  17.1781  16.8974    0.07500000   0.00012244  22483.175    36.706589   0.634330   3.294299     -69.312 0   0.311809   0.268992   0.129060   0.050858   0.011323   -18.0097   -19.4781   -20.0573   -20.4443   -20.6855     1.4684     2.0477     0.3870
178.288815   3.702514  19.2665  18.0187  17.5071  17.2089  17.0981    0.07590000   0.00017410  22739.258    52.193867   0.644391   3.346548     186.771 0   0.121303   0.045806   0.051453   0.008744  -0.052409   -18.4494   -19.6217   -20.1389   -20.3944   -20.4441     1.1723     1.6895     0.2555
178.552738   3.782601  19.7624  17.8465  16.9597  16.5706  16.2975    0.07500000   0.00015540  22495.647    46.587748   0.645585   3.352751     -56.841 0   0.280927   0.215495   0.080948   0.048909   0.051762   -18.0901   -19.9406   -20.6928   -21.0499   -21.3258     1.8505     2.6027     0.3571
178.320502   5.001501  18.7667  17.6854  17.3078  16.9796  16.8628    0.07620000   0.00006767  22851.230    20.286956   0.662536   3.440781     298.743 0   0.171357   0.065736   0.087656  -0.062205  -0.067198   -18.9896   -19.9653   -20.3648   -20.5432   -20.6550     0.9757     1.3752     0.1783
177.611910   4.102404  18.9150  17.2567  16.4198  16.0155  15.7186    0.07530000   0.00015718  22586.544    47.121379   0.665998   3.458760      34.056 0   0.326575   0.261070   0.110233   0.060945   0.046165   -18.9706   -20.5634   -21.2495   -21.6045   -21.8866     1.5928     2.2789     0.3550
178.117905   5.012420  19.3888  17.6211  16.7857  16.3344  16.0592    0.07730000   0.00018190  23188.827    54.532248   0.677805   3.520077     636.339 1   0.245714   0.190453   0.069013   0.041749   0.048481   -18.4914   -20.2038   -20.9178   -21.3418   -21.6237     1.7124     2.4264     0.4240
178.187669   5.027851  17.8093  16.4283  15.7872  15.4023  15.1642    0.07690000   0.00017810  23048.614    53.393037   0.684827   3.556544     496.127 0   0.218999   0.157516   0.094740   0.016058  -0.027339   -20.0358   -21.3553   -21.9337   -22.2399   -22.4346     1.3195     1.8978     0.3062
