202.059315   1.469500  18.9091  17.9221  17.5277  17.1523  17.0413    0.08060000   0.00008466  24176.613    25.380429   0.023351   0.129010      44.219 0   0.150999   0.117069   0.100598  -0.067275  -0.074620   -18.9492   -19.9023   -20.2802   -20.4878   -20.5914     0.9531     1.3310     0.2075
201.996389   1.448821  18.2695  16.3340  15.4335  15.0252  14.7061    0.07970000   0.00020097  23905.451    60.249290   0.051083   0.282221    -226.943 0   0.311945   0.239305   0.086128   0.056946   0.057456   -19.7436   -21.6065   -22.3538   -22.7329   -23.0525     1.8629     2.6102     0.3791
202.042399   1.539594  19.0875  17.9957  17.6382  17.2782  17.2171    0.08110000   0.00007605  24310.680    22.799216   0.061071   0.337399     178.287 0   0.169401   0.074439   0.091100  -0.067265  -0.067244   -18.8027   -19.7995   -20.1737   -20.3753   -20.4365     0.9968     1.3710     0.2016
202.108535   1.450788  18.8960  16.9943  16.1419  15.7514  15.4509    0.07840000   0.00017446  23491.107    52.301792   0.075979   0.419764    -641.286 0   0.221701   0.172864   0.063922   0.037154   0.044471   -18.9939   -20.8468   -21.5902   -21.9540   -22.2618     1.8529     2.5963     0.3637
202.121648   1.413031  18.3872  17.0170  16.4261  16.0985  15.9935    0.08320000   0.00017954  24944.052    53.824738   0.106444   0.588071     811.658 0   0.126805   0.060023   0.049532   0.013456  -0.018844   -19.5161   -20.8196   -21.4000   -21.6915   -21.7642     1.3034     1.8838     0.2915
201.927815   1.414938  19.7611  18.3097  17.5949  17.2116  16.9602    0.07930000   0.00016122  23774.022    48.332540   0.127132   0.702370    -358.372 0   0.255566   0.197327   0.103322   0.033543   0.005803   -18.1847   -19.5778   -20.1986   -20.5121   -20.7358     1.3932     2.0140     0.3135
201.895445   1.490733  20.4405  18.3969  17.5565  17.1934  16.9386    0.07770000   0.00015844  23290.456    47.499117   0.142858   0.789250    -841.937 1   0.189547   0.146214   0.057952   0.031196   0.037942   -17.3977   -19.3980   -20.1501   -20.4865   -20.7480     2.0003     2.7524     0.3363
201.886796   1.461602  20.0337  18.1806  17.3499  16.9693  16.6789    0.07910000   0.00016775  23726.085    50.290185   0.151960   0.839533    -406.309 0   0.187586   0.146372   0.056908   0.031468   0.038222   -17.8415   -19.6534   -20.3946   -20.7498   -21.0469     1.8119     2.5531     0.3552
202.079595   1.322693  18.3773  17.3386  17.0041  16.7059  16.7761    0.07710000   0.00008141  23100.118    24.406104   0.161487   0.892170   -1032.275 1   0.170734   0.046168   0.087139  -0.079940  -0.037837   -19.4040   -20.3181   -20.6936   -20.8247   -20.7966     0.9141     1.2896     0.1311
201.895618   1.370984  18.4558  16.5416  15.6990  15.3100  15.0164    0.07880000   0.00017315  23633.989    51.909064   0.178368   0.985433    -498.405 0   0.183543   0.147017   0.054777   0.032082   0.038767   -19.4041   -21.2818   -22.0322   -22.3985   -22.6988     1.8777     2.6280     0.3663
202.095748   1.293712  18.0496  16.8064  16.2353  15.8928  15.6625    0.07780000   0.00010485  23315.669    31.433239   0.193827   1.070839    -816.725 0   0.193781   0.134578   0.094483  -0.001811  -0.082482   -19.7927   -20.9767   -21.5077   -21.7539   -21.9035     1.1840     1.7150     0.2462
201.849980   1.566547  19.2346  17.4462  16.5789  16.1778  15.8293    0.07820000   0.00017394  23452.015    52.145900   0.207333   1.145455    -680.379 0   0.270680   0.208286   0.075325   0.047001   0.051973   -18.6775   -20.4035   -21.1379   -21.5106   -21.8641     1.7260     2.4603     0.3728
202.095033   1.266080  19.1836  18.1012  17.5635  17.2559  17.0960    0.08040000   0.00008013  24106.701    24.022370   0.220166   1.216355     -25.692 0   0.176169   0.147990   0.105057  -0.023331  -0.103785   -18.7157   -19.7699   -20.2647   -20.4439   -20.5233     1.0542     1.5490     0.1792
201.841124   1.361428  19.5168  18.2872  17.5482  17.1956  16.9944    0.08190000   0.00014948  24538.882    44.812977   0.228961   1.264944     406.489 0   0.250396   0.257924   0.132931   0.030355  -0.054422   -18.4970   -19.7341   -20.3481   -20.5982   -20.7146     1.2371     1.8511     0.2500
201.974822   1.247810  18.8784  17.0225  16.1523  15.7285  15.4408    0.07750000   0.00016371  23228.939    49.079023   0.239324   1.322197    -903.455 1   0.287132   0.220401   0.080059   0.050762   0.053974   -19.0518   -20.8410   -21.5708   -21.9653   -22.2562     1.7892     2.5190     0.3945
201.917708   1.253201  19.9243  18.1049  17.2710  16.8687  16.6095    0.07950000   0.00014990  23836.019    44.938889   0.255478   1.411445    -296.375 0   0.247093   0.187582   0.074168   0.040092   0.045348   -18.0214   -19.7813   -20.5017   -20.8700   -21.1344     1.7599     2.4804     0.3682
202.214309   1.676157  19.8677  17.9126  17.0654  16.6704  16.3767    0.07920000   0.00015857  23737.357    47.538090   0.264786   1.462867    -395.037 0   0.220995   0.172730   0.063532   0.037175   0.044534   -18.0436   -19.9505   -20.6885   -21.0571   -21.3582     1.9068     2.6448     0.3686
201.877365   1.265059  19.9096  18.0108  17.1325  16.7257  16.4661    0.08210000   0.00016190  24610.652    48.536399   0.267161   1.475989     478.259 0   0.295480   0.226862   0.082493   0.052840   0.054975   -18.1334   -19.9636   -20.6975   -21.0747   -21.3364     1.8302     2.5641     0.3771
201.829055   1.308232  19.3149  17.4110  16.5494  16.1426  15.8314    0.07850000   0.00015080  23541.053    45.208703   0.269481   1.488805    -591.341 0   0.225926   0.176789   0.064256   0.038226   0.045596   -18.5608   -20.4156   -21.1646   -21.5454   -21.8640     1.8548     2.6038     0.3808
202.202782   1.256500  19.4648  17.6857  16.8403  16.4375  16.1469    0.07870000   0.00017381  23591.088    52.106927   0.276689   1.528626    -541.305 0   0.273259   0.208813   0.083455   0.045995   0.047663   -18.4850   -20.1997   -20.9197   -21.2850   -21.5773     1.7147     2.4347     0.3653
201.779506   1.358172  19.5416  17.8615  17.0620  16.6886  16.4026    0.07760000   0.00017014  23265.634    51.006689   0.284989   1.574480    -866.760 1   0.188220   0.137839   0.060358   0.028363   0.034435   -18.2713   -19.9010   -20.6230   -20.9644   -21.2565     1.6297     2.3517     0.3414
201.845866   1.266547  18.4216  16.4294  15.4751  15.0312  14.7119    0.08210000   0.00015322  24601.179    45.934200   0.286070   1.580457     468.785 0   0.448624   0.357470   0.134683   0.092343   0.066719   -19.7745   -21.6756   -22.4071   -22.8087   -23.1023     1.9010     2.6326     0.4016
202.078982   1.177086  19.5059  17.7528  16.8571  16.3865  16.0116    0.08070000   0.00013788  24199.427    41.335384   0.304398   1.681710      67.034 0   0.469982   0.401494   0.160293   0.094382   0.061294   -18.6713   -20.3559   -21.0104   -21.4151   -21.7569     1.6846     2.3391     0.4047
201.790047   1.295952  19.6594  17.7239  16.8366  16.4155  16.1282    0.07760000   0.00017071  23252.683    51.177571   0.307824   1.700639    -879.711 1   0.300933   0.230866   0.082798   0.054248   0.056233   -18.2662   -20.1316   -20.8708   -21.2634   -21.5527     1.8654     2.6047     0.3925
201.756527   1.339167  20.0777  18.2685  17.4102  17.0046  16.6878    0.07690000   0.00016469  23060.036    49.372820   0.313932   1.734382   -1072.358 1   0.271698   0.208032   0.079304   0.046464   0.049969   -17.8201   -19.5656   -20.2952   -20.6680   -20.9883     1.7455     2.4751     0.3728
201.762783   1.318551  20.5147  18.5303  17.6432  17.2465  16.9938    0.08120000   0.00015154  24344.856    45.430549   0.318202   1.757975     212.463 0   0.284995   0.218763   0.081764   0.049992   0.052481   -17.4910   -19.4091   -20.1592   -20.5242   -20.7794     1.9182     2.6683     0.3649
201.809422   1.237125  19.5445  17.9476  17.1594  16.6648  16.3697    0.08100000   0.00009433  24283.789    28.279423   0.332410   1.836468     151.395 0   0.376463   0.326366   0.142523   0.071532   0.038107   -18.5713   -20.1181   -20.7224   -21.1460   -21.4077     1.5468     2.1512     0.4236
202.377132   1.391462  19.0974  17.6175  16.9626  16.6424  16.4173    0.07840000   0.00014832  23507.776    44.465217   0.350215   1.934837    -624.618 0   0.048361   0.025101   0.012167   0.007026   0.005041   -18.6192   -20.0758   -20.7178   -21.0328   -21.2560     1.4566     2.0986     0.3151
201.708925   1.355583  18.6293  17.0923  16.2802  15.8506  15.5252    0.08010000   0.00017361  24007.440    52.046969   0.351099   1.939722    -124.953 0   0.357512   0.305512   0.135612   0.066676   0.035078   -19.4432   -20.9282   -21.5704   -21.9310   -22.2248     1.4850     2.1272     0.3607
201.796015   1.223888  20.1033  18.3548  17.5236  17.1243  16.8964    0.08280000   0.00013648  24811.094    40.915675   0.351237   1.940482     678.700 0   0.253870   0.191365   0.080003   0.040250   0.043034   -17.9378   -19.6238   -20.3436   -20.7032   -20.9338     1.6860     2.4058     0.3595
202.129815   1.134233  18.5448  16.6572  15.7347  15.3135  14.9720    0.07960000   0.00017192  23872.833    51.540319   0.356520   1.969670    -259.560 0   0.407130   0.322002   0.121160   0.082542   0.063470   -19.5637   -21.3661   -22.0878   -22.4704   -22.7928     1.8025     2.5241     0.3826
201.664286   1.500390  17.9100  16.6068  16.0513  15.7209  15.5284    0.07890000   0.00017799  23667.535    53.360060   0.374061   2.066582    -464.858 0   0.162299   0.078897   0.068634   0.005038  -0.053503   -19.9132   -21.1330   -21.6782   -21.9450   -22.0790     1.2198     1.7650     0.2668
201.751906   1.204049  19.2173  17.6286  16.8687  16.4159  16.0508    0.08460000   0.00016829  25357.166    50.452073   0.396402   2.190008    1224.772 1   0.349166   0.299289   0.134762   0.063800   0.031079   -18.9632   -20.5020   -21.0974   -21.4793   -21.8116     1.5388     2.1342     0.3818
201.737446   1.198485  19.0220  16.9332  15.9909  15.5368  15.2094    0.08320000   0.00018047  24928.402    54.103545   0.410724   2.269134     796.009 0   0.470713   0.374371   0.140230   0.096832   0.069038   -19.2252   -21.2177   -21.9259   -22.3366   -22.6362     1.9925     2.7006     0.4107
201.704257   1.223244  19.2110  17.7547  17.0219  16.5532  16.2642    0.08150000   0.00015088  24438.122    45.232686   0.420071   2.320770     305.728 0   0.321989   0.283701   0.134268   0.053619   0.011840   -18.8425   -20.2605   -20.8439   -21.2320   -21.4792     1.4180     2.0014     0.3881
201.697548   1.191341  19.4949  17.6274  16.7947  16.3955  16.1043    0.07850000   0.00015982  23547.378    47.912831   0.445302   2.460168    -585.015 0   0.204520   0.159002   0.060737   0.033845   0.041084   -18.3594   -20.1814   -20.9158   -21.2881   -21.5866     1.8220     2.5564     0.3723
201.638348   1.277288  20.0631  18.4921  17.7500  17.4152  17.1512    0.08270000   0.00015684  24781.024    47.019449   0.447273   2.471053     648.631 0   0.091579   0.061883   0.029361   0.016126   0.017083   -17.7891   -19.3304   -20.0400   -20.3615   -20.6265     1.5413     2.2509     0.3216
202.355250   1.147980  19.8158  18.0502  17.1789  16.7808  16.4181    0.08110000   0.00015087  24316.016    45.229688   0.458315   2.532057     183.623 0   0.323445   0.252822   0.099159   0.060037   0.053532   -18.2285   -19.9234   -20.6411   -21.0000   -21.3562     1.6950     2.4126     0.3590
201.642669   1.233676  19.9406  18.1633  17.3010  16.8522  16.5343    0.08350000   0.00015264  25034.379    45.760321   0.464856   2.568194     901.986 1   0.411895   0.349224   0.144577   0.082415   0.051877   -18.2557   -19.9703   -20.6280   -21.0146   -21.3020     1.7146     2.3723     0.3866
201.623890   1.694902  20.3659  18.5910  17.7213  17.3085  16.9635    0.07980000   0.00015417  23927.066    46.219003   0.466892   2.579447    -205.328 0   0.251642   0.194766   0.070282   0.042992   0.049446   -17.5713   -19.2894   -20.0346   -20.4201   -20.7715     1.7180     2.4632     0.3855
201.738921   1.115569  19.8666  18.2021  17.3990  16.8994  16.5508    0.08390000   0.00017610  25166.827    52.793452   0.470269   2.598103    1034.434 1   0.395313   0.339559   0.144335   0.077349   0.045483   -18.3235   -19.9322   -20.5401   -20.9727   -21.2895     1.6087     2.2166     0.4326
202.482812   1.312833  18.9493  17.0361  16.1483  15.7098  15.3920    0.08020000   0.00017165  24051.120    51.459375   0.474738   2.622791     -81.274 0   0.326377   0.250802   0.090575   0.060643   0.058951   -19.0919   -20.9295   -21.6571   -22.0657   -22.3818     1.8376     2.5652     0.4086
202.447578   1.732110  19.6270  18.1397  17.3607  16.9155  16.5177    0.07750000   0.00019056  23245.937    57.128451   0.481655   2.661008    -886.456 1   0.148276   0.124545   0.046007   0.028702   0.033465   -18.1643   -19.6279   -20.3284   -20.7563   -21.1588     1.4636     2.1640     0.4279
202.521326   1.392479  20.1475  18.3548  17.4721  17.0958  16.8309    0.08010000   0.00015296  23998.776    45.856254   0.490952   2.712368    -133.617 0   0.283422   0.217546   0.086036   0.048762   0.049328   -17.8509   -19.5777   -20.3289   -20.6679   -20.9334     1.7268     2.4780     0.3390
201.681103   1.137718  18.5480  16.5235  15.5707  15.1516  14.8189    0.08340000   0.00017982  25005.179    53.908680   0.493399   2.725886     872.786 1   0.411006   0.320472   0.117416   0.082698   0.065862   -19.6448   -21.5787   -22.3285   -22.7129   -23.0287     1.9340     2.6837     0.3844
201.953562   0.988944  18.7902  17.5330  16.9230  16.5423  16.3079    0.08330000   0.00016117  24981.346    48.317550   0.496944   2.745471     848.952 1   0.223319   0.192595   0.112293   0.015593  -0.064406   -19.2334   -20.4599   -20.9896   -21.2736   -21.4280     1.2265     1.7562     0.2840
201.940637   0.990644  19.5591  17.7997  16.9202  16.5382  16.2303    0.08350000   0.00015271  25031.891    45.781306   0.497629   2.749256     899.497 1   0.303687   0.234982   0.091694   0.054402   0.052161   -18.5290   -20.2197   -20.9559   -21.3006   -21.6062     1.6907     2.4269     0.3447
202.173209   1.966958  18.1457  16.9032  16.3171  15.9820  15.7363    0.08250000   0.00009390  24740.942    28.150512   0.506670   2.799206     608.549 0   0.198591   0.150643   0.100382   0.002184  -0.084408   -19.8322   -21.0267   -21.5626   -21.7995   -21.9586     1.1946     1.7304     0.2369
201.573008   1.270200  19.9016  18.0131  17.1468  16.7311  16.4332    0.07850000   0.00016842  23528.791    50.491046   0.509309   2.813786    -603.602 0   0.267293   0.205932   0.074055   0.046281   0.051719   -18.0155   -19.8426   -20.5770   -20.9650   -21.2683     1.8271     2.5616     0.3879
202.354303   1.076504  19.0495  17.7707  17.2507  16.8898  16.6396    0.07760000   0.00008382  23265.903    25.128604   0.511700   2.826994    -866.490 1   0.187016   0.122863   0.092243  -0.009296  -0.091482   -18.7622   -19.9768   -20.4662   -20.7256   -20.8936     1.2146     1.7040     0.2594
201.656685   1.128518  19.4269  17.9568  17.2003  16.8123  16.5078    0.08440000   0.00017040  25298.017    51.084635   0.517500   2.859039    1165.623 1   0.297926   0.245349   0.118657   0.047967   0.017326   -18.6788   -20.0963   -20.7261   -21.0434   -21.3173     1.4175     2.0473     0.3173
201.956575   0.966016  19.5148  17.9583  17.1192  16.6883  16.3535    0.08280000   0.00013568  24832.199    40.675841   0.519074   2.867737     699.806 0   0.376693   0.325414   0.141783   0.071802   0.038975   -18.6491   -20.1543   -20.8098   -21.1707   -21.4727     1.5052     2.1607     0.3609
201.942256   0.967829  18.8105  16.9621  16.0142  15.5989  15.2640    0.08260000   0.00018415  24764.746    55.206781   0.519723   2.871322     632.352 0   0.422607   0.335523   0.126485   0.086417   0.064553   -19.3729   -21.1342   -21.8730   -22.2483   -22.5613     1.7613     2.5002     0.3752
202.542504   1.633498  19.3889  17.9714  17.3338  16.9608  16.6895    0.08470000   0.00017045  25380.190    51.099624   0.527711   2.915451    1247.796 1   0.224033   0.165751   0.098017   0.018669  -0.028042   -18.6506   -20.0098   -20.5797   -20.8733   -21.0979     1.3592     1.9291     0.2937
201.900074   0.960998  19.4909  17.8759  17.0724  16.6905  16.4184    0.08310000   0.00014166  24904.089    42.468600   0.535701   2.959596     771.696 0   0.268554   0.204482   0.091584   0.041801   0.037776   -18.5488   -20.0997   -20.7903   -21.1225   -21.3905     1.5509     2.2415     0.3321
202.606038   1.494688  18.4463  16.7688  15.8743  15.3940  15.0396    0.08290000   0.00012376  24854.953    37.102315   0.568232   3.139316     722.560 0   0.491521   0.426119   0.168899   0.097087   0.063601   -19.8139   -21.4260   -22.0633   -22.4717   -22.7927     1.6121     2.2494     0.4085
201.521599   1.236014  19.4651  17.9307  17.1708  16.7794  16.4724    0.08210000   0.00016115  24627.651    48.311555   0.570282   3.150646     495.257 0   0.276048   0.216793   0.105937   0.042241   0.021384   -18.5585   -20.0336   -20.6827   -21.0104   -21.2965     1.4751     2.1242     0.3277
202.304213   1.991533  19.2976  17.3232  16.4262  16.0157  15.6935    0.08290000   0.00015646  24842.992    46.905528   0.577850   3.192456     710.598 0   0.301702   0.231480   0.083180   0.054432   0.056249   -18.7728   -20.6769   -21.4256   -21.8074   -22.1314     1.9042     2.6529     0.3818
201.563603   1.144804  20.3148  18.5160  17.6961  17.3262  17.0411    0.07880000   0.00015369  23634.648    46.075103   0.579858   3.203547    -497.745 0   0.174305   0.132320   0.055021   0.028509   0.034504   -17.5359   -19.2927   -20.0353   -20.3787   -20.6698     1.7568     2.4994     0.3434
202.399964   1.931767  18.9224  17.7653  17.2194  16.9381  16.8133    0.07930000   0.00008873  23761.280    26.600585   0.579932   3.203961    -371.113 0   0.001133   0.000396   0.000228   0.000163  -0.000331   -18.7689   -19.9253   -20.4710   -20.7523   -20.8766     1.1564     1.7021     0.2812
202.615776   1.352213  20.4570  18.5712  17.8013  17.4367  17.0348    0.08120000   0.00018154  24357.688    54.424323   0.591424   3.267447     225.294 0   0.047284   0.047040   0.016724   0.013534   0.012278   -17.3110   -19.1965   -19.9361   -20.2975   -20.6981     1.8856     2.6251     0.3614
201.510615   1.187746  18.5630  16.7784  15.8916  15.4888  15.1589    0.07950000   0.00016622  23844.323    49.831502   0.602024   3.326010    -288.071 0   0.362923   0.289353   0.113914   0.071489   0.056064   -19.4985   -21.2095   -21.9209   -22.2813   -22.5957     1.7110     2.4224     0.3604
202.498721   1.084959  20.0777  18.1085  17.2042  16.7874  16.4494    0.08170000   0.00018077  24504.826    54.193483   0.606048   3.348244     372.432 0   0.346010   0.266157   0.095871   0.065635   0.061204   -18.0024   -19.8917   -20.6257   -21.0123   -21.3459     1.8893     2.6234     0.3866
202.619722   1.269043  18.2547  16.5507  15.7828  15.3327  15.0647    0.08090000   0.00017918  24263.912    53.716813   0.618314   3.416005     131.519 0   0.216939   0.161491   0.067688   0.032963   0.039288   -19.6989   -21.3474   -22.0215   -22.4369   -22.7112     1.6486     2.3226     0.4154
202.644491   1.312812  19.3896  17.4043  16.3665  15.7687  15.2818    0.08040000   0.00021317  24098.967    63.906758   0.628725   3.473523     -33.427 0   0.568746   1.217420   0.637576   0.316963   0.106263   -18.9023   -21.5362   -21.9942   -22.2714   -22.5476     2.6340     3.0919     0.2772
201.819462   0.878699  18.3592  16.5912  15.7179  15.3154  14.9785    0.07910000   0.00016307  23708.337    48.887156   0.638476   3.527395    -424.056 0   0.344897   0.274050   0.109475   0.066489   0.053427   -19.6733   -21.3704   -22.0792   -22.4387   -22.7625     1.6972     2.4059     0.3595
