157.149556  40.685697  20.1242  18.3705  17.6000  17.2162  16.9704    0.07740000   0.00014808  23209.602    44.393267   0.012443   0.065151     228.712 0   0.219252   0.157412   0.073149   0.030056   0.033442   -17.7141   -19.4059   -20.0922   -20.4329   -20.6821     1.6919     2.3781     0.3407
157.140804  40.713878  18.9145  16.9840  16.1061  15.6828  15.3539    0.07660000   0.00020452  22970.878    61.313554   0.036898   0.193199     -10.013 0   0.304413   0.233633   0.084367   0.055085   0.056380   -18.9863   -20.8460   -21.5746   -21.9687   -22.2989     1.8597     2.5884     0.3940
157.208200  40.724542  18.5214  16.5847  15.6777  15.2243  14.8548    0.07640000   0.00015830  22913.198    47.457146   0.071480   0.374269     -67.693 0   0.436368   0.351908   0.135241   0.089882   0.063887   -19.5239   -21.3761   -22.0664   -22.4745   -22.8180     1.8522     2.5426     0.4080
157.189084  40.786836  18.7960  17.5235  16.9644  16.6116  16.3892    0.07640000   0.00018806  22896.649    56.378970   0.116481   0.609893     -84.242 0   0.197353   0.144164   0.097772   0.001260  -0.082031   -19.0103   -20.2296   -20.7423   -20.9986   -21.1377     1.2193     1.7320     0.2563
156.958417  40.667483  19.9939  18.1983  17.2961  16.8471  16.5355    0.07610000   0.00016794  22828.656    50.347145   0.136346   0.713907    -152.235 0   0.441857   0.377659   0.153622   0.088851   0.056383   -18.0301   -19.7615   -20.4396   -20.8239   -21.1030     1.7314     2.4096     0.3842
156.996379  40.771568  20.1424  18.2155  17.2958  16.9162  16.5780    0.08460000   0.00015151  25364.540    45.421555   0.142932   0.748389    2383.650 1   0.347299   0.268256   0.097901   0.066148   0.060587   -18.0363   -19.8841   -20.6335   -20.9813   -21.3139     1.8479     2.5972     0.3478
156.946904  40.793490  17.2577  16.1946  15.6611  15.3169  15.1222    0.07620000   0.00010824  22840.858    32.449536   0.185763   0.972650    -140.033 0   0.172426   0.179829   0.113540  -0.020066  -0.103045   -20.4997   -21.5702   -22.0374   -22.2480   -22.3597     1.0705     1.5377     0.2106
156.879611  40.684058  18.4462  17.1111  16.2012  15.7634  15.4655    0.07590000   0.00019757  22767.079    59.229996   0.195901   1.025735    -213.812 0   0.452863   0.532339   0.215558   0.096554   0.044412   -19.6012   -21.0158   -21.6089   -21.9277   -22.1735     1.4146     2.0077     0.3188
156.911684  40.777679  18.0385  16.7943  16.1670  15.8134  15.6214    0.07550000   0.00009724  22639.967    29.151819   0.198800   1.040914    -340.924 1   0.218723   0.188182   0.111329   0.013145  -0.069590   -19.7451   -20.9587   -21.5092   -21.7646   -21.8739     1.2137     1.7641     0.2554
157.274698  40.853655  20.2363  18.3379  17.4632  17.0574  16.7550    0.07690000   0.00015735  23049.273    47.172343   0.204877   1.072734      68.383 0   0.274212   0.210988   0.075825   0.047880   0.052675   -17.6640   -19.4992   -20.2387   -20.6166   -20.9238     1.8352     2.5747     0.3779
157.087280  40.886031  19.9846  18.3966  17.5270  17.1256  16.8083    0.07720000   0.00015748  23148.894    47.211316   0.212456   1.112417     168.004 0   0.377980   0.315858   0.133389   0.074470   0.047274   -18.0280   -19.5539   -20.2410   -20.5835   -20.8736     1.5259     2.2130     0.3425
157.392022  40.788335  18.2242  17.1586  16.7384  16.4505  16.2880    0.08750000   0.00004580  26217.510    13.730495   0.222641   1.165744    3236.619 1   0.160251   0.050062   0.075550  -0.027581  -0.071224   -19.8198   -20.7752   -21.2209   -21.4056   -21.5245     0.9554     1.4011     0.1848
157.013037  40.462288  18.5140  17.0806  16.3776  15.9724  15.6786    0.06650000   0.00010109  19925.196    30.306020   0.234671   1.228732   -3055.695 1   0.276057   0.227189   0.115982   0.039422   0.000616   -19.0502   -20.4347   -21.0265   -21.3551   -21.6101     1.3845     1.9763     0.3286
157.403236  40.807370  18.2605  16.6338  15.8400  15.4321  15.1440    0.08750000   0.00015409  26234.388    46.195020   0.239833   1.255764    3253.498 1   0.269354   0.205365   0.092454   0.041879   0.037162   -19.8926   -21.4553   -22.1362   -22.4935   -22.7769     1.5627     2.2436     0.3573
157.321134  40.477621  19.1159  17.3200  16.4221  15.9920  15.6894    0.06620000   0.00015238  19845.421    45.682375   0.243134   1.273048   -3135.469 1   0.383935   0.306613   0.118941   0.077087   0.058958   -18.5641   -20.2827   -20.9929   -21.3812   -21.6656     1.7186     2.4288     0.3882
156.851689  40.799073  18.5304  17.4247  17.0353  16.7822  16.7064    0.07620000   0.00008300  22841.277    24.882774   0.248912   1.303299    -139.613 0   0.126943   0.026784   0.062765  -0.015377  -0.041880   -19.1815   -20.1870   -20.6124   -20.7874   -20.8367     1.0055     1.4309     0.1750
157.212681  40.928763  19.3969  17.9445  17.2334  16.8001  16.5469    0.08330000   0.00010420  24978.558    31.238374   0.258045   1.351118    1997.667 1   0.289762   0.240796   0.119410   0.044305   0.008122   -18.6932   -20.0966   -20.6863   -21.0445   -21.2616     1.4034     1.9931     0.3582
156.817737  40.816614  19.5911  17.6423  16.7341  16.3246  16.0025    0.07610000   0.00016751  22818.433    50.218235   0.279966   1.465900    -162.458 0   0.348022   0.268459   0.097522   0.066273   0.060928   -18.3390   -20.2083   -20.9455   -21.3238   -21.6405     1.8692     2.6065     0.3783
157.515229  40.633758  19.6766  17.9689  17.0178  16.5038  16.1728    0.08720000   0.00016317  26141.722    48.917135   0.289529   1.515971    3160.832 1   0.569583   0.487735   0.184665   0.107261   0.076632   -18.7930   -20.4189   -21.0669   -21.5035   -21.8039     1.6259     2.2739     0.4366
157.245925  40.398331  17.3800  16.0740  15.4888  15.1316  14.9482    0.06750000   0.00018432  20245.434    55.257746   0.290543   1.521277   -2735.456 1   0.193527   0.124663   0.087936   0.001429  -0.064008   -20.1554   -21.3926   -21.9411   -22.2117   -22.3297     1.2371     1.7856     0.2707
157.435111  40.879082  18.7466  17.6228  17.1705  16.9227  16.7425    0.08740000   0.00020134  26200.062    60.360213   0.302774   1.585322    3219.171 1   0.102958   0.028944   0.043201   0.004221  -0.048934   -19.2402   -20.2900   -20.7566   -20.9654   -21.0924     1.0498     1.5163     0.2088
157.195541  40.995812  19.2150  17.5183  16.6558  16.2506  15.9499    0.08240000   0.00014755  24708.385    44.234377   0.321758   1.684722    1727.494 1   0.335010   0.264767   0.105779   0.063534   0.052783   -18.8755   -20.5019   -21.2054   -21.5684   -21.8584     1.6265     2.3300     0.3630
156.739217  40.795244  18.5135  17.3572  16.9574  16.6969  16.5680    0.06400000   0.00009034  19175.745    27.083251   0.324538   1.699275   -3805.146 1   0.131549   0.032404   0.064105  -0.011859  -0.053070   -18.8439   -19.9010   -20.3325   -20.5171   -20.6048     1.0572     1.4887     0.1845
157.240498  40.357585  18.4054  16.5589  15.6969  15.3145  15.0321    0.06790000   0.00017679  20345.115    53.000309   0.328833   1.721763   -2635.775 1   0.282136   0.216441   0.083172   0.048924   0.050800   -19.2315   -21.0123   -21.7411   -22.0892   -22.3735     1.7808     2.5095     0.3482
157.525299  40.838450  19.8484  18.1366  17.4078  17.0467  16.7683    0.08710000   0.00014737  26110.784    44.180415   0.335310   1.755677    3129.893 1   0.089025   0.063903   0.028674   0.016776   0.017963   -18.1170   -19.8037   -20.4972   -20.8464   -21.1260     1.6867     2.3802     0.3492
157.294205  41.014508  17.8511  16.1799  15.4120  15.0995  14.7054    0.06390000   0.00016642  19148.284    49.891461   0.357707   1.872949   -3832.607 1   0.032709   0.028422   0.010349   0.008353   0.007626   -19.3828   -21.0497   -21.7995   -22.1100   -22.5034     1.6669     2.4167     0.3105
157.303046  41.022413  19.3980  18.1392  17.5511  17.1789  16.9326    0.06490000   0.00008122  19443.520    24.349143   0.367407   1.923739   -3537.371 1   0.213520   0.176883   0.107758   0.010652  -0.071819   -18.0505   -19.2727   -19.7917   -20.0668   -20.2306     1.2222     1.7411     0.2751
157.498164  40.931895  19.1704  18.1352  17.7304  17.4110  17.3393    0.08290000   0.00008668  24845.090    25.986010   0.373705   1.956714    1864.199 1   0.156344   0.102522   0.098161  -0.069706  -0.070145   -18.7546   -19.7360   -20.1364   -20.2880   -20.3592     0.9814     1.3818     0.1515
157.608228  40.797331  18.8295  17.5351  16.9918  16.6874  16.4513    0.06770000   0.00017777  20308.781    53.294105   0.376532   1.971514   -2672.110 1   0.150264   0.068849   0.063574   0.007754  -0.049463   -18.6691   -19.8821   -20.4201   -20.6687   -20.8476     1.2130     1.7510     0.2486
157.198116  40.301357  18.8679  17.6404  17.0892  16.8113  16.6279    0.06800000   0.00018578  20387.746    55.695443   0.378474   1.981684   -2593.145 1   0.081330   0.030305   0.027250   0.010436  -0.027517   -18.5502   -19.7266   -20.2748   -20.5359   -20.6813     1.1765     1.7246     0.2611
156.648090  40.594872  19.9243  18.3163  17.5728  17.1552  16.8982    0.06360000   0.00008385  19081.280    25.137598   0.380345   1.991479   -3899.610 1   0.259000   0.195238   0.092356   0.037404   0.030770   -17.5469   -19.0911   -19.7317   -20.0944   -20.3448     1.5442     2.1849     0.3626
157.327622  41.033147  19.7472  18.2091  17.4408  17.0409  16.7508    0.06460000   0.00009083  19357.599    27.230149   0.384107   2.011178   -3623.292 1   0.293526   0.236212   0.112634   0.047986   0.024155   -17.7712   -19.2520   -19.8967   -20.2320   -20.4983     1.4808     2.1255     0.3353
157.257092  40.295572  19.0381  17.7383  17.1328  16.7153  16.4531    0.06750000   0.00009266  20227.147    27.778769   0.392069   2.052870   -2753.744 1   0.242381   0.211013   0.116589   0.024575  -0.044810   -18.5462   -19.8146   -20.3257   -20.6512   -20.8440     1.2684     1.7795     0.3255
157.256990  40.283307  18.7184  17.5561  17.1471  16.8541  16.7566    0.06760000   0.00007977  20276.373    23.914444   0.403996   2.115316   -2704.518 1   0.163249   0.051511   0.077257  -0.032421  -0.070988   -18.7866   -19.8372   -20.2719   -20.4553   -20.5142     1.0506     1.4853     0.1833
156.644807  40.837339  17.4500  16.0676  15.3681  14.9674  14.7259    0.07340000   0.00016301  21991.636    48.869169   0.406763   2.129805    -989.255 1   0.267816   0.222729   0.116304   0.035781  -0.010039   -20.3424   -21.6797   -22.2728   -22.5930   -22.7886     1.3373     1.9304     0.3202
157.151311  40.260482  17.9024  16.1743  15.4071  15.0209  14.7977    0.06720000   0.00015804  20149.950    47.379200   0.416697   2.181821   -2830.940 1   0.208379   0.148072   0.069302   0.028255   0.032556   -19.6135   -21.2813   -21.9698   -22.3149   -22.5424     1.6678     2.3562     0.3452
156.583352  40.625689  18.7874  17.2459  16.5050  16.1495  15.8914    0.06630000   0.00015514  19869.495    46.509802   0.423583   2.217877   -3111.396 1   0.143908   0.095418   0.049731   0.021064   0.023167   -18.6593   -20.1523   -20.8475   -21.1744   -21.4346     1.4930     2.1882     0.3268
157.687123  40.596522  19.0128  17.6980  17.0998  16.7387  16.5649    0.07660000   0.00009699  22952.590    29.076871   0.424349   2.221885     -28.300 0   0.196973   0.128758   0.088089   0.004473  -0.055080   -18.7806   -20.0271   -20.5847   -20.8622   -20.9764     1.2466     1.8041     0.2775
157.445031  40.320461  17.3227  16.5626  16.0287  15.6442  15.4947    0.06710000   0.00144086  20125.607   431.958961   0.425985   2.230450   -2855.283 1   0.079683   0.271644   0.125796  -0.046940  -0.079786   -20.0647   -21.0167   -21.4048   -21.6166   -21.7332     0.9521     1.3401     0.2118
157.470769  40.333266  17.9046  15.9216  15.0139  14.5930  14.2917    0.06740000   0.00020352  20209.939    61.013761   0.426583   2.233582   -2770.952 1   0.348184   0.268174   0.096930   0.066244   0.061230   -19.7610   -21.6640   -22.4005   -22.7907   -23.0870     1.9030     2.6394     0.3902
157.439619  40.305242  19.6355  17.8350  17.0045  16.6252  16.3424    0.06760000   0.00015973  20269.538    47.885849   0.436638   2.286229   -2711.353 1   0.244056   0.183748   0.075328   0.038565   0.043238   -17.9503   -19.6905   -20.4126   -20.7551   -21.0426     1.7402     2.4623     0.3425
156.576953  40.821521  19.1144  17.4276  16.5879  16.1946  15.9103    0.06400000   0.00016264  19185.368    48.758245   0.449178   2.351888   -3795.522 1   0.291118   0.225289   0.093839   0.049946   0.046099   -18.4026   -20.0235   -20.7318   -21.0812   -21.3616     1.6210     2.3292     0.3494
157.483307  40.293647  18.6128  16.7370  15.8482  15.4496  15.1450    0.07800000   0.00016029  23389.718    48.053733   0.464411   2.431648     408.827 1   0.310163   0.239037   0.089093   0.056442   0.055543   -19.3332   -21.1379   -21.8768   -22.2427   -22.5464     1.8047     2.5435     0.3659
156.719301  40.331974  17.7366  15.9400  15.0980  14.7307  14.5024    0.06570000   0.00016447  19698.823    49.306866   0.468820   2.454736   -3282.068 1   0.232803   0.172479   0.074259   0.034936   0.039413   -19.7757   -21.5120   -22.2558   -22.5838   -22.8165     1.7363     2.4801     0.3280
157.193153  40.203023  19.1599  17.5365  16.7803  16.4462  16.2043    0.06660000   0.00013954  19973.523    41.833040   0.475887   2.491739   -3007.368 1   0.083537   0.058108   0.026442   0.015433   0.016324   -18.2150   -19.8130   -20.5375   -20.8606   -21.1034     1.5980     2.3225     0.3231
157.745536  40.513297  18.2089  17.1501  16.7240  16.4056  16.2544    0.07530000   0.00008270  22566.727    24.792836   0.489162   2.561245    -414.163 1   0.168068   0.102910   0.096234  -0.048818  -0.087265   -19.5182   -20.5119   -20.9313   -21.1046   -21.2174     0.9936     1.4131     0.1733
156.488611  40.648174  18.6817  16.8266  15.9443  15.5290  15.2255    0.06350000   0.00017693  19039.939    53.042280   0.493155   2.582152   -3940.952 1   0.283807   0.217924   0.078788   0.050014   0.053730   -18.7896   -20.5788   -21.3219   -21.7085   -22.0157     1.7892     2.5324     0.3865
156.752742  40.271002  18.8055  17.1191  16.2833  15.8293  15.5451    0.06470000   0.00017628  19405.116    52.847414   0.500136   2.618708   -3575.775 1   0.389987   0.332229   0.141141   0.076452   0.045843   -18.8093   -20.4379   -21.0826   -21.4719   -21.7255     1.6286     2.2734     0.3893
157.517999  40.261159  18.9612  17.0164  16.1534  15.7728  15.4689    0.06640000   0.00016865  19903.191    50.559998   0.506089   2.649876   -3077.699 1   0.217165   0.170715   0.062256   0.036782   0.044244   -18.5408   -20.4391   -21.1937   -21.5488   -21.8602     1.8984     2.6529     0.3551
156.863017  41.146781  19.6801  18.2751  17.5781  17.1793  16.8941    0.06800000   0.00017780  20393.412    53.303099   0.513867   2.690602   -2587.479 1   0.259568   0.209333   0.111054   0.033597  -0.008163   -17.9162   -19.2710   -19.8697   -20.1910   -20.4345     1.3548     1.9535     0.3213
157.778971  40.848846  18.7792  17.7080  17.2228  16.9394  16.7540    0.08230000   0.00009885  24665.215    29.634484   0.515748   2.700447    1684.324 1   0.133704   0.046707   0.060358   0.001842  -0.065302   -19.1073   -20.0915   -20.5904   -20.8153   -20.9335     0.9842     1.4831     0.2249
157.624385  40.316435  18.7670  17.3523  16.6798  16.3601  16.1116    0.06790000   0.00015539  20364.422    46.584750   0.515992   2.701729   -2616.469 1   0.058341   0.032007   0.015697   0.008824   0.007415   -18.6461   -20.0345   -20.6907   -21.0035   -21.2506     1.3884     2.0446     0.3128
157.381301  40.193056  19.5357  17.7587  16.9430  16.5451  16.2613    0.06940000   0.00014457  20796.063    43.340996   0.518042   2.712460   -2184.827 1   0.233259   0.176619   0.070483   0.037155   0.043286   -18.0787   -19.7991   -20.5087   -20.8732   -21.1632     1.7204     2.4299     0.3646
156.621417  41.019519  20.2088  18.3707  17.4538  17.0366  16.6955    0.07580000   0.00015403  22718.332    46.177032   0.520217   2.723850    -262.558 0   0.396426   0.318464   0.123917   0.080359   0.059597   -17.7823   -19.5425   -20.2648   -20.6385   -20.9588     1.7601     2.4825     0.3736
157.459964  41.136388  20.2201  18.4326  17.5350  17.1483  16.8312    0.08810000   0.00014067  26419.840    42.171805   0.520290   2.724233    3438.949 1   0.347176   0.272668   0.104902   0.066788   0.056962   -18.0495   -19.7625   -20.4923   -20.8409   -21.1482     1.7130     2.4428     0.3486
157.557106  40.255593  18.3444  16.5656  15.7794  15.4367  15.1573    0.06690000   0.00014935  20050.030    44.774004   0.527989   2.764544   -2930.861 1   0.099537   0.076681   0.032799   0.019600   0.021419   -19.0563   -20.8123   -21.5546   -21.8841   -22.1653     1.7559     2.4983     0.3295
157.506245  41.131343  20.4173  18.5718  17.6171  17.2094  16.8961    0.08960000   0.00013771  26854.209    41.284419   0.533365   2.792694    3873.319 1   0.416376   0.327559   0.121790   0.084516   0.065183   -17.9583   -19.7149   -20.4639   -20.8343   -21.1283     1.7567     2.5056     0.3704
156.488200  40.902653  18.8520  17.0335  16.1757  15.7825  15.4813    0.07620000   0.00015105  22844.785    45.283651   0.541822   2.836972    -136.106 0   0.276274   0.211562   0.081866   0.047333   0.049779   -19.0092   -20.7630   -21.4911   -21.8498   -22.1534     1.7538     2.4819     0.3587
157.585012  41.103271  19.0958  17.9310  17.3824  17.0134  16.8467    0.08940000   0.00010012  26813.527    30.015221   0.544718   2.852134    3832.637 1   0.188200   0.187223   0.114665  -0.007702  -0.100802   -19.0230   -20.1868   -20.6629   -20.9095   -20.9831     1.1638     1.6399     0.2466
157.063261  40.133371  17.3502  16.2866  15.8570  15.5609  15.4484    0.06680000   0.00008502  20023.498    25.488355   0.546608   2.862033   -2957.393 1   0.168841   0.057835   0.081125  -0.041736  -0.072878   -20.1378   -21.0904   -21.5433   -21.7166   -21.7979     0.9526     1.4055     0.1732
157.452305  41.171994  20.3602  18.6307  17.6884  17.2690  16.9092    0.08830000   0.00015305  26473.982    45.883236   0.549432   2.876817    3493.092 1   0.453153   0.377537   0.149509   0.092442   0.061652   -18.0203   -19.6742   -20.3884   -20.7508   -21.0798     1.6539     2.3682     0.3623
156.563985  41.014364  19.1522  18.0703  17.6896  17.4438  17.2767    0.07600000   0.00007547  22779.040    22.625337   0.550573   2.882792    -201.850 0   0.130784   0.027780   0.065307  -0.017434  -0.042870   -18.5790   -19.5579   -19.9762   -20.1392   -20.2809     0.9789     1.3971     0.1631
157.611242  40.251738  18.7149  17.1991  16.4724  16.1090  15.8872    0.07640000   0.00015056  22912.118    45.136752   0.556630   2.914509     -68.772 0   0.202962   0.135614   0.073014   0.022428   0.019670   -19.0970   -20.5454   -21.2095   -21.5223   -21.7414     1.4485     2.1126     0.3128
157.855222  40.809260  19.7319  18.3279  17.6947  17.3716  17.1717    0.08180000   0.00016683  24531.777    50.014376   0.559955   2.931915    1550.886 1   0.076264   0.037536   0.022446   0.010536   0.003062   -18.1051   -19.4704   -20.0885   -20.3997   -20.5921     1.3653     1.9834     0.3112
157.600221  41.115804  19.2252  17.2245  16.2584  15.8096  15.4614    0.08970000   0.00020254  26902.716    60.719964   0.561709   2.941098    3921.825 1   0.501666   0.397327   0.147718   0.102499   0.072224   -19.2169   -21.1133   -21.8298   -22.2334   -22.5513     1.8964     2.6129     0.4036
157.713219  40.278796  18.2480  17.0629  16.4059  16.0785  15.8629    0.07120000   0.00014440  21354.307    43.290031   0.590828   3.093567   -1626.584 1   0.072945   0.037171   0.021005   0.010309   0.005374   -19.2619   -20.4113   -21.0521   -21.3688   -21.5795     1.1493     1.7902     0.3167
156.534145  40.298001  19.0549  17.6457  16.9177  16.4733  16.1833    0.06430000   0.00009997  19269.280    29.970252   0.594339   3.111951   -3711.611 1   0.313607   0.278089   0.133373   0.050675   0.005946   -18.4947   -19.8684   -20.4517   -20.8134   -21.0587     1.3737     1.9570     0.3617
156.860231  41.234757  19.5477  17.5892  16.6547  16.2468  15.9269    0.08900000   0.00015604  26679.820    46.779615   0.596099   3.121168    3698.929 1   0.372533   0.288672   0.105275   0.072712   0.062975   -18.7456   -20.6203   -21.3714   -21.7467   -22.0569     1.8746     2.6257     0.3753
156.958748  40.094332  19.0512  18.0769  17.7595  17.5613  17.4649    0.08690000   0.00008441  26052.984    25.305481   0.598325   3.132823    3072.093 1   0.106832   0.012688   0.052120  -0.019923  -0.008957   -18.9482   -19.8283   -20.1851   -20.3113   -20.4187     0.8802     1.2370     0.1262
156.481838  40.341227  19.2286  17.8794  17.2195  16.8360  16.5678    0.06400000   0.00008737  19182.041    26.192867   0.600192   3.142598   -3798.850 1   0.245474   0.206690   0.114080   0.026291  -0.035354   -18.2427   -19.5531   -20.1204   -20.4161   -20.6227     1.3104     1.8777     0.2957
156.393956  40.887886  19.4431  18.2873  17.7241  17.4477  17.3120    0.07330000   0.00020968  21963.425    62.860483   0.602207   3.153147   -1017.466 1   0.003928   0.001438   0.000786   0.000559  -0.000909   -18.0824   -19.2357   -19.7983   -20.0745   -20.2087     1.1533     1.7159     0.2762
157.843042  40.396745  19.3222  17.5415  16.6231  16.2266  15.9184    0.08540000   0.00017077  25589.205    51.195558   0.603883   3.161924    2608.314 1   0.355079   0.277379   0.104265   0.068676   0.059380   -18.8875   -20.5905   -21.3357   -21.6967   -21.9956     1.7030     2.4483     0.3609
157.925801  40.806596  18.0205  16.6964  16.1129  15.7690  15.4981    0.08160000   0.00018030  24456.379    54.052580   0.611528   3.201954    1475.489 1   0.201154   0.143608   0.095756   0.004480  -0.069573   -19.9149   -21.1814   -21.7171   -21.9697   -22.1665     1.2666     1.8022     0.2526
157.223104  40.058081  19.9584  18.4539  17.6375  17.1770  16.8635    0.08690000   0.00015628  26041.412    46.851565   0.622346   3.258596    3060.521 1   0.401165   0.357283   0.153386   0.077965   0.040656   -18.3353   -19.7959   -20.4084   -20.7935   -21.0697     1.4606     2.0731     0.3851
156.522293  40.256983  19.2226  17.9822  17.3876  17.0165  16.7927    0.06470000   0.00008348  19391.835    25.026674   0.627955   3.287963   -3589.055 1   0.211337   0.179827   0.109372   0.008908  -0.077545   -18.2135   -19.4224   -19.9465   -20.2172   -20.3545     1.2089     1.7330     0.2706
157.869309  40.382181  19.3889  18.1179  17.5372  17.1715  16.9722    0.08490000   0.00009485  25448.902    28.435315   0.628299   3.289763    2468.011 1   0.200411   0.140705   0.094411   0.003986  -0.067578   -18.6321   -19.8434   -20.3778   -20.6531   -20.7808     1.2113     1.7457     0.2753
157.728718  40.222987  18.8916  17.9646  17.6407  17.3617  17.3457    0.07570000   0.00008182  22684.036    24.529019   0.637999   3.340555    -296.854 1   0.162207   0.029554   0.082209  -0.061168  -0.025248   -18.8412   -19.6356   -20.0121   -20.1477   -20.1997     0.7943     1.1709     0.1356
156.442562  41.061412  19.7889  18.1563  17.1730  16.8013  16.5232    0.07560000   0.00016183  22656.335    48.515413   0.652462   3.416280    -324.555 1   0.307067   0.238753   0.095295   0.055118   0.050847   -18.0859   -19.6502   -20.4900   -20.8215   -21.0954     1.5643     2.4041     0.3315
156.444557  40.282754  19.0497  17.2827  16.3751  15.9022  15.5474    0.06450000   0.00016302  19322.104    48.872167   0.657154   3.440848   -3658.787 1   0.486133   0.412394   0.162538   0.097425   0.064526   -18.6792   -20.3725   -21.0302   -21.4380   -21.7599     1.6933     2.3510     0.4078
157.837001  40.275165  19.5387  17.7788  16.9602  16.5832  16.3066    0.06890000   0.00015286  20665.174    45.826275   0.665384   3.483940   -2315.717 1   0.215989   0.160402   0.067645   0.032643   0.038911   -18.0427   -19.7470   -20.4729   -20.8149   -21.0977     1.7043     2.4302     0.3420
157.704902  40.162546  19.3415  17.5312  16.7034  16.3128  16.0581    0.06930000   0.00016482  20783.382    49.411793   0.670612   3.511316   -2197.509 1   0.235114   0.175943   0.073246   0.036374   0.041510   -18.2929   -20.0440   -20.7691   -21.1229   -21.3827     1.7511     2.4762     0.3537
157.769183  40.201834  18.3285  16.6519  15.8361  15.4373  15.1716    0.08090000   0.00015038  24240.439    45.082790   0.674648   3.532448    1259.548 1   0.266011   0.201846   0.087153   0.042202   0.041437   -19.6741   -21.2866   -21.9877   -22.3415   -22.6065     1.6124     2.3135     0.3538
157.775201  40.196245  19.7743  17.9973  17.1461  16.7599  16.4686    0.06840000   0.00018122  20494.742    54.328389   0.681825   3.570024   -2486.149 1   0.277678   0.212661   0.083723   0.047400   0.048999   -17.8742   -19.5862   -20.3084   -20.6583   -20.9512     1.7120     2.4342     0.3499
