208.410357  35.452602  19.3988  17.5068  16.5358  16.0930  15.7379    0.09750000   0.00016152  29227.097    48.422478   0.010398   0.066668     738.119 0   0.510089   0.415681   0.158172   0.102995   0.070925   -19.2334   -21.0310   -21.7445   -22.1321   -22.4551     1.7976     2.5111     0.3876
208.461302  35.462718  18.8628  17.3109  16.5075  16.0931  15.8185    0.09430000   0.00013995  28261.765    41.955954   0.032460   0.208129    -227.213 0   0.328448   0.275486   0.126492   0.058269   0.028462   -19.5337   -21.0327   -21.6871   -22.0333   -22.2781     1.4989     2.1533     0.3462
208.390890  35.421927  20.1965  18.2021  17.2381  16.8235  16.5082    0.09560000   0.00015715  28656.142    47.112385   0.041095   0.263493     167.164 0   0.418432   0.326753   0.119916   0.084618   0.066335   -18.3012   -20.2039   -20.9611   -21.3404   -21.6374     1.9027     2.6599     0.3793
208.372020  35.466312  20.0964  18.1928  17.2108  16.8180  16.5017    0.09640000   0.00016500  28885.453    49.465756   0.043487   0.278829     396.476 0   0.428715   0.336797   0.124669   0.087353   0.066544   -18.4508   -20.2625   -21.0324   -21.3879   -21.6834     1.8117     2.5816     0.3555
208.434499  35.499060  19.7446  18.0980  17.2959  16.8497  16.5334    0.09230000   0.00020101  27685.564    60.261282   0.046425   0.297668    -803.414 0   0.365367   0.311550   0.136557   0.069267   0.038370   -18.6421   -20.2349   -20.8620   -21.2409   -21.5263     1.5928     2.2199     0.3789
208.391768  35.495712  19.9597  18.1224  17.1761  16.7659  16.5068    0.09800000   0.00015563  29391.473    46.656700   0.049245   0.315753     902.495 0   0.353344   0.272608   0.098876   0.067628   0.061541   -18.5269   -20.2835   -21.0560   -21.4350   -21.6880     1.7566     2.5291     0.3790
208.380194  35.498267  20.1050  18.8485  17.7775  17.4433  17.1881    0.08960000   0.00015886  26875.165    47.625030   0.056715   0.363647   -1613.813 1   0.376998   0.768309   0.278128   0.144161  -0.054229   -18.2312   -19.8790   -20.4598   -20.6600   -20.7169     1.6478     2.2286     0.2002
208.495279  35.453165  20.2780  18.6159  17.7566  17.3336  17.0293    0.10350000   0.00016401  31014.129    49.168961   0.058826   0.377184    2525.152 1   0.382263   0.323873   0.138151   0.074695   0.045022   -18.3542   -19.9579   -20.6315   -20.9910   -21.2656     1.6037     2.2773     0.3595
208.361431  35.493570  20.5927  18.6667  17.7090  17.2924  16.9293    0.09390000   0.00017135  28165.352    51.369438   0.064187   0.411555    -323.626 0   0.436561   0.343509   0.127340   0.089274   0.067063   -17.8840   -19.7170   -20.4585   -20.8370   -21.1779     1.8329     2.5745     0.3785
208.493259  35.483680  18.2181  16.4476  15.5842  15.2043  14.9036    0.09770000   0.00016500  29293.770    49.465756   0.064618   0.414321     804.793 0   0.285003   0.218873   0.086073   0.049266   0.049832   -20.1911   -21.8955   -22.6261   -22.9692   -23.2704     1.7044     2.4350     0.3431
208.345982  35.477891  19.8300  18.0169  17.0784  16.6889  16.3789    0.10360000   0.00015721  31065.394    47.130372   0.067333   0.431728    2576.416 1   0.382919   0.301497   0.113568   0.076272   0.061473   -18.8282   -20.5599   -21.3105   -21.6627   -21.9579     1.7317     2.4822     0.3522
208.399140  35.519248  18.3144  16.7350  15.9240  15.5260  15.2158    0.09120000   0.00015327  27355.192    45.949190   0.068500   0.439211   -1133.785 0   0.315059   0.254936   0.114762   0.056050   0.035664   -19.9773   -21.4965   -22.1674   -22.5067   -22.7965     1.5193     2.1901     0.3393
208.379866  35.512436  20.4068  18.4940  17.5254  17.1746  16.8671    0.09800000   0.00014048  29387.785    42.114844   0.068574   0.439686     898.808 0   0.354379   0.273126   0.098720   0.067837   0.061843   -18.0808   -19.9124   -20.7066   -21.0265   -21.3280     1.8315     2.6257     0.3199
208.374313  35.513903  18.5378  16.5618  15.5795  15.1794  14.8500    0.09700000   0.00019017  29075.312    57.011532   0.072222   0.463079     586.334 0   0.428531   0.336607   0.124576   0.087303   0.066543   -20.0016   -21.8857   -22.6560   -23.0188   -23.3275     1.8841     2.6543     0.3628
208.398699  35.529189  19.0094  17.1152  16.1536  15.7570  15.4386    0.09400000   0.00016529  28195.241    49.552695   0.078172   0.501224    -293.737 0   0.404789   0.317216   0.117437   0.081494   0.064576   -19.4590   -21.2656   -22.0274   -22.3881   -22.6896     1.8066     2.5684     0.3607
208.304943  35.378578  20.2243  18.3651  17.4010  16.9544  16.6169    0.09540000   0.00014228  28607.455    42.654471   0.121998   0.782234     118.478 0   0.499295   0.411794   0.158590   0.100866   0.068739   -18.3708   -20.1425   -20.8534   -21.2423   -21.5476     1.7717     2.4826     0.3889
208.452114  35.575132  19.7537  18.4309  17.7248  17.3268  17.0150    0.09260000   0.00019405  27752.807    58.174726   0.123835   0.794011    -736.170 0   0.276452   0.243066   0.124425   0.037854  -0.016487   -18.5325   -19.8220   -20.4094   -20.7208   -20.9783     1.2894     1.8769     0.3114
208.259923  35.448688  20.1193  18.2458  17.3454  16.9780  16.6656    0.09370000   0.00015162  28080.570    45.454532   0.132983   0.852664    -408.407 0   0.320647   0.249658   0.096795   0.059205   0.054164   -18.2580   -20.0605   -20.8080   -21.1378   -21.4452     1.8025     2.5500     0.3298
208.265698  35.396494  19.6494  18.1874  17.4514  17.0134  16.7355    0.09370000   0.00016857  28086.836    50.536015   0.140325   0.899741    -402.142 0   0.314472   0.277651   0.132967   0.051048   0.007347   -18.7217   -20.1469   -20.7382   -21.0943   -21.3285     1.4252     2.0165     0.3561
208.585300  35.510398  20.0339  18.4795  17.7050  17.2468  16.9211    0.09330000   0.00009128  27958.165    27.365056   0.143851   0.922352    -530.813 0   0.360874   0.320103   0.143657   0.066293   0.027903   -18.3718   -19.8854   -20.4835   -20.8643   -21.1516     1.5136     2.1117     0.3808
208.598375  35.486706  19.2494  17.6665  16.8184  16.3557  16.0537    0.10300000   0.00015657  30877.424    46.938505   0.146597   0.939956    2388.447 1   0.422969   0.393636   0.166380   0.081704   0.041626   -19.4129   -20.9665   -21.5873   -21.9654   -22.2273     1.5536     2.1744     0.3780
208.590160  35.338086  19.9874  18.3452  17.5032  17.1380  16.8548    0.09540000   0.00013691  28591.806    41.044585   0.178509   1.144568     102.829 0   0.309149   0.244681   0.105360   0.055306   0.043158   -18.4175   -19.9953   -20.6980   -21.0131   -21.2841     1.5777     2.2804     0.3151
208.537173  35.614804  18.8049  17.6649  17.1511  16.8187  16.6275    0.09500000   0.00009861  28471.560    29.562534   0.186101   1.193247     -17.418 0   0.180799   0.137747   0.101138  -0.018835  -0.103336   -19.4625   -20.5595   -21.0367   -21.2491   -21.3558     1.0969     1.5741     0.2124
208.668877  35.496014  19.9991  18.1833  17.2470  16.8543  16.5534    0.10300000   0.00015605  30876.525    46.782613   0.204682   1.312388    2387.547 1   0.379128   0.297905   0.111933   0.075208   0.061371   -18.6194   -20.3540   -21.1043   -21.4603   -21.7473     1.7346     2.4849     0.3560
208.277453  35.635883  20.2562  18.3859  17.4449  17.0312  16.7087    0.09940000   0.00015154  29791.336    45.430549   0.217495   1.394542    1302.358 1   0.386295   0.299978   0.109534   0.076300   0.064068   -18.2942   -20.0782   -20.8288   -21.2092   -21.5195     1.7840     2.5345     0.3805
208.684979  35.396259  19.2750  17.4696  16.5487  16.1479  15.8367    0.09530000   0.00015127  28566.864    45.349605   0.220917   1.416484      77.886 0   0.368153   0.289699   0.109950   0.072463   0.059699   -19.1631   -20.8901   -21.6312   -21.9945   -22.2930     1.7269     2.4681     0.3633
208.561225  35.254652  19.7916  17.9691  17.0173  16.6140  16.2917    0.10340000   0.00014194  31000.339    42.552541   0.228556   1.465466    2511.361 1   0.414330   0.325851   0.121146   0.084016   0.065019   -18.8728   -20.6068   -21.3539   -21.7201   -22.0234     1.7340     2.4811     0.3662
208.145296  35.321752  20.0520  18.5622  17.7991  17.3076  16.9950    0.09790000   0.00008979  29361.074    26.918365   0.261869   1.679059     872.096 1   0.358208   0.316645   0.142482   0.065436   0.027543   -18.4372   -19.8855   -20.4744   -20.8889   -21.1636     1.4482     2.0372     0.4145
208.184408  35.630354  20.5016  18.6358  17.7497  17.3730  17.0101    0.09940000   0.00013968  29812.591    41.875011   0.262761   1.684784    1323.614 1   0.297917   0.228694   0.082816   0.053466   0.055454   -17.9605   -19.7570   -20.4973   -20.8446   -21.2095     1.7966     2.5368     0.3473
208.772734  35.480966  19.0456  17.5722  16.7386  16.3123  15.9928    0.10300000   0.00013838  30883.420    41.485280   0.286149   1.834741    2394.442 1   0.388593   0.347906   0.151499   0.074546   0.035978   -19.5823   -21.0151   -21.6522   -22.0016   -22.2825     1.4327     2.0699     0.3493
208.750715  35.296590  19.9778  17.9451  16.9449  16.5081  16.1611    0.09840000   0.00016574  29509.711    49.687602   0.309646   1.985401    1020.733 1   0.518962   0.412019   0.153256   0.105087   0.073678   -18.6833   -20.6090   -21.3505   -21.7391   -22.0547     1.9258     2.6672     0.3886
208.675927  35.684858  18.9546  17.6226  16.8971  16.4913  16.2391    0.09570000   0.00021221  28693.436    63.618958   0.309705   1.985777     204.458 0   0.299675   0.283538   0.137886   0.047139  -0.012993   -19.4242   -20.7400   -21.3199   -21.6349   -21.8270     1.3159     1.8957     0.3151
208.831462  35.428548  19.0497  17.1348  16.1367  15.7076  15.3532    0.10820000   0.00015726  32447.737    47.145362   0.333615   2.139085    3958.759 1   0.521494   0.417819   0.156574   0.105345   0.073274   -19.8417   -21.6529   -22.3897   -22.7676   -23.0899     1.8112     2.5481     0.3779
208.827976  35.381651  18.5452  17.2046  16.5772  16.1888  15.9782    0.10670000   0.00015207  31994.451    45.589439   0.337586   2.164548    3505.473 1   0.218870   0.159588   0.096530   0.015894  -0.033460   -19.9921   -21.2734   -21.8378   -22.1455   -22.3068     1.2813     1.8457     0.3078
208.859176  35.428921  18.7605  16.8560  15.8736  15.4604  15.1181    0.10790000   0.00015422  32334.715    46.233993   0.356105   2.283288    3845.738 1   0.462727   0.364981   0.135420   0.095025   0.069158   -20.0639   -21.8707   -22.6235   -22.9963   -23.3127     1.8068     2.5596     0.3728
208.170728  35.756966  19.1343  17.9910  17.3992  17.0707  16.8000    0.10440000   0.00009942  31285.442    29.805366   0.366462   2.349697    2796.464 1   0.199518   0.191730   0.115024   0.000700  -0.094141   -19.3362   -20.4717   -20.9868   -21.2010   -21.3769     1.1355     1.6506     0.2142
208.855849  35.304752  19.5706  18.2148  17.4634  17.0168  16.7079    0.09480000   0.00010385  28429.349    31.133447   0.382666   2.453596     -59.629 0   0.325096   0.286000   0.134693   0.054694   0.013781   -18.8130   -20.1297   -20.7298   -21.0964   -21.3644     1.3167     1.9168     0.3666
208.620999  35.103942  19.1869  17.9017  17.3959  17.0868  16.8694    0.09310000   0.00023006  27896.078    68.970253   0.385023   2.468705    -592.900 0   0.156558   0.066636   0.068903  -0.001287  -0.071890   -19.0123   -20.2076   -20.7157   -20.9546   -21.1014     1.1953     1.7033     0.2389
208.892741  35.354646  19.3509  17.6269  16.6579  16.2120  15.8797    0.10160000   0.00015302  30472.404    45.874242   0.395176   2.533802    1983.427 1   0.519671   0.460806   0.180267   0.100067   0.067297   -19.3783   -21.0434   -21.7319   -22.0976   -22.3971     1.6651     2.3536     0.3657
208.264164  35.072945  19.0503  17.1167  16.1420  15.7423  15.4034    0.09630000   0.00017570  28872.682    52.673535   0.402041   2.577821     383.704 0   0.435132   0.341142   0.125780   0.088739   0.067373   -19.5011   -21.3407   -22.1000   -22.4627   -22.7802     1.8396     2.5989     0.3627
208.913062  35.372647  19.5540  17.8954  17.0025  16.5734  16.2968    0.10210000   0.00013259  30604.913    39.749482   0.407267   2.611332    2115.935 1   0.436459   0.398453   0.166255   0.085112   0.047236   -19.1050   -20.7256   -21.3863   -21.7342   -21.9729     1.6206     2.2813     0.3480
208.250104  35.052703  19.3422  17.3726  16.3494  15.9002  15.5230    0.09760000   0.00018198  29255.277    54.556232   0.424914   2.724480     766.300 1   0.578706   0.462949   0.171325   0.111463   0.079335   -19.3608   -21.2147   -21.9463   -22.3356   -22.6807     1.8538     2.5854     0.3893
208.894972  35.268411  19.0188  18.0355  17.5564  17.2788  17.1428    0.10600000   0.00008426  31771.105    25.260513   0.426682   2.735814    3282.128 1   0.112532   0.035787   0.048385   0.005483  -0.054672   -19.4189   -20.3255   -20.8172   -21.0519   -21.1277     0.9066     1.3983     0.2347
207.915938  35.608376  19.2058  17.8398  16.8339  16.3818  16.0535    0.09410000   0.00017076  28215.657    51.192560   0.441149   2.828579    -273.321 0   0.522942   0.596256   0.233325   0.111878   0.066655   -19.3831   -20.8224   -21.4653   -21.7960   -22.0791     1.4393     2.0823     0.3307
208.338047  35.016490  18.4629  16.8015  15.9874  15.6245  15.3176    0.09750000   0.00016514  29243.975    49.507727   0.442542   2.837507     754.997 1   0.134438   0.106509   0.043654   0.025031   0.028912   -19.7936   -21.4271   -22.1784   -22.5226   -22.8334     1.6335     2.3847     0.3443
208.580232  35.931023  18.8865  17.7079  17.0749  16.6958  16.5101    0.09500000   0.00009349  28470.330    28.027597   0.494311   3.169444     -18.647 0   0.218673   0.234193   0.127031   0.015843  -0.080153   -19.4188   -20.6129   -21.1388   -21.4067   -21.4964     1.1941     1.7200     0.2679
208.452717  35.961552  19.1871  18.0285  17.3923  17.0213  16.8422    0.09470000   0.00005126  28402.757    15.367361   0.508547   3.260719     -86.220 0   0.208969   0.238809   0.128869   0.011408  -0.086848   -19.0805   -20.2689   -20.7952   -21.0487   -21.1296     1.1884     1.7147     0.2535
208.997804  35.218404  20.0038  18.1426  17.1698  16.7429  16.4120    0.09830000   0.00014789  29481.201    44.336307   0.523922   3.359304     992.223 1   0.490014   0.394457   0.149236   0.100314   0.069770   -18.6472   -20.4129   -21.1404   -21.5184   -21.8188     1.7656     2.4932     0.3780
208.609752  35.960440  19.0261  17.7677  17.1182  16.7765  16.5593    0.10680000   0.00017828  32025.629    53.446999   0.529182   3.393033    3536.652 1   0.219890   0.179717   0.107569   0.014585  -0.061167   -19.5353   -20.7535   -21.3309   -21.5796   -21.7211     1.2182     1.7956     0.2487
208.671472  35.950637  19.8894  18.5505  17.7519  17.3202  17.0794    0.10790000   0.00018855  32360.497    56.525868   0.536668   3.441027    3871.520 1   0.351951   0.361288   0.162112   0.064940   0.006417   -18.8242   -20.1725   -20.7719   -21.1064   -21.2887     1.3482     1.9477     0.3345
208.375802  34.900363  19.4695  18.1930  17.5896  17.3112  17.0169    0.09830000   0.00016013  29469.479    48.005766   0.554554   3.555708     980.501 1   0.024131   0.010298   0.005048   0.003284  -0.000979   -18.7156   -19.9783   -20.5765   -20.8531   -21.1431     1.2627     1.8608     0.2766
