222.186891  11.296572  19.6409  17.7509  16.9216  16.5617  16.2990    0.05240000   0.00016629  15713.472    49.852488   0.055972   0.206531     126.063 0   0.216047   0.159640   0.068187   0.032248   0.038320   -17.3651   -19.1987   -19.9365   -20.2605   -20.5292     1.8336     2.5714     0.3240
222.258218  11.189763  19.1810  17.3264  16.5081  16.1096  15.7893    0.05020000   0.00017671  15037.110    52.976325   0.075255   0.277680    -550.299 0   0.144665   0.122224   0.045109   0.028350   0.032893   -17.6601   -19.4922   -20.2334   -20.6152   -20.9400     1.8322     2.5733     0.3817
222.152414  11.275113  20.0040  18.4252  17.7409  17.3511  17.1809    0.05400000   0.00008568  16175.392    25.686218   0.077449   0.285779     587.983 0   0.217415   0.149416   0.084656   0.020861   0.004188   -17.0434   -18.5542   -19.1737   -19.4997   -19.6532     1.5108     2.1303     0.3260
222.185011  11.324701  19.6705  17.7944  16.9850  16.6021  16.3168    0.05210000   0.00016635  15604.257    49.870475   0.078479   0.289577      16.848 0   0.175891   0.134323   0.055176   0.028951   0.035067   -17.2614   -19.0960   -19.8262   -20.1829   -20.4743     1.8345     2.5648     0.3567
222.305510  11.233703  19.5029  18.4691  17.8560  17.5042  17.2628    0.05420000   0.00008823  16247.582    26.450689   0.078663   0.290257     660.173 0   0.182175   0.262972   0.135785   0.009303  -0.093632   -17.5386   -18.6532   -19.1391   -19.3645   -19.5029     1.1146     1.6005     0.2253
222.143640  11.259640  18.4613  16.5298  15.6832  15.2957  14.9860    0.05150000   0.00017602  15427.200    52.769468   0.084499   0.311790    -160.209 0   0.189966   0.151913   0.056100   0.033009   0.039948   -18.4551   -20.3485   -21.0993   -21.4637   -21.7804     1.8934     2.6442     0.3644
222.163295  11.332098  19.6722  17.8716  17.0898  16.7248  16.4782    0.04930000   0.00014900  14773.742    44.669076   0.097471   0.359654    -813.667 0   0.193362   0.137480   0.063594   0.027127   0.032429   -17.1522   -18.8969   -19.6049   -19.9334   -20.1853     1.7447     2.4526     0.3285
222.139141  11.302293  19.7983  18.0985  17.3246  16.9712  16.7303    0.05020000   0.00015416  15060.614    46.216005   0.098602   0.363831    -526.795 0   0.170737   0.117697   0.057666   0.024099   0.028083   -17.0688   -18.7156   -19.4295   -19.7493   -19.9942     1.6468     2.3606     0.3198
222.229233  11.369415  20.0544  18.3301  17.5446  17.1748  16.9028    0.05160000   0.00017025  15474.267    51.039666   0.109752   0.404969    -113.142 0   0.162065   0.118793   0.052988   0.025823   0.030867   -16.8427   -18.5237   -19.2434   -19.5860   -19.8631     1.6810     2.4007     0.3426
222.094273  11.257998  18.2814  17.3359  16.6994  16.3880  16.1880    0.04750000   0.00007867  14231.448    23.584673   0.132926   0.490480   -1355.961 1   0.146767   0.249886   0.130269  -0.010898  -0.094721   -18.4413   -19.4899   -20.0068   -20.1770   -20.2932     1.0486     1.5655     0.1702
222.189608  11.391052  20.0426  18.3866  17.6508  17.3246  17.1042    0.05210000   0.00016689  15615.440    50.032363   0.137172   0.506148      28.031 0   0.081064   0.051657   0.025013   0.013754   0.014000   -16.7945   -18.4211   -19.1303   -19.4452   -19.6659     1.6266     2.3357     0.3149
222.116927  11.344170  19.6992  17.8849  17.0682  16.7036  16.3950    0.05200000   0.00015611  15601.829    46.800601   0.139266   0.513874      14.420 0   0.121910   0.103419   0.039593   0.025043   0.028158   -17.1702   -18.9660   -19.7189   -20.0690   -20.3807     1.7958     2.5487     0.3500
222.375934  11.247664  19.1018  17.4268  16.6735  16.3115  16.0612    0.05060000   0.00016866  15161.014    50.562996   0.143825   0.530698    -426.395 0   0.172358   0.117528   0.058610   0.023721   0.027311   -17.7585   -19.3786   -20.0730   -20.4001   -20.6540     1.6202     2.3146     0.3271
222.368866  11.332216  18.2527  16.5905  15.8364  15.4666  15.2138    0.05570000   0.00014940  16688.067    44.788993   0.154488   0.570040    1100.658 0   0.187918   0.128617   0.063916   0.024540   0.028031   -18.8369   -20.4398   -21.1292   -21.4597   -21.7159     1.6029     2.2923     0.3304
222.389586  11.268548  18.8749  16.9548  16.0855  15.6352  15.2847    0.05260000   0.00016015  15782.094    48.011762   0.156965   0.579183     194.685 0   0.407801   0.332015   0.131200   0.083218   0.058761   -18.3098   -20.1541   -20.8226   -21.2249   -21.5509     1.8443     2.5128     0.4023
222.296248  11.115231  16.7458  15.1265  14.3810  14.0027  13.7032    0.05000000   0.00018392  14974.813    55.137829   0.158457   0.584687    -612.596 0   0.114046   0.082565   0.037897   0.020267   0.022648   -20.0560   -21.6438   -22.3446   -22.7053   -23.0072     1.5878     2.2887     0.3607
222.392301  11.245556  19.3470  17.1186  16.0798  15.6245  15.3115    0.05500000   0.00017214  16483.249    51.606274   0.160000   0.590380     895.840 0   0.606760   0.493256   0.182027   0.112804   0.082314   -18.1552   -20.2701   -20.9977   -21.3838   -21.6663     2.1149     2.8425     0.3861
222.412546  11.223443  19.7290  18.0200  17.2507  16.8901  16.6586    0.05400000   0.00015809  16187.624    47.394190   0.182855   0.674711     600.214 0   0.187405   0.129200   0.063328   0.024953   0.028880   -17.2884   -18.9392   -19.6426   -19.9648   -20.2002     1.6508     2.3542     0.3222
222.109798  11.400034  19.0031  17.8615  17.4577  17.2026  17.0234    0.05110000   0.00009209  15333.875    27.607887   0.183178   0.675903    -253.534 0   0.132013   0.031608   0.064719  -0.013357  -0.051282   -17.8641   -18.9053   -19.3422   -19.5192   -19.6605     1.0412     1.4781     0.1770
222.097334  11.128354  19.4645  17.6378  16.8077  16.4288  16.1334    0.05230000   0.00015859  15674.739    47.544086   0.184717   0.681581      87.330 0   0.175150   0.136541   0.054176   0.029738   0.035912   -17.4921   -19.2802   -20.0279   -20.3824   -20.6839     1.7881     2.5358     0.3545
222.035746  11.247481  19.9373  18.2940  17.5048  17.1441  16.9259    0.05210000   0.00015265  15623.324    45.763319   0.190706   0.703680      35.915 0   0.216125   0.151751   0.074854   0.027442   0.028251   -17.0349   -18.6138   -19.3261   -19.6394   -19.8584     1.5789     2.2912     0.3133
222.424436  11.304095  19.4212  17.6801  16.9040  16.5269  16.2666    0.05460000   0.00014451  16357.816    43.323008   0.195995   0.723197     770.407 0   0.197109   0.139212   0.065299   0.026962   0.031907   -17.6341   -19.3173   -20.0195   -20.3583   -20.6235     1.6832     2.3854     0.3388
222.061587  11.387888  19.2863  17.4749  16.6544  16.2806  15.9644    0.05070000   0.00016284  15185.327    48.818204   0.208942   0.770971    -402.082 0   0.129218   0.110149   0.041387   0.026273   0.029844   -17.5396   -19.3319   -20.0836   -20.4423   -20.7621     1.7923     2.5441     0.3587
222.176351  11.469940  18.4142  17.2631  16.8351  16.5213  16.3597    0.05250000   0.00008541  15735.836    25.605274   0.216710   0.799631     148.427 0   0.171099   0.069680   0.082171  -0.035080  -0.084686   -18.5467   -19.5964   -20.0368   -20.2334   -20.3454     1.0497     1.4902     0.1965
221.989331  11.260606  18.2200  17.1660  16.8778  16.6442  16.5356    0.05420000   0.00008653  16246.952    25.941041   0.235840   0.870220     659.543 0   0.139215   0.020100   0.074257  -0.038696  -0.017035   -18.7786   -19.7135   -20.0558   -20.1765   -20.3067     0.9349     1.2772     0.1206
222.041306  11.055797  18.5044  16.7087  15.8792  15.5076  15.2171    0.05270000   0.00016631  15810.065    49.858484   0.275202   1.015462     222.656 0   0.198966   0.149688   0.061703   0.031104   0.037895   -18.4713   -20.2177   -20.9592   -21.3002   -21.5975     1.7464     2.4879     0.3410
221.968372  11.374853  18.4314  16.5260  15.6766  15.2858  14.9876    0.05250000   0.00016997  15725.973    50.955724   0.281079   1.037147     138.564 0   0.220417   0.172289   0.063419   0.037066   0.044429   -18.5788   -20.4361   -21.1766   -21.5410   -21.8466     1.8573     2.5978     0.3644
222.365065  11.507900  18.2452  16.4891  15.6964  15.3432  15.0704    0.04610000   0.00016994  13831.405    50.946730   0.281461   1.038557   -1756.004 1   0.116116   0.089672   0.038382   0.021960   0.024714   -18.3816   -20.1113   -20.8527   -21.1895   -21.4650     1.7297     2.4711     0.3368
222.304981  10.980300  20.0323  18.4042  17.6829  17.3383  17.1303    0.05240000   0.00015984  15723.335    47.918826   0.288933   1.066126     135.926 0   0.113985   0.073330   0.038343   0.017876   0.018615   -16.8716   -18.4590   -19.1454   -19.4695   -19.6782     1.5874     2.2738     0.3241
222.425528  11.536931  18.4859  17.3134  16.9969  16.6331  16.6568    0.04610000   0.00009119  13808.351    27.338074   0.337234   1.244350   -1779.058 1   0.170283   0.053740   0.088629  -0.081607  -0.044346   -18.1951   -19.2510   -19.6024   -19.7960   -19.8096     1.0560     1.4073     0.1936
221.936941  11.436667  17.7125  15.9185  15.1293  14.7782  14.5088    0.05130000   0.00017571  15372.008    52.676533   0.337379   1.244886    -215.401 0   0.113144   0.085347   0.037463   0.021039   0.023566   -19.1186   -20.8848   -21.6261   -21.9608   -22.2327     1.7662     2.5075     0.3347
222.484508  11.499341  18.2141  16.5812  15.7998  15.4090  15.0674    0.04380000   0.00009790  13116.280    29.349682   0.346192   1.277405   -2471.129 1   0.077055   0.071297   0.026392   0.019139   0.019376   -18.2570   -19.8841   -20.6206   -21.0042   -21.3460     1.6271     2.3636     0.3835
222.583436  11.164046  19.4053  18.1039  17.3638  16.9843  16.7596    0.05480000   0.00016410  16420.023    49.195942   0.359771   1.327511     832.614 1   0.278374   0.311260   0.149397   0.042059  -0.038600   -17.7393   -19.0736   -19.6518   -19.9240   -20.0680     1.3343     1.9125     0.2722
222.494730  11.004395  18.2691  17.4219  17.1358  16.8522  16.7855    0.06140000   0.00007653  18408.486    22.943117   0.364247   1.344027    2821.077 1   0.141810   0.020894   0.075448  -0.040585  -0.017886   -18.9869   -19.7131   -20.0538   -20.2214   -20.3108     0.7263     1.0669     0.1676
221.847128  11.258987  19.4658  17.9851  17.2142  16.8280  16.5021    0.05230000   0.00021328  15670.422    63.939735   0.375304   1.384825      83.013 0   0.300375   0.245460   0.117075   0.049474   0.022168   -17.6160   -19.0418   -19.6843   -20.0029   -20.3015     1.4258     2.0683     0.3186
221.932805  11.522774  18.5367  17.4283  16.9986  16.7123  16.5310    0.05390000   0.00009141  16145.982    27.404029   0.392515   1.448330     558.573 0   0.150002   0.046094   0.070684  -0.015759  -0.069754   -18.4434   -19.4479   -19.9022   -20.1020   -20.2293     1.0045     1.4588     0.1999
222.492005  10.961315  18.8163  17.5720  17.0872  16.7732  16.6039    0.06150000   0.00017366  18446.710    52.061958   0.393884   1.453383    2859.301 1   0.163226   0.068631   0.073294  -0.009964  -0.081277   -18.4609   -19.6106   -20.1001   -20.3308   -20.4288     1.1497     1.6392     0.2307
221.969454  11.573612  19.0702  17.3254  16.5203  16.1480  15.8588    0.05520000   0.00016215  16554.240    48.611347   0.404670   1.493180     966.831 1   0.175304   0.130403   0.056077   0.027748   0.033610   -17.9831   -19.6830   -20.4137   -20.7577   -21.0528     1.6999     2.4307     0.3440
221.939939  11.558324  18.9878  17.6221  17.1980  16.9244  16.7246    0.05320000   0.00013142  15951.387    39.398725   0.412325   1.521427     363.978 0   0.145656   0.046687   0.068022  -0.009621  -0.070496   -17.9765   -19.2433   -19.6887   -19.8847   -20.0236     1.2667     1.7122     0.1960
221.823427  11.130161  17.5067  15.6907  14.8617  14.4805  14.1999    0.05360000   0.00017117  16054.995    51.315475   0.419061   1.546282     467.586 0   0.228801   0.172545   0.069736   0.035959   0.042218   -19.5614   -21.3211   -22.0473   -22.3947   -22.6816     1.7597     2.4859     0.3474
222.487331  10.906147  18.5413  16.6428  15.7966  15.4026  15.0800    0.04720000   0.00017887  14137.913    53.623877   0.434477   1.603165   -1449.497 1   0.182738   0.147596   0.054228   0.032338   0.039003   -18.1774   -20.0408   -20.7936   -21.1657   -21.4950     1.8634     2.6162     0.3721
221.785263  11.286467  18.6608  17.6051  17.2489  17.0090  16.9139    0.05100000   0.00007317  15303.745    21.935814   0.436801   1.611741    -283.664 0   0.130029   0.022609   0.066858  -0.024395  -0.029134   -18.1957   -19.1440   -19.5444   -19.6931   -19.7834     0.9483     1.3487     0.1486
222.622982  11.502229  19.8893  18.2176  17.4489  17.0941  16.8557    0.05070000   0.00015906  15208.052    47.684988   0.455563   1.680970    -379.357 0   0.176972   0.122520   0.059493   0.024665   0.028951   -16.9843   -18.6016   -19.3073   -19.6272   -19.8699     1.6172     2.3229     0.3200
221.770953  11.366797  18.8961  17.6426  17.0369  16.7067  16.5130    0.05250000   0.00009637  15726.123    28.890999   0.462589   1.706895     138.714 0   0.141280   0.070682   0.056011   0.013642  -0.016812   -18.0350   -19.2179   -19.8089   -20.0967   -20.2600     1.1829     1.7739     0.2878
221.889782  11.608303  19.6670  18.1804  17.6175  17.3105  17.1978    0.05180000   0.00019986  15517.887    59.916521   0.482443   1.780153     -69.522 0   0.082334   0.033558   0.026738   0.010864  -0.017907   -17.1544   -18.5923   -19.1483   -19.4395   -19.5234     1.4378     1.9939     0.2911
222.227591  10.761994  18.3429  17.2361  16.8508  16.6081  16.5190    0.06300000   0.00009587  18879.670    28.741103   0.497675   1.836360    3292.261 1   0.119058   0.023845   0.057878  -0.012398  -0.037542   -18.9464   -19.9580   -20.3773   -20.5497   -20.6137     1.0116     1.4309     0.1724
221.723037  11.379750  16.9387  15.4901  14.8656  14.5216  14.2807    0.05190000   0.00010202  15552.903    30.584827   0.511308   1.886661     -34.506 0   0.140574   0.075377   0.053522   0.015519  -0.000818   -19.9495   -21.3329   -21.9356   -22.2416   -22.4661     1.3834     1.9860     0.3060
221.687699  11.269111  19.0792  17.3229  16.4850  16.0311  15.6622    0.05200000   0.00015233  15594.604    45.667385   0.531747   1.962081       7.195 0   0.388945   0.323025   0.133636   0.077876   0.051300   -18.0573   -19.7476   -20.3962   -20.7943   -21.1366     1.6904     2.3389     0.3981
221.724421  11.465407  19.8916  18.1893  17.4908  17.1665  16.9650    0.04890000   0.00015966  14657.873    47.864864   0.536654   1.980185    -929.536 1   0.076720   0.042979   0.022738   0.011590   0.009690   -16.8197   -18.4883   -19.1666   -19.4797   -19.6793     1.6686     2.3468     0.3132
221.773711  11.562658  18.1739  16.4663  15.6826  15.3276  15.0667    0.05240000   0.00015777  15703.968    47.298256   0.540267   1.993519     116.559 0   0.152723   0.107592   0.051281   0.023575   0.027530   -18.7687   -20.4312   -21.1586   -21.4859   -21.7507     1.6625     2.3899     0.3273
221.707474  11.452730  18.3442  16.9033  16.3329  16.1447  15.8197    0.04860000   0.00009072  14564.427    27.197172   0.547444   2.019998   -1022.982 1   0.065963   0.023166   0.020043   0.008760  -0.024320   -18.3216   -19.7197   -20.2870   -20.4639   -20.7558     1.3981     1.9654     0.1769
221.652702  11.283404  18.2908  17.0591  16.5505  16.2163  16.0040    0.05320000   0.00010435  15958.702    31.283343   0.566485   2.090259     371.293 0   0.177516   0.095147   0.081826  -0.010378  -0.086081   -18.7054   -19.8547   -20.3500   -20.5920   -20.7286     1.1493     1.6446     0.2420
221.691863  11.028452  18.6026  16.8305  16.0360  15.6499  15.3504    0.04860000   0.00016009  14570.783    47.993775   0.576021   2.125444   -1016.626 1   0.141384   0.111205   0.045682   0.025747   0.030036   -18.1386   -19.8805   -20.6095   -20.9757   -21.2795     1.7419     2.4709     0.3662
221.637157  11.349015  18.8438  17.0388  16.1915  15.8054  15.5208    0.05170000   0.00016500  15486.199    49.465756   0.588060   2.169869    -101.210 0   0.270409   0.206237   0.083629   0.044971   0.046491   -18.1659   -19.9067   -20.6314   -20.9788   -21.2649     1.7408     2.4655     0.3474
221.627236  11.283317  17.7177  16.3904  15.7526  15.3891  15.1322    0.04480000   0.00010229  13441.465    30.665771   0.591437   2.182327   -2145.944 1   0.221628   0.170533   0.102398   0.017253  -0.045614   -18.9309   -20.2071   -20.7768   -21.0551   -21.2492     1.2762     1.8459     0.2784
221.649546  11.465968  18.3985  17.1302  16.6189  16.2738  16.0692    0.05410000   0.00009612  16220.661    28.816051   0.605323   2.233566     633.252 0   0.180297   0.102824   0.085709  -0.013558  -0.090960   -18.6413   -19.8321   -20.3263   -20.5721   -20.6993     1.1908     1.6850     0.2458
222.766509  10.948610  19.0394  17.2250  16.3914  15.9942  15.7050    0.05400000   0.00018097  16200.904    54.253441   0.611419   2.256059     613.495 0   0.235173   0.178646   0.070495   0.037811   0.043987   -18.0257   -19.7836   -20.5091   -20.8736   -21.1689     1.7579     2.4833     0.3645
221.617577  11.378096  19.3771  17.7496  17.0080  16.6834  16.4771    0.05270000   0.00015202  15803.230    45.574449   0.612004   2.258219     215.821 0   0.091120   0.057692   0.028937   0.015059   0.015275   -17.4908   -19.0848   -19.7977   -20.1084   -20.3149     1.5941     2.3069     0.3107
222.837840  11.531805  19.1167  17.7991  17.2135  16.9276  16.7960    0.06370000   0.00022833  19105.324    68.451612   0.655501   2.418715    3517.915 1   0.005708   0.002240   0.001134   0.000794  -0.000788   -18.0833   -19.3975   -19.9820   -20.2675   -20.3975     1.3141     1.8986     0.2856
222.903481  11.278983  18.9481  17.8326  17.4197  17.1519  16.9658    0.05170000   0.00007449  15502.058    22.331540   0.660999   2.439005     -85.351 0   0.146361   0.042506   0.069748  -0.015416  -0.065868   -17.9375   -18.9492   -19.3893   -19.5719   -19.7076     1.0116     1.4518     0.1826
221.597106  11.495758  17.8023  16.7019  16.2491  15.9647  15.7815    0.05400000   0.00008719  16198.476    26.138904   0.663910   2.449745     611.067 0   0.146547   0.048147   0.068092  -0.009050  -0.071605   -19.1742   -20.1762   -20.6490   -20.8562   -20.9769     1.0020     1.4747     0.2073
222.926069  11.243387  18.8660  17.6782  17.2247  16.9366  16.7555    0.04760000   0.00008451  14274.948    25.335461   0.683065   2.520424   -1312.461 1   0.152278   0.052187   0.070219  -0.011387  -0.075017   -17.8454   -18.9331   -19.4046   -19.6111   -19.7286     1.0877     1.5592     0.2065
222.741613  10.778602  19.6353  18.2287  17.5179  17.1563  16.9187    0.05310000   0.00017725  15909.296    53.138213   0.695263   2.565432     321.887 0   0.243368   0.186030   0.101999   0.028074  -0.007215   -17.4269   -18.7762   -19.4029   -19.6906   -19.8929     1.3493     1.9760     0.2877
222.665213  11.848371  17.3428  16.1440  15.6037  15.3320  15.1744    0.04730000   0.00009285  14166.273    27.835730   0.727279   2.683567   -1421.136 1   0.065126   0.022964   0.019631   0.008687  -0.023628   -19.2677   -20.4243   -20.9613   -21.2220   -21.3473     1.1566     1.6936     0.2608
221.639253  10.804000  17.7561  16.3025  15.6651  15.3211  15.0988    0.05230000   0.00016350  15690.568    49.016067   0.736938   2.719207     103.159 0   0.150176   0.082616   0.057335   0.015816   0.000038   -19.1755   -20.5615   -21.1737   -21.4761   -21.6827     1.3860     1.9982     0.3025
221.548190  11.601079  19.2250  17.3923  16.5211  16.0806  15.7406    0.05300000   0.00016930  15880.456    50.754863   0.750625   2.769714     293.047 0   0.409860   0.339485   0.137289   0.083268   0.055884   -17.9953   -19.7577   -20.4267   -20.8131   -21.1258     1.7623     2.4313     0.3865
222.879996  11.656448  18.1599  17.1352  16.8530  16.6579  16.6055    0.06290000   0.00007829  18869.477    23.470752   0.751051   2.771284    3282.068 1   0.110851   0.013531   0.055199  -0.021798  -0.009992   -19.1390   -20.0664   -20.3902   -20.5084   -20.5726     0.9274     1.2512     0.1181
222.805095  11.759507  17.7389  16.7383  16.4223  16.2101  16.0762    0.04850000   0.00007742  14531.540    23.209932   0.753785   2.781371   -1055.869 1   0.126091   0.016801   0.066435  -0.029825  -0.013710   -18.9872   -19.8785   -20.2441   -20.3600   -20.5101     0.8913     1.2569     0.1159
221.650317  10.750634  17.2790  15.9947  15.4037  15.0716  14.8387    0.05240000   0.00022215  15701.060    66.598895   0.762960   2.815226     113.651 0   0.163093   0.085428   0.065854   0.011060  -0.026798   -19.6740   -20.8806   -21.4521   -21.7294   -21.9244     1.2066     1.7781     0.2773
222.860325  11.708597  17.8844  16.7386  16.2833  16.0069  15.8474    0.06340000   0.00009372  19002.945    28.096549   0.764165   2.819673    3415.535 1   0.136036   0.044645   0.062624  -0.002155  -0.066953   -19.4569   -20.5114   -20.9846   -21.1963   -21.2910     1.0544     1.5277     0.2116
222.882712  11.686697  18.8058  17.9566  17.6028  17.3020  17.2390    0.06360000   0.00007641  19056.068    22.907142   0.769677   2.840010    3468.659 1   0.162436   0.071392   0.093386  -0.085049  -0.048306   -18.5688   -19.3270   -19.7028   -19.8251   -19.9249     0.7582     1.1340     0.1224
222.910522  11.681383  19.3035  17.6168  16.7831  16.4235  16.1255    0.06400000   0.00017716  19177.963    53.111232   0.789662   2.913754    3590.554 1   0.247898   0.185461   0.079621   0.038163   0.040766   -18.1702   -19.7945   -20.5224   -20.8405   -21.1411     1.6243     2.3521     0.3181
223.007640  11.527942  17.7306  16.5323  15.9546  15.6507  15.4339    0.04680000   0.00009573  14032.386    28.699132   0.808669   2.983889   -1555.023 1   0.117570   0.051631   0.045865   0.012712  -0.026992   -18.9305   -20.0629   -20.6348   -20.9056   -21.0827     1.1324     1.7043     0.2707
222.850022  10.712326  19.6697  18.1253  17.3449  16.8943  16.6188    0.04610000   0.00003805  13823.340    11.407103   0.818286   3.019374   -1764.069 1   0.357489   0.313070   0.140656   0.065311   0.029185   -17.1985   -18.6985   -19.3065   -19.6817   -19.9211     1.5000     2.1080     0.3753
222.497847  12.035009  18.0275  16.9389  16.6093  16.3684  16.3664    0.04790000   0.00008140  14349.596    24.403106   0.818700   3.020900   -1237.813 1   0.128246   0.019237   0.066975  -0.027992  -0.020039   -18.6689   -19.6485   -20.0258   -20.1717   -20.1817     0.9796     1.3569     0.1459
221.500185  11.680407  19.6783  17.9389  17.1527  16.7802  16.4980    0.05330000   0.00015954  15985.893    47.828889   0.830098   3.062959     398.484 0   0.151804   0.113127   0.049625   0.025309   0.029961   -17.2792   -18.9799   -19.7026   -20.0508   -20.3377     1.7007     2.4234     0.3482
222.403406  12.078897  18.2425  17.2763  16.9032  16.6529  16.5073    0.04800000   0.00007013  14396.933    21.024445   0.836739   3.087460   -1190.476 1   0.128360   0.025655   0.064302  -0.018269  -0.038366   -18.4632   -19.3267   -19.7385   -19.9062   -20.0317     0.8635     1.2752     0.1677
221.462839  10.859670  18.7254  17.6717  17.3775  17.1329  16.9568    0.04940000   0.00007415  14810.437    22.229611   0.851935   3.143535    -776.972 1   0.130838   0.017955   0.069590  -0.032703  -0.015026   -18.0455   -18.9863   -19.3321   -19.4744   -19.6682     0.9408     1.2867     0.1423
222.946723  10.743370  18.0134  16.2380  15.4205  15.0179  14.7414    0.04640000   0.00017180  13901.166    51.504344   0.872323   3.218762   -1686.243 1   0.240784   0.181148   0.074225   0.037908   0.042919   -18.7474   -20.4631   -21.1737   -21.5400   -21.8215     1.7158     2.4263     0.3663
221.939030  12.100813  18.3982  17.1470  16.6088  16.2999  16.0872    0.04640000   0.00008876  13896.490    26.609579   0.888174   3.277250   -1690.919 1   0.146924   0.064479   0.062959   0.006899  -0.054573   -18.2687   -19.4375   -19.9742   -20.2270   -20.3782     1.1688     1.7054     0.2528
221.546731  11.865213  18.4464  17.1665  16.7126  16.3982  16.2363    0.05780000   0.00020029  17322.938    60.045431   0.903039   3.332100    1735.529 1   0.167378   0.066926   0.077436  -0.022462  -0.085116   -18.7208   -19.9002   -20.3646   -20.5791   -20.6784     1.1794     1.6439     0.2145
221.652670  10.525765  19.3082  18.0967  17.5743  17.2664  17.0639    0.05340000   0.00009432  16011.735    28.276425   0.926815   3.419831     424.326 1   0.162542   0.072514   0.071352  -0.003233  -0.074134   -17.6855   -18.8069   -19.3282   -19.5615   -19.6931     1.1215     1.6427     0.2333
223.140455  11.521294  19.1393  17.4127  16.5780  16.2074  15.9233    0.05970000   0.00016157  17898.119    48.437467   0.930662   3.434024    2310.710 1   0.249869   0.188122   0.078234   0.039509   0.043000   -18.1848   -19.8496   -20.5745   -20.9063   -21.1939     1.6649     2.3897     0.3319
222.923542  10.582016  19.3050  17.6171  16.8250  16.3376  16.0174    0.05400000   0.00020701  16189.812    62.060037   0.960282   3.543319     602.403 1   0.209463   0.165601   0.060388   0.035654   0.043136   -17.7344   -19.3785   -20.0653   -20.5280   -20.8557     1.6440     2.3309     0.4627
