181.112773   1.895965  14.7761  12.7941  11.9751  11.5263  11.2053    0.01970000   0.00022502   5906.871    67.459299   0.009046   0.013276    -127.652 0   0.247936   0.191939   0.069654   0.042160   0.048743   -20.0983   -22.0243   -22.7210   -23.1423   -23.4699     1.9260     2.6227     0.4213
181.120709   1.894090  17.5941  15.5996  14.8226  14.4622  14.0692    0.02130000   0.00019233   6373.408    57.659083   0.016997   0.024944     338.885 0   0.041425   0.041380   0.014649   0.012041   0.010719   -17.2660   -19.2605   -20.0107   -20.3685   -20.7602     1.9945     2.7447     0.3578
181.072182   1.917457  19.1871  17.3894  16.6145  16.2295  15.9377    0.02110000   0.00015823   6319.505    47.436161   0.036878   0.054122     284.983 0   0.119533   0.096266   0.039270   0.023425   0.026416   -15.7305   -17.5049   -18.2228   -18.5920   -18.8868     1.7744     2.4923     0.3692
181.122798   1.939969  17.9241  16.1766  15.4312  15.0485  14.7606    0.01730000   0.00016251   5180.024    48.719272   0.043202   0.063402    -854.498 0   0.118454   0.088546   0.039310   0.021528   0.024316   -16.5581   -18.2757   -18.9718   -19.3367   -19.6274     1.7176     2.4138     0.3649
181.153049   1.892652  19.5879  17.7383  16.9650  16.5644  16.2474    0.02040000   0.00014989   6102.335    44.935892   0.048676   0.071436      67.813 0   0.066339   0.064171   0.023181   0.017641   0.017178   -15.1921   -17.0395   -17.7718   -18.1669   -18.4834     1.8474     2.5797     0.3951
181.062139   1.866669  18.7942  17.2671  16.5662  16.2145  15.9745    0.02080000   0.00017152   6242.698    51.420402   0.054648   0.080200     208.176 0   0.100327   0.062258   0.032726   0.015831   0.015684   -16.0729   -17.5619   -18.2333   -18.5681   -18.8079     1.4890     2.1604     0.3348
181.079163   1.848388  16.8058  15.0224  14.2201  13.8166  13.4727    0.02390000   0.00016812   7153.228    50.401108   0.058249   0.085484    1118.706 0   0.116723   0.102727   0.038029   0.025133   0.027907   -18.3814   -20.1508   -20.8884   -21.2790   -21.6257     1.7694     2.5070     0.3906
181.024956   1.846978  16.3721  14.4343  13.5998  13.1844  12.8538    0.01640000   0.00019239   4916.416    57.677071   0.096308   0.141339   -1118.106 0   0.212172   0.166927   0.061273   0.035848   0.043337   -18.1003   -19.9929   -20.7217   -21.1117   -21.4498     1.8926     2.6214     0.3900
181.040590   1.825956  16.0820  15.0003  14.5140  14.3114  14.1009    0.01720000   0.00011901   5154.931    35.678300   0.098569   0.144658    -879.591 0   0.051878   0.013544   0.014879   0.005001  -0.024162   -18.2994   -19.3428   -19.8304   -20.0231   -20.2045     1.0434     1.5310     0.1927
181.141792   1.801604  16.0664  14.2464  13.4768  13.0938  12.8043    0.01870000   0.00017321   5602.761    51.927052   0.105604   0.154982    -431.761 0   0.084939   0.073640   0.028476   0.019455   0.020305   -18.5643   -20.3730   -21.0975   -21.4714   -21.7618     1.8087     2.5331     0.3740
181.069667   2.002322  19.6741  17.9205  17.2357  16.9295  16.6680    0.01800000   0.00021095   5389.459    63.241219   0.107677   0.158024    -645.063 0   0.043272   0.024841   0.010992   0.006920   0.006506   -14.7982   -16.5333   -17.2043   -17.5064   -17.7675     1.7352     2.4061     0.3021
181.171686   1.996920  19.9861  18.4330  17.7447  17.4197  17.1708    0.02300000   0.00022043   6907.338    66.083252   0.117131   0.171898     872.816 0   0.035846   0.021381   0.008884   0.006011   0.005894   -15.0363   -16.5750   -17.2508   -17.5729   -17.8217     1.5386     2.2144     0.3221
181.221980   1.942277  17.6789  15.8642  15.0665  14.6707  14.3782    0.01910000   0.00015470   5732.242    46.377893   0.124122   0.182158    -302.281 0   0.155731   0.122059   0.049399   0.027454   0.032587   -17.0571   -18.8381   -19.5632   -19.9370   -20.2347     1.7810     2.5061     0.3739
181.158562   1.787716  15.5854  13.7695  12.8560  12.4907  12.0502    0.02350000   0.00019102   7044.343    57.266355   0.124934   0.183349    1009.821 0   0.390258   0.309820   0.118273   0.078518   0.060903   -19.8170   -21.5524   -22.2744   -22.5999   -23.0228     1.7355     2.4574     0.3255
181.232922   1.900854  19.0589  17.4763  16.7138  16.3299  16.0839    0.01950000   0.00016163   5833.302    48.455455   0.127852   0.187633    -201.221 0   0.253102   0.189064   0.090887   0.035220   0.028791   -15.7983   -17.3169   -17.9812   -18.3094   -18.5490     1.5186     2.1829     0.3282
180.975937   1.891256  17.1081  15.5857  14.8768  14.4666  14.1697    0.02440000   0.00012110   7323.150    36.304867   0.129330   0.189802    1288.628 0   0.252596   0.189871   0.096006   0.033087   0.018906   -18.2693   -19.7290   -20.3440   -20.6913   -20.9740     1.4597     2.0747     0.3473
180.989765   1.960861  18.4875  16.9329  16.2268  15.8997  15.5181    0.01850000   0.00015326   5538.006    45.946192   0.129984   0.190761    -496.516 0   0.008517   0.006209   0.002284   0.001814   0.001762   -16.0315   -17.5838   -18.2859   -18.6126   -18.9941     1.5523     2.2545     0.3266
181.225841   1.821297  18.1200  16.3779  15.6212  15.2598  14.9717    0.01920000   0.00015126   5769.686    45.346607   0.144484   0.212040    -264.837 0   0.077779   0.061651   0.025286   0.016598   0.017317   -16.5495   -18.2755   -18.9958   -19.3485   -19.6373     1.7260     2.4463     0.3527
181.115155   1.748494  19.1735  17.7332  17.0640  16.7440  16.5315    0.02220000   0.00015890   6645.799    47.637022   0.152444   0.223722     611.277 0   0.078029   0.042413   0.023209   0.011461   0.008555   -15.8137   -17.2184   -17.8684   -18.1767   -18.3862     1.4047     2.0547     0.3083
180.966380   1.836077  19.4258  17.9167  17.2219  16.8757  16.6314    0.01900000   0.00015911   5689.641    47.699978   0.152831   0.224291    -344.881 0   0.086481   0.052204   0.026924   0.013775   0.013205   -15.2295   -16.7043   -17.3738   -17.7069   -17.9506     1.4748     2.1443     0.3331
181.152326   2.047513  18.0786  16.5990  16.0426  15.7620  15.5552    0.02140000   0.00014528   6414.569    43.553848   0.154340   0.226505     380.047 0   0.091537   0.037359   0.031607   0.011673  -0.022320   -16.8419   -18.2673   -18.8180   -19.0786   -19.2514     1.4254     1.9761     0.2607
181.141914   1.738211  17.4311  15.7212  14.9567  14.5978  14.2884    0.02220000   0.00014876   6654.823    44.597126   0.166527   0.244391     620.301 0   0.063153   0.051514   0.020339   0.014326   0.014369   -17.5412   -19.2395   -19.9728   -20.3257   -20.6352     1.6983     2.4316     0.3529
180.934902   1.835978  16.7871  14.9725  14.1877  13.8128  13.5109    0.01930000   0.00016031   5800.115    48.059729   0.181872   0.266911    -234.408 0   0.092538   0.080047   0.030947   0.020738   0.022037   -17.8984   -19.7005   -20.4362   -20.8009   -21.1041     1.8021     2.5378     0.3647
181.287904   1.846015  19.5036  17.9122  17.1976  16.8562  16.5960    0.01980000   0.00021709   5945.904    65.081945   0.190779   0.279981     -88.619 0   0.049393   0.033076   0.013882   0.009269   0.009417   -15.1945   -16.7695   -17.4649   -17.8017   -18.0621     1.5751     2.2705     0.3368
180.948377   2.017170  17.9558  16.2932  15.5663  15.2104  14.9642    0.02080000   0.00014881   6220.753    44.612116   0.195172   0.286429     186.231 0   0.111150   0.074436   0.037038   0.018358   0.019792   -16.9221   -18.5480   -19.2375   -19.5747   -19.8224     1.6259     2.3154     0.3372
181.076110   1.699933  19.0140  17.3821  16.6479  16.3160  16.0383    0.02270000   0.00015164   6797.374    45.460528   0.202733   0.297526     762.852 0   0.064467   0.044260   0.019313   0.012169   0.012558   -15.9966   -17.6083   -18.3176   -18.6423   -18.9204     1.6117     2.3209     0.3248
181.126153   1.684001  18.7352  17.6829  17.2632  17.0662  16.8972    0.01890000   0.00009209   5669.795    27.607887   0.217628   0.319385    -364.728 0   0.087760   0.017334   0.035467  -0.001857  -0.029990   -15.8883   -16.8702   -17.3080   -17.4677   -17.6086     0.9819     1.4197     0.1597
180.886634   1.802816  18.5572  17.4713  16.9889  16.7510  16.6026    0.01980000   0.00017047   5934.901    51.105620   0.239151   0.350971     -99.621 0   0.073252   0.021159   0.024844   0.007138  -0.034703   -16.1647   -17.1985   -17.6846   -17.9048   -18.0114     1.0338     1.5199     0.2202
180.906770   2.046918  16.1556  14.3019  13.5058  13.0856  12.7760    0.01890000   0.00019989   5679.478    59.925514   0.246294   0.361455    -355.044 0   0.142708   0.120597   0.044680   0.028067   0.032488   -18.5228   -20.3544   -21.0746   -21.4782   -21.7922     1.8316     2.5518     0.4036
181.168739   2.138835  19.9581  18.0467  17.4048  17.0800  17.0567    0.02410000   0.00016341   7213.007    48.989086   0.246606   0.361911    1178.484 0   0.071043   0.034845   0.020283   0.009845   0.003149   -15.1802   -17.0554   -17.6827   -17.9971   -18.0137     1.8752     2.5025     0.3144
180.869750   1.976428  17.6435  15.9166  15.1417  14.7950  14.5143    0.02050000   0.00016407   6152.011    49.186949   0.247046   0.362558     117.489 0   0.109040   0.082265   0.036058   0.020504   0.022804   -17.1790   -18.8791   -19.6078   -19.9390   -20.2220     1.7001     2.4288     0.3311
181.104921   1.647305  18.3518  16.9825  16.3343  16.0134  15.7928    0.02330000   0.00012134   6999.704    36.376817   0.253295   0.371729     965.182 0   0.080384   0.040503   0.024229   0.011168   0.004337   -16.7315   -18.0609   -18.6929   -19.0007   -19.2145     1.3294     1.9613     0.3078
180.900048   2.049918  19.3648  17.9386  17.2165  16.9532  16.7758    0.01880000   0.00022671   5642.814    67.965948   0.253486   0.372009    -391.709 0   0.043777   0.023244   0.010795   0.006499   0.005185   -15.2246   -16.6303   -17.3399   -17.5989   -17.7750     1.4057     2.1153     0.2590
181.333997   1.778727  18.0755  16.3727  15.6863  15.3216  15.0262    0.01930000   0.00015772   5799.905    47.283266   0.259297   0.380538    -234.618 0   0.005205   0.003781   0.001393   0.001105   0.001075   -16.5227   -18.2241   -18.9081   -19.2725   -19.5679     1.7014     2.3854     0.3644
181.364701   1.948119  17.8683  16.1961  15.4676  15.1100  14.8439    0.01860000   0.00016297   5584.774    48.857177   0.263872   0.387251    -449.749 0   0.091706   0.063433   0.029509   0.016525   0.017651   -16.7457   -18.3896   -19.0842   -19.4288   -19.6960     1.6439     2.3385     0.3446
181.366351   1.861366  18.7847  17.7944  17.3928  17.1881  17.0043    0.01620000   0.00010794   4852.890    32.359598   0.264137   0.387640   -1181.632 0   0.089159   0.016253   0.036760  -0.003919  -0.026673   -15.5244   -16.4418   -16.8639   -17.0279   -17.1890     0.9174     1.3395     0.1640
180.936016   1.695061  16.2324  14.3009  13.4979  13.0917  12.7697    0.02010000   0.00018057   6035.961    54.133524   0.266027   0.390414       1.439 0   0.148930   0.125126   0.046141   0.028806   0.033611   -18.6084   -20.5161   -21.2401   -21.6290   -21.9558     1.9077     2.6317     0.3889
181.239128   1.635219  19.2035  17.7060  17.0384  16.7437  16.5460    0.02040000   0.00018442   6124.760    55.287725   0.297318   0.436335      90.238 0   0.038932   0.019752   0.009090   0.005593   0.003807   -15.5491   -17.0274   -17.6843   -17.9755   -18.1714     1.4783     2.1353     0.2912
181.339799   2.086313  16.8240  15.0963  14.3296  13.9703  13.6986    0.02180000   0.00015387   6527.651    46.129066   0.299264   0.439192     493.129 0   0.099924   0.076172   0.032904   0.019452   0.021281   -18.1239   -19.8278   -20.5512   -20.8971   -21.1706     1.7039     2.4274     0.3458
181.174527   1.602677  18.1715  16.6497  15.9397  15.5660  15.2768    0.02030000   0.00020106   6072.686    60.276272   0.305920   0.448959      38.164 0   0.159964   0.105383   0.055599   0.021810   0.023818   -16.6805   -18.1477   -18.8079   -19.1479   -19.4391     1.4672     2.1274     0.3399
180.977581   2.180964  18.6953  17.0131  16.2757  15.9073  15.6531    0.02020000   0.00015538   6058.596    46.581752   0.307931   0.451911      24.073 0   0.130315   0.091500   0.043893   0.021381   0.024259   -16.1163   -17.7596   -18.4494   -18.7953   -19.0524     1.6434     2.3332     0.3459
181.407155   1.828206  16.4109  14.5085  13.7490  13.3587  13.0807    0.02090000   0.00016476   6267.401    49.393805   0.310545   0.455747     232.879 0   0.009334   0.009446   0.003265   0.002859   0.002359   -18.3542   -20.2567   -21.0100   -21.3999   -21.6774     1.9025     2.6558     0.3899
181.083328   1.567585  16.0816  14.1298  13.2275  12.7542  12.3918    0.02080000   0.00017228   6235.413    51.648245   0.333719   0.489757     200.891 0   0.438876   0.344359   0.127081   0.089655   0.067606   -19.1240   -20.9813   -21.6663   -22.1022   -22.4426     1.8573     2.5423     0.4359
181.328458   1.637565  18.6907  17.0658  16.3786  16.0558  15.7729    0.01860000   0.00014920   5584.774    44.729035   0.345060   0.506400    -449.749 0   0.042264   0.025878   0.011026   0.007240   0.007190   -15.8738   -17.4823   -18.1547   -18.4737   -18.7565     1.6085     2.2809     0.3190
180.893344   2.179033  18.5367  17.1395  16.6282  16.3362  16.1990    0.01950000   0.00020144   5840.527    60.390193   0.349677   0.513176    -193.996 0   0.134022   0.053483   0.058094   0.007336  -0.056532   -16.2014   -17.5181   -18.0340   -18.2752   -18.3486     1.3167     1.8326     0.2412
181.069371   1.546244  17.8481  16.1274  15.4113  15.0639  14.8142    0.02040000   0.00015131   6124.010    45.361597   0.356141   0.522662      89.488 0   0.057741   0.040162   0.017026   0.011163   0.011432   -16.9233   -18.6264   -19.3193   -19.6609   -19.9109     1.7031     2.3961     0.3415
181.289392   1.559290  18.7616  17.6857  17.1483  16.8876  16.6743    0.02130000   0.00010093   6388.697    30.258053   0.387886   0.569251     354.175 0   0.172408   0.165229   0.109865  -0.024312  -0.103344   -16.2295   -17.2982   -17.7803   -17.9068   -18.0411     1.0687     1.5508     0.1265
181.498994   1.885786  19.0005  17.5777  16.8427  16.4624  16.0599    0.01950000   0.00022177   5837.769    66.484973   0.394056   0.578306    -196.754 0   0.016506   0.015663   0.005477   0.004703   0.004012   -15.6201   -17.0421   -17.7669   -18.1464   -18.5482     1.4220     2.1468     0.3795
181.353201   2.208726  18.2998  17.4797  17.1826  17.0858  17.0011    0.02290000   0.00008518   6850.797    25.536322   0.395573   0.580531     816.275 0   0.001432   0.000123   0.000318  -0.000139  -0.000047   -16.6787   -17.4975   -17.7948   -17.8911   -17.9759     0.8188     1.1161     0.0963
180.677872   1.952207  16.6564  14.8448  14.0878  13.7020  13.4180    0.01730000   0.00016101   5176.876    48.269584   0.430001   0.631058    -857.646 0   0.096231   0.077800   0.031839   0.020029   0.021656   -17.8036   -19.5967   -20.3078   -20.6817   -20.9674     1.7932     2.5042     0.3740
180.739398   2.135295  19.0602  17.4807  16.8614  16.5108  16.2687    0.02020000   0.00015293   6042.107    45.847261   0.434280   0.637338       7.585 0   0.123830   0.070185   0.043993   0.016359   0.010929   -15.7449   -17.2707   -17.8638   -18.1868   -18.4235     1.5259     2.1190     0.3230
181.419422   1.593490  16.7446  15.0238  14.2708  13.9161  13.6320    0.02050000   0.00016212   6146.015    48.602353   0.439396   0.644846     111.493 0   0.084397   0.063755   0.027290   0.016936   0.017993   -18.0533   -19.7534   -20.4700   -20.8143   -21.0995     1.7002     2.4167     0.3443
181.128436   2.343378  17.3548  16.4070  15.9817  15.8006  15.6367    0.02000000   0.00008747   5993.271    26.222846   0.443397   0.650718     -41.251 0   0.027332   0.004542   0.006566   0.000357  -0.008221   -17.3535   -18.2785   -18.7059   -18.8807   -19.0361     0.9250     1.3523     0.1749
181.324917   2.289528  17.1250  15.3217  14.5476  14.1847  13.9011    0.02000000   0.00017030   5988.174    51.054656   0.446738   0.655621     -46.348 0   0.095172   0.076878   0.031476   0.019842   0.021411   -17.6512   -19.4362   -20.1649   -20.5161   -20.8013     1.7850     2.5137     0.3513
181.419711   1.575058  16.5922  14.7396  13.9491  13.5598  13.2583    0.01940000   0.00018563   5811.237    55.650474   0.452672   0.664329    -223.285 0   0.095197   0.085175   0.031960   0.021882   0.023279   -18.0959   -19.9384   -20.6757   -21.0549   -21.3578     1.8426     2.5799     0.3792
180.641562   1.861036  17.6045  16.1178  15.4724  15.1737  14.9392    0.02030000   0.00009831   6097.809    29.472597   0.464870   0.682230      63.286 0   0.046657   0.023163   0.011493   0.006579   0.003619   -17.1342   -18.5974   -19.2311   -19.5249   -19.7565     1.4632     2.0969     0.2938
180.926080   1.457292  18.0302  17.0033  16.5602  16.3231  16.2224    0.02080000   0.00010201   6238.621    30.581829   0.478016   0.701523     204.099 0   0.083270   0.018900   0.031983   0.001858  -0.034309   -16.8198   -17.7824   -18.2385   -18.4455   -18.5101     0.9625     1.4187     0.2070
181.285273   2.345735  19.9397  18.3306  17.6498  17.3264  17.1043    0.01890000   0.00017477   5675.431    52.394728   0.480217   0.704753    -359.091 0   0.033710   0.019003   0.008071   0.005332   0.004954   -14.6298   -16.2241   -16.8940   -17.2147   -17.4364     1.5944     2.2643     0.3207
180.636335   1.748783  18.9482  17.5027  16.9119  16.6168  16.3738    0.01920000   0.00015677   5754.906    46.998464   0.492395   0.722626    -279.616 0   0.088436   0.038980   0.028886   0.011669  -0.010455   -15.7319   -17.1280   -17.7087   -17.9866   -18.2074     1.3960     1.9768     0.2779
180.998231   1.410850  16.3458  15.0252  14.4550  14.1684  13.9122    0.02230000   0.00016271   6678.057    48.779231   0.501240   0.735606     643.534 0   0.123464   0.054821   0.049205   0.012486  -0.029425   -18.6967   -19.9486   -20.5132   -20.7631   -20.9774     1.2520     1.8165     0.2499
181.526628   2.192122  18.5590  17.6689  17.3111  17.1182  17.0617    0.02090000   0.00010237   6267.521    30.689754   0.512405   0.751992     232.999 0   0.083616   0.010245   0.034745  -0.010444  -0.009535   -16.2804   -17.0971   -17.4794   -17.6271   -17.6845     0.8167     1.1990     0.1477
181.124503   2.448493  18.0278  16.7607  16.2429  16.0354  15.8948    0.02010000   0.00015892   6022.830    47.643017   0.548240   0.804581     -11.692 0   0.038636   0.011256   0.009510   0.004884  -0.017520   -16.7027   -17.9425   -18.4585   -18.6614   -18.7796     1.2397     1.7558     0.2029
181.299012   2.415792  19.7987  18.4307  17.7748  17.4842  17.3175    0.02050000   0.00024405   6147.604    73.164349   0.550474   0.807861     113.082 0   0.033682   0.015796   0.007516   0.004642   0.001509   -14.9485   -16.2986   -16.9462   -17.2339   -17.3975     1.3501     1.9977     0.2877
181.134125   2.453101  18.3457  16.6815  15.9458  15.6056  15.3377    0.02000000   0.00015079   5985.296    45.205705   0.553267   0.811959     -49.226 0   0.070330   0.049057   0.021521   0.013394   0.013915   -16.4056   -18.0485   -18.7567   -19.0888   -19.3572     1.6429     2.3511     0.3321
181.102527   2.459115  18.8282  17.6830  17.2297  17.0622  16.9742    0.02240000   0.00009647   6729.531    28.920978   0.558520   0.819669     695.009 0   0.024696   0.004714   0.005730   0.001159  -0.009138   -16.1253   -17.2505   -17.7048   -17.8678   -17.9455     1.1252     1.5795     0.1629
180.678770   1.526100  18.6889  17.4713  16.9320  16.6458  16.3990    0.01800000   0.00010711   5381.724    32.110770   0.567206   0.832416    -652.798 0   0.134189   0.056907   0.056817   0.009599  -0.047473   -15.8743   -17.0146   -17.5538   -17.7928   -17.9825     1.1403     1.6795     0.2390
181.631591   1.616628  16.8352  15.7804  15.3379  15.1415  14.9646    0.01950000   0.00009599   5846.762    28.777078   0.598024   0.877643    -187.760 0   0.064593   0.013875   0.021535   0.002289  -0.025802   -17.8335   -18.8376   -19.2877   -19.4649   -19.6137     1.0041     1.4542     0.1772
180.619640   2.288555  19.3631  17.8169  17.1409  16.8231  16.5640    0.02040000   0.00018527   6103.714    55.542549   0.621148   0.911580      69.192 0   0.042667   0.024184   0.010736   0.006740   0.006233   -15.3932   -16.9209   -17.5835   -17.8973   -18.1559     1.5277     2.1903     0.3138
180.737171   1.393809  18.9161  18.0190  17.7231  17.5838  17.5204    0.02320000   0.00009038   6958.243    27.095242   0.626089   0.918830     923.721 0   0.000633   0.000053   0.000141  -0.000063  -0.000017   -16.0686   -16.9651   -17.2611   -17.4002   -17.4636     0.8965     1.1925     0.1391
181.336930   2.534287  17.1589  15.7457  15.0382  14.6876  14.3861    0.02170000   0.00009182   6505.946    27.526943   0.674753   0.990249     471.424 0   0.254123   0.200072   0.106982   0.032547  -0.005206   -17.9331   -19.2923   -19.9067   -20.1828   -20.4466     1.3591     1.9736     0.2762
181.265823   2.567059  19.0418  18.1123  17.6898  17.4747  17.3538    0.01970000   0.00010885   5913.856    32.632409   0.685568   1.006120    -120.666 0   0.076506   0.014202   0.028641  -0.001350  -0.024429   -15.6611   -16.5283   -16.9653   -17.1504   -17.2482     0.8672     1.3041     0.1851
180.522567   1.525897  17.1623  15.4638  14.7220  14.3727  14.1133    0.01970000   0.00015292   5892.751    45.844263   0.692284   1.015976    -141.772 0   0.085255   0.060452   0.027195   0.016015   0.017022   -17.5494   -19.2231   -19.9316   -20.2697   -20.5301     1.6737     2.3822     0.3381
181.227561   1.215604  17.6263  16.3115  15.6594  15.3397  15.1013    0.02130000   0.00010809   6377.725    32.404567   0.695862   1.021228     343.202 0   0.058047   0.029519   0.015310   0.008265   0.004995   -17.2504   -18.5367   -19.1746   -19.4873   -19.7224     1.2863     1.9242     0.3127
180.873037   1.229348  17.0169  15.2566  14.4800  14.1198  13.8274    0.02000000   0.00015678   6010.269    47.001462   0.710160   1.042211     -24.253 0   0.097836   0.078209   0.032339   0.020063   0.021789   -17.7619   -19.5026   -20.2333   -20.5813   -20.8754     1.7407     2.4714     0.3479
181.497738   2.498245  16.1425  14.2681  13.4386  12.9540  12.5201    0.02040000   0.00019039   6103.025    57.077486   0.715020   1.049343      68.503 0   0.417838   0.335395   0.128902   0.085599   0.062423   -18.9890   -20.7809   -21.4039   -21.8452   -22.2559     1.7920     2.4150     0.4413
180.903934   2.630479  18.6126  17.1733  16.4892  16.1301  15.8800    0.01940000   0.00016429   5808.569    49.252903   0.757038   1.111008    -225.954 0   0.169255   0.103460   0.061821   0.018786   0.013870   -16.1495   -17.5230   -18.1655   -18.4815   -18.7267     1.3735     2.0160     0.3161
180.345429   1.925738  17.3986  16.0829  15.5586  15.2941  15.0934    0.01850000   0.00015288   5538.156    45.832271   0.759569   1.114722    -496.366 0   0.083735   0.030385   0.028830   0.010421  -0.031330   -17.1956   -18.4579   -18.9807   -19.2268   -19.3857     1.2623     1.7851     0.2461
181.667566   1.333973  18.7596  17.7993  17.4300  17.2111  17.0832    0.02210000   0.00008658   6626.433    25.956031   0.798247   1.171485     591.910 0   0.102914   0.015977   0.047598  -0.012229  -0.020931   -16.2526   -17.1260   -17.5269   -17.6860   -17.8052     0.8734     1.2743     0.1591
180.321217   2.088222  18.5611  17.4792  17.0666  16.8445  16.7466    0.02080000   0.00009406   6245.666    28.198479   0.805508   1.182140     211.144 0   0.093174   0.019392   0.038849  -0.001874  -0.033836   -16.2988   -17.3070   -17.7390   -17.9204   -17.9863     1.0081     1.4402     0.1814
180.305123   2.049902  18.8686  17.3268  16.6316  16.3015  16.0383    0.02100000   0.00015980   6292.254    47.906835   0.813260   1.193517     257.732 0   0.078640   0.047062   0.023762   0.012590   0.012013   -16.0083   -17.5185   -18.1904   -18.5093   -18.7719     1.5102     2.1821     0.3189
181.883222   1.637361  17.7722  17.3124  17.0117  17.0929  17.0016    0.01970000   0.00001390   5902.854     4.167115   0.821132   1.205070    -131.669 0   0.006177   0.000528   0.001368  -0.000602  -0.000195   -16.8604   -17.3145   -17.6161   -17.5329   -17.6246     0.4542     0.7557    -0.0832
180.456237   2.421468  19.4947  17.8806  17.3561  17.0414  16.8898    0.01830000   0.00020232   5485.782    60.654010   0.831705   1.220587    -548.740 0   0.134491   0.057642   0.056728   0.009895  -0.045840   -15.1050   -16.6422   -17.1658   -17.4337   -17.5295     1.5373     2.0608     0.2679
181.664103   1.284245  17.2814  15.5975  14.8852  14.5157  14.2461    0.01800000   0.00015989   5403.129    47.933816   0.831954   1.220952    -631.393 0   0.061991   0.044255   0.018745   0.012243   0.012589   -17.2096   -18.8758   -19.5625   -19.9255   -20.1955     1.6662     2.3530     0.3630
181.908675   1.574203  16.8592  15.0672  14.2785  13.9075  13.6326    0.02010000   0.00017455   6024.569    52.328774   0.867017   1.272410      -9.953 0   0.132868   0.102994   0.043493   0.024232   0.027979   -17.9656   -19.7277   -20.4569   -20.8086   -21.0873     1.7621     2.4913     0.3517
180.244510   2.103693  19.1143  17.4621  16.8597  16.5178  16.4733    0.02060000   0.00013657   6190.325    40.942656   0.883672   1.296852     155.802 0   0.114002   0.055356   0.041504   0.013862  -0.007095   -15.7453   -17.3389   -17.9274   -18.2417   -18.2652     1.5936     2.1821     0.3143
181.605550   1.125049  19.7770  18.3515  17.7175  17.4480  17.3089    0.02000000   0.00024985   5994.170    74.903146   0.922906   1.354431     -40.352 0   0.030096   0.013111   0.006547   0.004093  -0.000728   -14.9341   -16.3426   -16.9700   -17.2371   -17.3714     1.4085     2.0360     0.2670
180.381840   1.295860  17.8404  16.4090  15.9083  15.6391  15.4733    0.02270000   0.00017950   6806.608    53.812746   0.942388   1.383023     772.085 0   0.097081   0.034269   0.037025   0.010151  -0.041663   -17.2028   -18.5714   -19.0749   -19.3172   -19.4312     1.3686     1.8720     0.2423
180.846664   2.834512  18.9346  17.8527  17.4009  17.1830  16.9577    0.01900000   0.00008879   5697.346    26.618572   0.968946   1.421998    -337.177 0   0.084379   0.020954   0.032161   0.003748  -0.037713   -15.7186   -16.7370   -17.2001   -17.3895   -17.5734     1.0185     1.4815     0.1895
180.153022   2.146625  19.4675  17.8471  17.1647  16.8438  16.5879    0.02020000   0.00018473   6069.268    55.380661   0.982748   1.442253      34.746 0   0.039049   0.023156   0.009824   0.006487   0.006323   -15.2528   -16.8573   -17.5264   -17.8439   -18.0997     1.6045     2.2736     0.3176
180.334516   2.523865  17.0228  15.7233  15.1134  14.7758  14.5529    0.02100000   0.00009057   6285.928    27.152203   0.990682   1.453897     251.406 0   0.192831   0.120009   0.083228   0.006353  -0.045827   -17.9682   -19.1949   -19.7680   -20.0288   -20.1995     1.2267     1.7998     0.2607
180.753937   2.836382  18.0228  16.4021  15.6798  15.3136  15.0093    0.01920000   0.00015761   5770.105    47.250289   0.999399   1.466690    -264.417 0   0.033719   0.026192   0.009845   0.007610   0.007303   -16.6026   -18.2158   -18.9217   -19.2857   -19.5897     1.6132     2.3191     0.3640
182.130204   1.909423  17.7450  16.1215  15.2833  14.8574  14.5056    0.02060000   0.00011209   6183.729    33.603737   1.024678   1.503789     149.207 0   0.363893   0.307919   0.134336   0.069385   0.039941   -17.3645   -18.9320   -19.5967   -19.9576   -20.2800     1.5675     2.2321     0.3609
181.052223   0.802578  17.9853  17.0363  16.6605  16.4817  16.3455    0.00980000   0.00011464   2944.232    34.368207   1.099288   1.613284   -3090.291 1   0.041034   0.005253   0.011253  -0.002221  -0.006805   -15.1522   -16.0655   -16.4473   -16.6126   -16.7442     0.9132     1.2950     0.1653
182.178166   1.456355  17.6610  16.6162  16.1365  15.9050  15.7025    0.01850000   0.00009653   5560.790    28.938966   1.160936   1.703758    -473.732 0   0.100051   0.025107   0.042275   0.001503  -0.044295   -16.9495   -17.9194   -18.4162   -18.6070   -18.7637     0.9699     1.4667     0.1907
182.304690   1.836572  18.4566  17.2578  16.7509  16.4825  16.2193    0.01940000   0.00009474   5817.503    28.402337   1.200738   1.762170    -217.020 0   0.122656   0.045652   0.052573   0.007968  -0.054682   -16.2589   -17.3807   -17.8945   -18.1183   -18.3189     1.1218     1.6356     0.2238
179.916126   1.369462  18.6937  17.7549  17.3786  17.1732  17.1625    0.02700000   0.00011922   8079.707    35.741257   1.301528   1.910086    2045.184 1   0.078197   0.010672   0.030736  -0.007206  -0.012930   -16.7216   -17.5928   -17.9892   -18.1567   -18.1616     0.8713     1.2676     0.1675
182.479933   2.068600  18.5067  17.3382  16.8643  16.6500  16.4720    0.01810000   0.00022795   5435.387    68.337691   1.384408   2.031719    -599.135 0   0.065411   0.016589   0.021420   0.004950  -0.030033   -16.0120   -17.1317   -17.6104   -17.8083   -17.9513     1.1197     1.5984     0.1978
182.275824   1.105759  19.0854  18.0886  17.6393  17.4055  17.2714    0.02520000   0.00008662   7551.053    25.968023   1.414600   2.076027    1516.530 1   0.066530   0.015468   0.022291   0.003538  -0.028698   -16.1674   -17.1131   -17.5693   -17.7843   -17.8862     0.9457     1.4019     0.2150
182.016483   0.697602  16.8933  15.9396  15.6037  15.4240  15.3432    0.01970000   0.00008002   5896.618    23.989392   1.509004   2.214572    -137.905 0   0.092937   0.010452   0.041578  -0.014788  -0.006891   -17.8261   -18.6973   -19.0643   -19.1876   -19.2763     0.8712     1.2382     0.1233
180.883977   3.397689  17.6459  16.1093  15.4274  15.0482  14.7386    0.01940000   0.00016209   5830.963    48.593360   1.513299   2.220876    -203.559 0   0.001397   0.001020   0.000376   0.000299   0.000290   -16.9484   -18.4846   -19.1658   -19.5450   -19.8546     1.5362     2.2175     0.3791
180.539867   3.310559  18.6349  17.4395  16.8600  16.5611  16.3311    0.02030000   0.00018040   6091.423    54.082559   1.518884   2.229072      56.901 0   0.121484   0.054343   0.047815   0.012801  -0.026352   -16.1786   -17.3069   -17.8799   -18.1437   -18.3346     1.1283     1.7012     0.2639
182.410841   0.957029  18.1380  17.3480  17.0694  16.8768  16.7485    0.01950000   0.00008773   5841.216    26.300792   1.610488   2.363507    -193.306 0   0.111850   0.013901   0.055896  -0.022011  -0.010753   -16.5780   -17.2700   -17.5906   -17.7053   -17.8448     0.6921     1.0126     0.1147
182.474444   0.928511  16.7287  15.1119  14.3719  13.9654  13.5915    0.01980000   0.00010212   5921.021    30.614806   1.678770   2.463717    -113.501 0   0.024199   0.024803   0.008625   0.007415   0.006246   -17.9442   -19.5616   -20.2854   -20.6907   -21.0634     1.6174     2.3412     0.4053
182.795133   2.255531  16.0890  14.4599  13.8226  13.5067  13.2421    0.01980000   0.00016235   5937.659    48.671306   1.726089   2.533161     -96.863 0   0.000001   0.000001   0.000000   0.000000   0.000000   -18.5597   -20.1888   -20.8261   -21.1420   -21.4066     1.6291     2.2664     0.3159
180.099638   0.490671  16.9364  15.3044  14.5314  14.1421  13.8499    0.02570000   0.00017060   7710.752    51.144593   1.731341   2.540867    1676.230 1   0.197432   0.141950   0.064196   0.028135   0.033876   -18.4688   -20.0453   -20.7405   -21.0938   -21.3917     1.5765     2.2718     0.3532
182.795250   1.441677  19.5847  17.9688  17.5246  17.3967  17.3390    0.01920000   0.00014153   5747.171    42.429627   1.750547   2.569054    -287.351 0   0.052833   0.012170   0.015543   0.003542  -0.022942   -15.0598   -16.6351   -17.0826   -17.1985   -17.2298     1.5752     2.0228     0.1159
180.912703   3.645887  19.2618  17.4155  16.7331  16.3982  16.1306    0.01890000   0.00015247   5659.962    45.709356   1.755838   2.576818    -374.561 0   0.025202   0.016722   0.006499   0.004781   0.004797   -15.2991   -17.1370   -17.8091   -18.1423   -18.4099     1.8378     2.5100     0.3332
182.655194   1.064938  18.6110  17.8122  17.1145  16.9770  17.0993    0.02180000   0.00011082   6545.968    33.223000   1.760337   2.583422     511.446 0   0.008050   0.002625   0.001639   0.001155  -0.002944   -16.2450   -17.0384   -17.7351   -17.8721   -17.7457     0.7934     1.4901     0.1370
182.647143   1.028744  17.2170  16.0461  15.4547  15.1526  14.8867    0.02010000   0.00009168   6029.366    27.484973   1.770797   2.598772      -5.156 0   0.198214   0.153229   0.101617   0.001284  -0.086813   -17.6731   -18.7990   -19.3388   -19.5406   -19.7184     1.1259     1.6657     0.2018
182.832993   1.492273  15.6800  14.8724  14.1100  13.9286  13.9147    0.00720000   0.00019087   2159.885    57.221386   1.774657   2.604437   -3874.638 1   0.084146   0.341653   0.140612  -0.022143  -0.088806   -16.8440   -17.9091   -18.4704   -18.4891   -18.4363     1.0651     1.6265     0.0186
182.421107   0.657699  18.4426  16.8986  16.2237  15.8797  15.6121    0.02150000   0.00016032   6438.733    48.062727   1.809707   2.655875     404.210 0   0.002904   0.001847   0.000705   0.000530   0.000532   -16.3994   -17.9424   -18.6161   -18.9600   -19.2276     1.5429     2.2167     0.3438
182.551373   0.754027  18.9354  17.5565  16.9283  16.5910  16.3591    0.02000000   0.00012269   6000.346    36.781537   1.845081   2.707790     -34.176 0   0.115344   0.059493   0.041145   0.014549   0.001375   -15.8609   -17.1840   -17.7938   -18.1045   -18.3233     1.3230     1.9329     0.3107
182.278321   0.473282  18.8100  17.8034  17.4023  17.2105  17.0566    0.02010000   0.00026639   6034.522    79.861713   1.847270   2.711001       0.000 0   0.068464   0.010903   0.024433  -0.002917  -0.016943   -15.9504   -16.8994   -17.3140   -17.4785   -17.6184     0.9490     1.3637     0.1645
182.369364   0.533272  16.8727  15.4660  14.6927  14.2806  13.9306    0.01940000   0.00009380   5822.389    28.120533   1.861839   2.732383    -212.133 0   0.352006   0.324808   0.147789   0.064129   0.017497   -18.0722   -19.4517   -20.0479   -20.3764   -20.6798     1.3795     1.9758     0.3284
180.901051   3.756420  17.9310  16.8888  16.4846  16.2874  16.1053    0.01880000   0.00008746   5646.801    26.219848   1.866981   2.739929    -387.722 0   0.083887   0.015636   0.033302  -0.002522  -0.026406   -16.6985   -17.6725   -18.0944   -18.2557   -18.4139     0.9739     1.3958     0.1614
179.897984   3.335020  18.7873  18.1926  17.8742  17.7616  17.6724    0.01980000   0.00008319   5924.259    24.939735   1.874259   2.750610    -110.264 0   0.001024   0.000090   0.000227  -0.000096  -0.000041   -15.8624   -16.4562   -16.7747   -16.8870   -16.9762     0.5938     0.9123     0.1123
181.383284   0.039291  18.9463  17.6218  17.2460  16.9833  17.0933    0.02210000   0.00025605   6611.833    76.761859   1.881974   2.761933     577.310 1   0.145302   0.033826   0.072168  -0.025097  -0.050153   -16.1083   -17.3214   -17.7355   -17.9009   -17.7659     1.2130     1.6272     0.1654
182.404502   0.536121  19.4768  18.1105  17.4898  17.2054  17.0316    0.02070000   0.00009375   6190.954    28.105543   1.883786   2.764592     156.432 0   0.018556   0.008033   0.003695   0.002522  -0.000300   -15.2765   -16.6323   -17.2486   -17.5318   -17.7028     1.3558     1.9721     0.2832
182.766931   0.972329  15.7826  14.0674  13.3085  12.8885  12.5857    0.02040000   0.00017497   6120.983    52.454686   1.902804   2.792502      86.460 0   0.164883   0.125163   0.052645   0.027422   0.032934   -19.0959   -20.7714   -21.4578   -21.8525   -22.1609     1.6755     2.3619     0.3948
180.074989   0.294996  16.7523  15.2694  14.6203  14.2868  14.0702    0.02060000   0.00011549   6164.752    34.623031   1.907281   2.799072     130.230 0   0.084024   0.044380   0.025743   0.011960   0.007215   -18.0774   -19.5206   -20.1511   -20.4708   -20.6826     1.4433     2.0737     0.3197
182.783068   0.956864  18.6532  17.4969  16.8961  16.5756  16.2777    0.02080000   0.00019630   6238.291    58.849260   1.924436   2.824249     203.769 0   0.203661   0.182361   0.111489   0.003788  -0.089220   -16.3172   -17.4522   -17.9821   -18.1949   -18.3998     1.1350     1.6649     0.2128
182.989767   1.489247  18.8029  17.7795  17.4272  17.2463  17.2025    0.02100000   0.00012491   6290.935    37.447076   1.928121   2.829656     256.412 0   0.090220   0.011031   0.039263  -0.012331  -0.009813   -16.0855   -17.0297   -17.4103   -17.5396   -17.5859     0.9442     1.3247     0.1293
182.629704   0.672773  19.3487  17.9837  16.6865  16.3189  15.9651    0.02000000   0.00014568   5981.039    43.673765   1.956968   2.871991     -53.483 0   0.707228   0.861028   0.324240   0.174609   0.102578   -16.0395   -17.5583   -18.3187   -18.5367   -18.8185     1.5188     2.2792     0.2180
182.997710   1.350045  16.6074  15.5656  15.1229  14.9166  14.8035    0.02090000   0.00009171   6265.692    27.493966   1.970158   2.891349     231.170 0   0.033464   0.007123   0.008225   0.002204  -0.013820   -18.1818   -19.1973   -19.6411   -19.8413   -19.9384     1.0155     1.4593     0.2003
180.270802   0.113759  16.9660  15.3250  14.5879  14.1951  13.8908    0.02070000   0.00013977   6202.106    41.901992   1.971781   2.893731     167.584 0   0.144898   0.105022   0.048220   0.023727   0.027734   -17.9136   -19.5147   -20.1950   -20.5633   -20.8717     1.6011     2.2814     0.3683
181.072250   3.872942  17.1926  15.6359  14.9401  14.5440  14.2956    0.01900000   0.00016936   5705.860    50.772851   1.972614   2.894953    -328.662 0   0.204928   0.137929   0.073492   0.023043   0.020654   -17.5811   -19.0708   -19.7022   -20.0478   -20.2938     1.4897     2.1211     0.3457
183.038386   1.311495  18.0050  16.7701  16.2266  15.9896  15.7672    0.02040000   0.00028720   6124.490    86.100394   2.020127   2.964682      89.968 0   0.046629   0.015526   0.012179   0.006380  -0.018001   -16.7552   -17.9590   -18.4992   -18.7304   -18.9284     1.2038     1.7439     0.2312
182.355668   0.308181  18.9774  17.6874  17.1931  16.9653  16.7995    0.02010000   0.00009085   6027.447    27.236145   2.024412   2.970971      -7.075 0   0.074275   0.023021   0.025009   0.008185  -0.034374   -15.7888   -17.0275   -17.5238   -17.7348   -17.8580     1.2387     1.7350     0.2110
182.684724   0.625872  18.3778  16.9746  16.3739  16.1195  15.9101    0.02090000   0.00015460   6273.787    46.347914   2.029215   2.978020     239.264 0   0.033683   0.013350   0.007469   0.004646  -0.004835   -16.4116   -17.7945   -18.3893   -18.6409   -18.8408     1.3829     1.9777     0.2516
181.781470  -0.020190  18.4414  17.4450  17.1081  16.9535  17.0714    0.02090000   0.00009622   6274.896    28.846030   2.036306   2.988425     240.374 0   0.064682   0.006663   0.023201  -0.008094  -0.003914   -16.3790   -17.3174   -17.6708   -17.7941   -17.6804     0.9384     1.2918     0.1233
182.944584   0.989543  18.7814  17.5134  16.8208  16.4056  16.1128    0.02080000   0.00016066   6228.098    48.164656   2.051919   3.011339     193.576 0   0.276882   0.258610   0.130815   0.037813  -0.026189   -16.2622   -17.5120   -18.0768   -18.3990   -18.6278     1.2497     1.8145     0.3222
179.236034   2.806520  17.7281  17.1037  16.7158  16.5199  16.4365    0.01970000   0.00010422   5907.740    31.244370   2.076025   3.046717    -126.782 0   0.007448   0.000929   0.001627  -0.000265  -0.001293   -16.9058   -17.5236   -17.9122   -18.1063   -18.1886     0.6179     1.0065     0.1940
182.764078   0.624098  18.8713  17.6299  17.0891  16.8104  16.5803    0.02010000   0.00019643   6022.830    58.888233   2.092599   3.071040     -11.692 0   0.119912   0.047834   0.049491   0.010554  -0.044844   -15.9405   -17.1098   -17.6523   -17.8921   -18.0668     1.1693     1.7118     0.2398
183.045494   2.882140  18.7188  17.9381  17.6854  17.5915  17.5653    0.00700000   0.00000764   2089.583     2.290414   2.173659   3.190002   -3944.939 1   0.005272   0.000441   0.001169  -0.000530  -0.000130   -13.6740   -14.4499   -14.7033   -14.7955   -14.8221     0.7759     1.0293     0.0922
181.853310  -0.158322  16.9757  15.7906  15.3265  15.1208  14.9832    0.02120000   0.00016207   6365.823    48.587364   2.190551   3.214791     331.301 0   0.061100   0.014672   0.019418   0.004113  -0.027183   -17.8723   -19.0110   -19.4798   -19.6702   -19.7765     1.1387     1.6075     0.1904
180.946296  -0.336601  19.1808  18.0208  17.6315  17.4514  17.3896    0.02040000   0.00011491   6122.092    34.449151   2.242816   3.291495      87.569 0   0.079167   0.011978   0.031055  -0.005673  -0.016862   -15.6120   -16.7048   -17.1132   -17.2565   -17.3072     1.0928     1.5012     0.1434
180.758355   4.118607  18.6680  17.4953  17.0315  16.7720  16.6347    0.02210000   0.00018886   6638.664    56.618804   2.244902   3.294555     604.142 1   0.106712   0.031899   0.045162   0.004984  -0.051612   -16.3480   -17.4459   -17.9230   -18.1423   -18.2230     1.0979     1.5749     0.2193
183.128474   0.894215  18.4358  17.3510  16.9765  16.7554  16.6198    0.02110000   0.00012234   6314.738    36.676609   2.258928   3.315140     280.216 0   0.108522   0.020057   0.050633  -0.010002  -0.030986   -16.4708   -17.4671   -17.8722   -18.0327   -18.1473     0.9963     1.4014     0.1605
183.291291   1.192323  19.0526  17.9965  17.5846  17.3899  17.2394    0.02130000   0.00008873   6388.188    26.600585   2.297013   3.371032     353.665 1   0.071583   0.013170   0.025713  -0.000813  -0.022846   -15.8377   -16.8354   -17.2598   -17.4280   -17.5565     0.9977     1.4221     0.1682
180.979546   4.194421  18.6849  17.8035  17.4958  17.2956  17.1524    0.02820000   0.00007530   8464.730    22.574372   2.297245   3.371373    2430.208 1   0.099592   0.011723   0.046551  -0.016934  -0.008522   -16.8253   -17.6189   -17.9614   -18.0981   -18.2497     0.7935     1.1361     0.1367
179.259972   0.498335  18.6652  17.8582  17.5413  17.3991  17.3272    0.02060000   0.00009883   6179.742    29.628489   2.316621   3.399808     145.219 0   0.000452   0.000038   0.000100  -0.000046  -0.000011   -16.0809   -16.8875   -17.2044   -17.3465   -17.4184     0.8066     1.1235     0.1421
179.239552   3.280626  17.2065  16.3279  16.0606  15.9142  15.8483    0.02840000   0.00007538   8501.185    22.598355   2.319599   3.404179    2466.662 1   0.078778   0.008437   0.031817  -0.011047  -0.005176   -18.3276   -19.1359   -19.4266   -19.5301   -19.6019     0.8083     1.0989     0.1035
180.953121   4.221803  15.9246  14.7001  14.0467  13.7446  13.5124    0.01870000   0.00009681   5595.896    29.022908   2.326161   3.413810    -438.626 1   0.044243   0.020763   0.010611   0.006082   0.001570   -18.6654   -19.8665   -20.5097   -20.8073   -21.0350     1.2010     1.8443     0.2976
183.420039   2.187708  16.9674  15.6806  15.0927  14.8138  14.6478    0.02490000   0.00016456   7455.209    49.333847   2.331510   3.421659    1420.686 1   0.024867   0.009876   0.005236   0.003431  -0.003243   -18.1961   -19.4679   -20.0512   -20.3283   -20.4876     1.2718     1.8551     0.2771
180.703940   4.208032  20.0302  18.3350  17.7300  17.3885  17.2281    0.02120000   0.00020182   6342.079    60.504114   2.341990   3.437039     307.557 0   0.143263   0.074785   0.055676   0.014669  -0.008037   -14.9000   -16.5267   -17.1126   -17.4131   -17.5508     1.6267     2.2126     0.3005
180.844648   4.229793  19.4092  17.9143  17.2835  16.9045  16.6748    0.02020000   0.00018342   6051.940    54.987933   2.343682   3.439523      17.418 0   0.205672   0.135874   0.084426   0.014275  -0.017601   -15.4777   -16.9028   -17.4822   -17.7910   -17.9888     1.4251     2.0045     0.3088
180.731655   4.234054  16.2448  14.4482  13.6661  13.2617  12.9845    0.02070000   0.00018449   6212.839    55.308711   2.363099   3.468019     178.317 0   0.163004   0.125156   0.051810   0.027628   0.033108   -18.6529   -20.4117   -21.1204   -21.5006   -21.7833     1.7588     2.4675     0.3802
182.904342   0.322499  18.8349  17.7223  17.4145  17.2585  17.2004    0.02050000   0.00017863   6133.364    53.551927   2.392587   3.511294      98.842 0   0.082573   0.008942   0.034420  -0.012063  -0.005527   -15.9612   -17.0001   -17.3334   -17.4429   -17.5076     1.0390     1.3722     0.1095
181.840436  -0.376669  18.0600  17.0512  16.6431  16.4250  16.2207    0.02220000   0.00008544   6652.964    25.614268   2.392953   3.511831     618.442 1   0.104770   0.021448   0.047081  -0.005410  -0.036053   -16.9540   -17.8794   -18.3132   -18.4788   -18.6524     0.9255     1.3592     0.1656
