187.193056  51.271199  19.7660  17.8046  16.8637  16.4494  16.1225    0.08590000   0.00014486  25766.472    43.427935   0.009310   0.054547      13.101 0   0.381443   0.296103   0.108160   0.075064   0.063631   -18.4827   -20.3588   -21.1118   -21.4930   -21.8084     1.8761     2.6290     0.3812
187.168507  51.265623  19.9109  17.9625  17.0410  16.6312  16.2906    0.08540000   0.00016344  25588.066    48.998079   0.012594   0.073789    -165.306 0   0.355235   0.274087   0.099370   0.068108   0.061751   -18.2989   -20.1662   -20.9130   -21.2915   -21.6257     1.8673     2.6140     0.3785
187.190668  51.289167  18.1991  16.1883  15.2484  14.8286  14.4928    0.08270000   0.00020207  24807.226    60.579062   0.014817   0.086813    -946.145 1   0.404785   0.315652   0.115785   0.081170   0.065274   -19.9663   -21.8880   -22.6280   -23.0132   -23.3331     1.9217     2.6617     0.3852
187.197330  51.265261  18.1223  16.1790  15.2289  14.8151  14.4885    0.08650000   0.00018063  25934.686    54.151512   0.015089   0.088408     181.314 0   0.404774   0.315555   0.115689   0.081148   0.065311   -20.1623   -22.0164   -22.7666   -23.1459   -23.4566     1.8541     2.6043     0.3793
187.171826  51.291790  20.0382  17.9983  17.0642  16.6342  16.2792    0.08610000   0.00016245  25808.713    48.701285   0.016749   0.098134      55.342 0   0.409704   0.320320   0.117959   0.082561   0.065375   -18.2227   -20.1732   -20.9050   -21.2996   -21.6374     1.9505     2.6823     0.3946
187.149245  51.283985  18.7020  16.7937  15.8253  15.3939  15.0519    0.08620000   0.00016069  25854.851    48.173650   0.020988   0.122968     101.480 0   0.481486   0.381611   0.142198   0.098816   0.070373   -19.6332   -21.4416   -22.1706   -22.5586   -22.8722     1.8084     2.5374     0.3880
187.151776  51.260633  20.5249  18.4832  17.6054  17.2036  16.8917    0.08560000   0.00014457  25664.723    43.340996   0.023419   0.137212     -88.649 0   0.258483   0.199449   0.072123   0.044295   0.050323   -17.5906   -19.5732   -20.3237   -20.6977   -21.0156     1.9827     2.7331     0.3740
187.183315  51.249781  20.3858  18.4764  17.5950  17.2177  16.9161    0.08570000   0.00014335  25690.415    42.975249   0.026172   0.153341     -62.956 0   0.283002   0.217155   0.083105   0.049201   0.051108   -17.7383   -19.5818   -20.3292   -20.6726   -20.9761     1.8436     2.5909     0.3434
187.135871  51.302406  19.2312  18.0866  17.5820  17.2346  17.0744    0.08300000   0.00007890  24893.776    23.653625   0.038372   0.224822    -859.595 0   0.179094   0.131627   0.099750  -0.021619  -0.103104   -18.7192   -19.8163   -20.2890   -20.5151   -20.5938     1.0971     1.5699     0.2260
187.148891  51.318835  19.2835  17.7604  16.9923  16.5724  16.2741    0.08410000   0.00016439  25201.603    49.282882   0.047209   0.276598    -551.768 0   0.316558   0.263466   0.123110   0.054414   0.024962   -18.8515   -20.3215   -20.9492   -21.3004   -21.5693     1.4700     2.0978     0.3512
187.225117  51.318769  20.0946  18.1561  17.2374  16.8232  16.5002    0.08610000   0.00015181  25820.375    45.511493   0.051277   0.300438      67.004 0   0.369569   0.286315   0.104463   0.071952   0.062687   -18.1262   -19.9814   -20.7183   -21.1000   -21.4137     1.8552     2.5921     0.3817
187.150283  51.222774  20.0353  18.1899  17.2354  16.8044  16.5165    0.08660000   0.00013958  25966.764    41.845031   0.056304   0.329891     213.392 0   0.467871   0.387729   0.151760   0.095494   0.064293   -18.2964   -20.0616   -20.7802   -21.1549   -21.4116     1.7653     2.4838     0.3747
187.260917  51.247705  19.3339  17.3236  16.3579  15.9167  15.5424    0.08620000   0.00016229  25856.020    48.653318   0.057828   0.338816     102.649 0   0.491243   0.388904   0.144621   0.100596   0.071350   -19.0111   -20.9190   -21.6405   -22.0376   -22.3827     1.9080     2.6294     0.3972
187.189694  51.212861  20.5617  18.5705  17.6455  17.2249  16.8991    0.08530000   0.00014483  25578.412    43.418942   0.063298   0.370868    -174.959 0   0.378458   0.293033   0.106494   0.074148   0.063719   -17.6476   -19.5534   -20.2919   -20.6801   -20.9955     1.9058     2.6442     0.3883
187.088466  51.308093  19.5758  17.6688  16.7646  16.3609  16.0579    0.08700000   0.00015487  26092.257    46.428858   0.065804   0.385552     338.885 0   0.302390   0.232062   0.083682   0.054591   0.056189   -18.6190   -20.4556   -21.2115   -21.5861   -21.8907     1.8367     2.5925     0.3746
187.181784  51.347300  18.9864  17.8367  17.2115  16.8302  16.6206    0.08470000   0.00009487  25403.064    28.441310   0.071428   0.418500    -350.307 0   0.215165   0.249371   0.131880   0.014766  -0.082523   -19.0442   -20.2282   -20.7359   -21.0000   -21.1124     1.1839     1.6916     0.2642
187.333561  51.204259  20.0072  18.0225  17.0817  16.6566  16.3230    0.08670000   0.00014231  26006.246    42.663465   0.119727   0.701491     252.875 0   0.424162   0.331440   0.121689   0.085995   0.066785   -18.2833   -20.1753   -20.9063   -21.2957   -21.6101     1.8920     2.6230     0.3894
187.264064  51.162503  19.3868  17.5500  16.6539  16.2492  15.9434    0.08390000   0.00013184  25165.448    39.524638   0.124928   0.731961    -587.923 0   0.330053   0.255564   0.095353   0.061732   0.057584   -18.7380   -20.5004   -21.2362   -21.6073   -21.9090     1.7623     2.4982     0.3711
187.034985  51.365945  19.4951  17.7403  16.9398  16.5572  16.2856    0.08800000   0.00013549  26375.680    40.618880   0.127919   0.749485     622.309 0   0.223588   0.164516   0.071505   0.032944   0.038093   -18.6246   -20.3204   -21.0279   -21.3719   -21.6486     1.6957     2.4032     0.3440
187.425341  51.212597  20.2553  18.3770  17.4711  17.0785  16.7839    0.08590000   0.00014529  25749.294    43.556846   0.165902   0.972030      -4.077 0   0.328796   0.254021   0.094022   0.061345   0.057940   -17.9408   -19.7443   -20.4902   -20.8501   -21.1413     1.8035     2.5494     0.3599
187.056429  51.093240  20.3737  18.4593  17.4880  17.0126  16.6370    0.08970000   0.00014589  26900.647    43.736722   0.198371   1.162270    1147.276 1   0.542042   0.445186   0.168559   0.106523   0.074166   -18.1088   -19.9263   -20.6210   -21.0344   -21.3776     1.8175     2.5122     0.4134
187.076629  51.076532  18.8520  16.9433  16.0182  15.6016  15.2777    0.08890000   0.00013866  26664.860    41.569222   0.209610   1.228120     911.489 1   0.376868   0.291905   0.106213   0.073773   0.063501   -19.4458   -21.2695   -22.0090   -22.3931   -22.7067     1.8237     2.5631     0.3842
186.829824  51.229923  19.5828  17.5410  16.6663  16.2613  15.9475    0.08750000   0.00013915  26235.558    41.716121   0.223945   1.312111     482.186 0   0.257047   0.198345   0.071918   0.043965   0.050032   -18.5580   -20.5411   -21.2893   -21.6664   -21.9863     1.9831     2.7314     0.3770
186.838045  51.347677  19.6942  17.8312  16.9419  16.5599  16.2382    0.08630000   0.00015064  25862.526    45.160736   0.225758   1.322730     109.154 0   0.305694   0.235354   0.087751   0.055252   0.055036   -18.4889   -20.2816   -21.0233   -21.3728   -21.6943     1.7927     2.5344     0.3495
187.560402  51.263930  20.1753  18.3267  17.4315  17.0474  16.7325    0.08450000   0.00014633  25327.096    43.868630   0.238149   1.395332    -426.275 0   0.302772   0.232804   0.086160   0.054537   0.055073   -17.9590   -19.7376   -20.4862   -20.8386   -21.1541     1.7786     2.5272     0.3525
187.288880  51.553973  19.4818  17.6121  16.6927  16.2998  15.9885    0.08680000   0.00015283  26015.990    45.817281   0.286285   1.677365     262.618 0   0.332696   0.256600   0.094002   0.062323   0.058924   -18.7409   -20.5345   -21.2913   -21.6525   -21.9604     1.7936     2.5504     0.3612
187.026022  51.585226  19.3026  18.1310  17.5885  17.2430  17.0785    0.08510000   0.00009171  25521.991    27.493966   0.324033   1.898530    -231.380 0   0.189960   0.150700   0.102978  -0.007417  -0.098580   -18.7316   -19.8639   -20.3587   -20.5938   -20.6671     1.1323     1.6271     0.2351
187.506743  51.016430  19.8241  18.7881  18.4486  18.1136  18.0577    0.08990000   0.00004748  26951.852    14.234146   0.330219   1.934776    1198.480 1   0.166661   0.064466   0.091618  -0.084939  -0.047669   -18.2853   -19.2191   -19.5858   -19.7442   -19.8374     0.9338     1.3005     0.1584
186.956803  51.593080  19.6832  17.7037  16.7787  16.3586  16.0663    0.08670000   0.00014351  25986.910    43.023216   0.346620   2.030869     233.538 0   0.359183   0.277511   0.100886   0.069171   0.061975   -18.5423   -20.4402   -21.1885   -21.5769   -21.8620     1.8978     2.6462     0.3884
187.234744  50.908033  19.7321  17.6834  16.7578  16.3242  15.9672    0.09250000   0.00014694  27738.147    44.051504   0.369425   2.164489    1984.776 1   0.422352   0.330967   0.122119   0.085727   0.066265   -18.6977   -20.6550   -21.3718   -21.7690   -22.1065     1.9573     2.6741     0.3972
187.085183  51.649498  18.0405  16.4633  15.7344  15.3453  15.0320    0.08700000   0.00014017  26082.304    42.021909   0.378317   2.216584     328.932 0   0.018907   0.017060   0.006049   0.005089   0.004473   -19.8708   -21.4461   -22.1640   -22.5522   -22.8649     1.5754     2.2932     0.3881
187.770088  51.138918  18.5083  17.3712  16.9440  16.6574  16.4928    0.09350000   0.00006598  28028.646    19.780306   0.393619   2.306241    2275.275 1   0.149627   0.046128   0.070465  -0.015238  -0.069848   -19.6722   -20.7058   -21.1573   -21.3582   -21.4682     1.0336     1.4851     0.2009
187.459548  50.866981  19.5673  18.2354  17.5359  17.1430  16.8926    0.09250000   0.00015766  27745.013    47.265279   0.444677   2.605393    1991.641 1   0.273126   0.246098   0.126301   0.036230  -0.023561   -18.7133   -20.0181   -20.5978   -20.9007   -21.0913     1.3049     1.8846     0.3028
186.991896  50.838516  19.0681  17.6751  17.0074  16.6004  16.3659    0.09660000   0.00007722  28960.221    23.149974   0.452947   2.653849    3206.850 1   0.236218   0.175711   0.097709   0.024879  -0.005958   -19.2700   -20.6025   -21.1922   -21.5264   -21.7301     1.3325     1.9222     0.3342
186.568142  51.031089  18.0409  16.7928  16.2264  15.8917  15.6941    0.07510000   0.00009635  22517.591    28.885003   0.454444   2.662619   -3235.780 1   0.178721   0.098283   0.077532   0.001275  -0.061403   -19.7123   -20.8800   -21.4256   -21.6841   -21.8190     1.1677     1.7133     0.2584
187.011232  50.828342  18.2012  17.0605  16.5686  16.2433  16.0464    0.08570000   0.00005413  25687.267    16.227766   0.459849   2.694285     -66.104 0   0.177040   0.119540   0.096811  -0.025729  -0.101592   -19.8169   -20.9001   -21.3693   -21.5720   -21.6931     1.0832     1.5524     0.2028
187.377596  50.808370  19.8026  17.8823  16.9084  16.4195  16.0620    0.09240000   0.00010817  27701.992    32.428550   0.483544   2.833116    1948.621 1   0.571393   0.467372   0.174916   0.109611   0.077871   -18.7739   -20.5902   -21.2716   -21.6952   -22.0210     1.8163     2.4977     0.4236
186.486006  51.520562  18.6361  16.7845  15.8708  15.4672  15.1583    0.08580000   0.00016621  25734.784    49.828504   0.498451   2.920459     -18.587 0   0.364367   0.284242   0.105788   0.071024   0.060876   -19.5930   -21.3645   -22.0997   -22.4686   -22.7673     1.7715     2.5067     0.3688
186.610938  50.926816  20.3340  18.4818  17.6513  17.2904  16.9998    0.09180000   0.00012030  27526.344    36.065033   0.498656   2.921662    1772.973 1   0.170707   0.133815   0.052952   0.029388   0.035348   -17.8487   -19.6640   -20.4137   -20.7510   -21.0476     1.8153     2.5649     0.3373
187.833439  50.981530  19.2842  17.8509  17.1569  16.7255  16.4853    0.09630000   0.00013293  28873.281    39.851411   0.503625   2.950776    3119.910 1   0.287444   0.257254   0.128766   0.041502  -0.012051   -19.1195   -20.5226   -21.0881   -21.4322   -21.6189     1.4031     1.9686     0.3441
186.576662  50.866790  18.3685  16.8239  16.1700  15.8333  15.5939    0.09070000   0.00013301  27196.752    39.875395   0.556685   3.261653    1443.381 1   0.094406   0.051438   0.030268   0.013463   0.009052   -19.6905   -21.1922   -21.8249   -22.1448   -22.3798     1.5016     2.1344     0.3199
186.581294  51.737404  19.6322  18.1562  17.5017  17.1608  16.9375    0.08580000   0.00018847  25729.658    56.501885   0.594449   3.482918     -23.714 0   0.114392   0.062040   0.039911   0.015108   0.007437   -18.3470   -19.7706   -20.4030   -20.7191   -20.9347     1.4236     2.0560     0.3161
