159.876829  39.788607  17.9697  15.9783  15.0289  14.6089  14.2997    0.09290000   0.00019189  27865.439    57.527175   0.024150   0.149734     123.844 0   0.412737   0.322370   0.118442   0.083242   0.065791   -20.4599   -22.3609   -23.1064   -23.4912   -23.7829     1.9010     2.6465     0.3848
159.935457  39.786377  20.1034  18.3233  17.3916  16.9479  16.6548    0.09280000   0.00013405  27811.746    40.187179   0.032469   0.201315      70.151 0   0.485483   0.430915   0.172434   0.094938   0.060760   -18.4152   -20.1407   -20.8140   -21.1802   -21.4391     1.7255     2.3988     0.3662
159.847200  39.837506  20.2967  18.3198  17.4121  17.0170  16.7101    0.09410000   0.00013725  28196.110    41.146515   0.052521   0.325638     454.515 0   0.320611   0.246166   0.088724   0.059162   0.058393   -18.0898   -19.9923   -20.7425   -21.1081   -21.4142     1.9025     2.6527     0.3655
159.979041  39.800956  19.0969  17.3005  16.4160  16.0048  15.7083    0.09040000   0.00016339  27087.957    48.983090   0.060494   0.375072    -653.637 0   0.322560   0.249613   0.093725   0.059710   0.056459   -19.1805   -20.9040   -21.6326   -22.0098   -22.3030     1.7235     2.4521     0.3772
159.775888  39.835536  19.2999  17.8232  17.2007  16.8201  16.6642    0.09210000   0.00016166  27599.493    48.464449   0.100573   0.623569    -142.102 0   0.200794   0.130113   0.084189   0.011304  -0.028339   -18.8989   -20.3049   -20.8815   -21.1892   -21.3055     1.4060     1.9826     0.3077
159.997086  39.728092  19.6879  17.9082  16.9826  16.5900  16.2768    0.09170000   0.00014834  27484.373    44.471213   0.106581   0.660816    -257.222 0   0.375355   0.295590   0.111855   0.074353   0.060506   -18.6760   -20.3759   -21.1178   -21.4729   -21.7722     1.6999     2.4418     0.3551
159.769055  39.764314  19.7808  17.9417  16.9914  16.5523  16.2249    0.09320000   0.00016427  27943.775    49.246907   0.108657   0.673690     202.180 0   0.491500   0.405435   0.156603   0.099677   0.067765   -18.7557   -20.5087   -21.2102   -21.5924   -21.8878     1.7530     2.4545     0.3822
160.074330  39.809574  19.8552  17.9328  17.0272  16.6428  16.3785    0.09190000   0.00014403  27538.036    43.179108   0.133685   0.828869    -203.559 0   0.308776   0.237595   0.087745   0.056099   0.055866   -18.4655   -20.3167   -21.0724   -21.4252   -21.6892     1.8512     2.6070     0.3528
159.732707  39.857500  18.2614  16.6588  15.9107  15.5074  15.2395    0.08120000   0.00015029  24354.480    45.055809   0.139309   0.863736   -3387.115 1   0.251190   0.186954   0.089524   0.034840   0.029568   -19.7105   -21.2488   -21.8995   -22.2481   -22.5107     1.5384     2.1890     0.3486
159.881418  39.962569  19.1272  17.6821  16.9470  16.5655  16.2708    0.08220000   0.00014009  24648.516    41.997925   0.158689   0.983899   -3093.079 1   0.265920   0.208604   0.106389   0.037801   0.010643   -18.8861   -20.2739   -20.9068   -21.2197   -21.4872     1.3878     2.0207     0.3129
159.696476  39.849885  20.1754  18.3924  17.5723  17.2066  16.9738    0.08180000   0.00013795  24518.436    41.356370   0.163114   1.011333   -3223.159 1   0.234352   0.172559   0.076314   0.034368   0.037773   -17.8197   -19.5409   -20.2648   -20.5885   -20.8247     1.7212     2.4451     0.3238
159.771574  39.947892  18.1800  16.3999  15.4701  15.0693  14.7577    0.08250000   0.00016882  24738.244    50.610963   0.174201   1.080075   -3003.351 1   0.393530   0.312114   0.118718   0.079312   0.061468   -19.9928   -21.6915   -22.4279   -22.7893   -23.0831     1.6987     2.4351     0.3614
159.791462  39.626804  19.4464  18.1841  17.5492  17.1833  16.9829    0.09080000   0.00017045  27213.151    51.099624   0.196478   1.218194    -528.444 0   0.226116   0.204924   0.116578   0.016612  -0.066548   -18.7679   -20.0090   -20.5555   -20.8215   -20.9387     1.2411     1.7877     0.2659
159.774836  39.633385  19.1392  17.2314  16.2481  15.7790  15.4191    0.09080000   0.00017746  27206.615    53.201170   0.196492   1.218281    -534.980 0   0.539213   0.435039   0.163239   0.107185   0.074726   -19.3882   -21.1918   -21.9033   -22.3163   -22.6438     1.8036     2.5151     0.4130
160.071016  39.646474  19.6527  17.7984  16.8776  16.4661  16.1352    0.09270000   0.00019337  27799.215    57.970868   0.205334   1.273101      57.620 0   0.368829   0.285152   0.103528   0.071638   0.062943   -18.7494   -20.5200   -21.2592   -21.6388   -21.9610     1.7706     2.5098     0.3796
159.628083  39.784930  20.5989  18.4447  17.5527  17.0665  16.7272    0.09350000   0.00019075  28038.030    57.185411   0.210148   1.302953     296.435 0   0.486098   0.408891   0.160448   0.097915   0.065243   -17.9181   -19.9951   -20.6386   -21.0623   -21.3689     2.0770     2.7205     0.4237
160.097342  39.651674  19.4955  17.5219  16.5873  16.1738  15.8347    0.09330000   0.00015563  27980.829    46.656700   0.215069   1.333462     239.234 0   0.383780   0.297778   0.108596   0.075617   0.063940   -18.9331   -20.8207   -21.5661   -21.9467   -22.2741     1.8876     2.6330     0.3805
160.052215  40.038165  18.8690  17.3589  16.6379  16.2826  16.0172    0.10550000   0.00012964  31617.312    38.865094   0.261094   1.618822    3875.717 1   0.106123   0.068965   0.035079   0.017296   0.018104   -19.5520   -21.0249   -21.7121   -22.0496   -22.3158     1.4729     2.1601     0.3375
160.022767  39.550502  19.8378  18.0053  17.1081  16.6944  16.3818    0.09210000   0.00013973  27602.791    41.890000   0.270877   1.679479    -138.804 0   0.338948   0.261018   0.094681   0.063886   0.060107   -18.4991   -20.2537   -20.9846   -21.3675   -21.6763     1.7546     2.4854     0.3829
159.827616  40.116516  19.5566  18.0373  17.3263  16.9020  16.5884    0.08190000   0.00016483  24544.488    49.414791   0.316938   1.965065   -3197.107 1   0.284546   0.229745   0.113260   0.043923   0.015262   -18.4913   -19.9558   -20.5504   -20.9053   -21.1903     1.4645     2.0590     0.3550
160.146420  39.535536  20.3272  18.2650  17.4024  17.0258  16.6868    0.09230000   0.00013744  27664.069    41.203475   0.328757   2.038344     -77.526 0   0.215455   0.169761   0.061733   0.036581   0.044082   -17.9096   -19.9261   -20.6807   -21.0321   -21.3786     2.0165     2.7711     0.3514
159.749300  40.116786  18.7182  17.3009  16.5749  16.1797  15.9307    0.08210000   0.00016823  24623.274    50.434085   0.333122   2.065406   -3118.321 1   0.276585   0.230331   0.117826   0.039157  -0.002874   -19.3059   -20.6770   -21.2904   -21.6070   -21.8139     1.3710     1.9845     0.3165
159.461746  39.837653  19.4384  17.5714  16.5795  16.0850  15.6784    0.09260000   0.00015404  27761.411    46.180030   0.338637   2.099604      19.816 0   0.582527   0.475547   0.177167   0.110657   0.079290   -19.1539   -20.9139   -21.6075   -22.0354   -22.4107     1.7600     2.4535     0.4280
159.453532  39.794767  18.7367  17.2715  16.5362  16.1465  15.9112    0.09240000   0.00016345  27701.453    49.001077   0.343465   2.129539     -40.142 0   0.258920   0.198655   0.101289   0.035307   0.014255   -19.5273   -20.9322   -21.5702   -21.8939   -22.1081     1.4049     2.0429     0.3237
159.510276  40.013423  18.8256  16.8159  15.8454  15.4240  15.0729    0.09230000   0.00019255  27660.291    57.725038   0.365331   2.265108     -81.304 0   0.474937   0.375290   0.139436   0.097567   0.070051   -19.6707   -21.5807   -22.3154   -22.6949   -23.0185     1.9101     2.6447     0.3795
159.507099  40.030848  18.9324  17.3637  16.5660  16.1428  15.8344    0.09360000   0.00014311  28066.780    42.903299   0.377516   2.340658     325.185 0   0.353102   0.306374   0.137981   0.064374   0.029641   -19.4750   -20.9970   -21.6263   -21.9759   -22.2496     1.5220     2.1513     0.3496
159.573513  40.088584  19.7554  17.8049  16.8306  16.4373  16.0882    0.09280000   0.00018543  27831.623    55.590515   0.379145   2.350755      90.028 0   0.415374   0.324327   0.119049   0.083870   0.066072   -18.6931   -20.5526   -21.3216   -21.6797   -22.0110     1.8595     2.6285     0.3581
159.669160  39.465628  18.8372  17.5944  16.9787  16.6473  16.4466    0.09340000   0.00018918  28005.023    56.714737   0.382673   2.372632     263.428 0   0.208561   0.163033   0.102926   0.008975  -0.071316   -19.3999   -20.5972   -21.1528   -21.3902   -21.5106     1.1973     1.7529     0.2374
160.140752  40.139823  18.9819  17.8019  17.2589  16.9464  16.8301    0.08230000   0.00021041  24666.294    63.079331   0.382739   2.373044   -3075.301 1   0.141701   0.060266   0.060915   0.007505  -0.054353   -18.9126   -20.0112   -20.5548   -20.8139   -20.8684     1.0986     1.6422     0.2591
159.660679  40.155135  19.0458  17.5853  16.8594  16.4687  16.1871    0.09270000   0.00016551  27785.005    49.618650   0.396021   2.455392      43.410 0   0.275782   0.220326   0.110524   0.041041   0.012173   -19.2633   -20.6683   -21.2844   -21.6056   -21.8583     1.4050     2.0211     0.3212
159.743499  40.182891  17.5656  16.7170  16.1022  15.6692  15.4595    0.09200000   0.00099653  27572.392   298.752178   0.397082   2.461973    -169.203 0   0.151879   0.345666   0.154379  -0.000897  -0.087930   -20.5819   -21.6243   -22.0478   -22.3255   -22.4482     1.0424     1.4659     0.2777
159.488256  40.073604  19.3281  17.4917  16.5332  16.1468  15.8327    0.09330000   0.00015762  27978.911    47.253287   0.415518   2.576277     237.316 0   0.371240   0.289829   0.107691   0.072834   0.061568   -19.0880   -20.8430   -21.6193   -21.9709   -22.2737     1.7550     2.5314     0.3515
159.996967  40.214118  19.1958  17.2490  16.3553  15.9579  15.6332    0.09260000   0.00016656  27758.623    49.933432   0.416223   2.580650      17.028 0   0.286204   0.219711   0.079125   0.050601   0.054196   -19.1002   -20.9805   -21.7336   -22.1025   -22.4308     1.8803     2.6334     0.3689
160.220860  40.142156  19.0906  17.7112  16.9767  16.5204  16.2194    0.08150000   0.00010046  24431.017    30.117150   0.417815   2.590521   -3310.578 1   0.321826   0.286316   0.135623   0.053356   0.009661   -18.9628   -20.3067   -20.8905   -21.2645   -21.5218     1.3439     1.9277     0.3740
160.007670  40.217205  19.5254  17.8444  16.9376  16.4766  16.1217    0.08270000   0.00014309  24789.419    42.897303   0.420794   2.608988   -2952.176 1   0.459390   0.389894   0.156070   0.092730   0.060299   -18.6946   -20.3061   -20.9791   -21.3768   -21.6992     1.6115     2.2845     0.3977
159.557422  40.139184  20.3247  18.3917  17.4569  17.0627  16.7552    0.09260000   0.00015717  27757.424    47.118381   0.425931   2.640838      15.829 0   0.344894   0.265605   0.096083   0.065405   0.060854   -18.0300   -19.8837   -20.6490   -21.0125   -21.3154     1.8537     2.6190     0.3635
160.284807  40.117520  19.8332  18.1091  17.2784  16.8954  16.5849    0.08380000   0.00013213  25118.441    39.611577   0.430281   2.667811   -2623.154 1   0.243169   0.183254   0.074684   0.038517   0.043450   -18.2022   -19.8664   -20.5885   -20.9353   -21.2508     1.6642     2.3863     0.3468
160.137805  40.198739  19.5385  17.5553  16.5830  16.1721  15.8320    0.10460000   0.00016614  31371.782    49.807519   0.434321   2.692860    3630.187 1   0.454066   0.357519   0.132427   0.093133   0.068577   -19.2118   -21.0984   -21.8457   -22.2173   -22.5328     1.8867     2.6339     0.3716
159.489932  40.107219  19.2581  17.3061  16.3509  15.9270  15.6140    0.09280000   0.00014957  27827.575    44.839958   0.437104   2.710111      85.980 0   0.426708   0.333527   0.122482   0.086605   0.066981   -19.2017   -21.0606   -21.8047   -22.1927   -22.4861     1.8588     2.6030     0.3880
159.466174  40.095666  18.1383  16.1603  15.2280  14.7800  14.4504    0.09240000   0.00019244  27709.787    57.692061   0.442769   2.745238     -31.808 0   0.425229   0.335782   0.125400   0.086795   0.065552   -20.2920   -22.1806   -22.9025   -23.3119   -23.6202     1.8886     2.6105     0.4094
159.473462  40.103454  19.1908  17.2563  16.2334  15.7948  15.4702    0.09460000   0.00018110  28348.525    54.292414   0.443774   2.751466     606.930 1   0.553359   0.453680   0.171009   0.107815   0.075585   -19.4400   -21.2748   -22.0151   -22.3905   -22.6828     1.8348     2.5751     0.3754
160.235536  39.440035  19.1439  18.1197  17.6598  17.3338  17.1544    0.08460000   0.00008528  25347.722    25.566301   0.446258   2.766870   -2393.873 1   0.162336   0.126952   0.101996  -0.047099  -0.091467   -18.8498   -19.8386   -20.2736   -20.4505   -20.5855     0.9888     1.4238     0.1769
160.158889  40.206928  20.1718  18.4920  17.6088  17.1650  16.8707    0.08420000   0.00017825  25241.296    53.438006   0.448695   2.781982   -2500.299 1   0.429144   0.379204   0.158260   0.084925   0.049137   -18.0811   -19.7110   -20.3732   -20.7437   -21.0022     1.6299     2.2921     0.3705
159.424401  40.068157  19.9460  17.8722  16.8670  16.3898  15.9892    0.09360000   0.00015165  28047.113    45.463526   0.450807   2.795074     305.518 0   0.586174   0.468240   0.172873   0.112162   0.080174   -18.6945   -20.6504   -21.3602   -21.7767   -22.1453     1.9559     2.6657     0.4165
160.110263  40.234596  18.8660  16.8982  15.9051  15.4772  15.1163    0.10350000   0.00018636  31030.918    55.869322   0.459260   2.847484    3289.323 1   0.505127   0.400966   0.149340   0.103009   0.072384   -19.8890   -21.7527   -22.4942   -22.8757   -23.2060     1.8636     2.6051     0.3816
160.163841  40.227652  18.9827  17.6540  17.0012  16.6736  16.4408    0.08420000   0.00014796  25237.129    44.357292   0.468999   2.907870   -2504.466 1   0.095637   0.049396   0.031086   0.013081   0.005042   -18.9367   -20.2191   -20.8536   -21.1632   -21.3880     1.2825     1.9169     0.3096
160.508479  39.932963  18.7574  16.8826  15.9619  15.5539  15.2361    0.09150000   0.00015510  27430.590    46.497810   0.484447   3.003647    -311.005 0   0.353156   0.274014   0.101131   0.067852   0.060469   -19.5795   -21.3752   -22.1230   -22.4977   -22.8081     1.7957     2.5435     0.3747
160.496971  39.975603  19.9946  18.3925  17.4983  17.0128  16.7510    0.09040000   0.00017317  27102.587    51.915060   0.489159   3.032861    -639.008 1   0.475757   0.442480   0.179028   0.092801   0.055676   -18.4360   -20.0048   -20.6356   -21.0349   -21.2595     1.5688     2.1996     0.3993
160.134707  40.261385  19.7979  17.9155  17.0341  16.6398  16.3430    0.08280000   0.00014322  24812.023    42.936276   0.491005   3.044305   -2929.572 1   0.292128   0.224507   0.084347   0.051733   0.053087   -18.2814   -20.0962   -20.8375   -21.1991   -21.4973     1.8148     2.5560     0.3617
160.133639  40.272439  20.0907  18.4504  17.6353  17.2413  16.9901    0.08130000   0.00013956  24371.238    41.839035   0.501012   3.106351   -3370.357 1   0.263944   0.199795   0.088580   0.040813   0.038828   -17.9206   -19.4968   -20.2007   -20.5469   -20.7961     1.5762     2.2800     0.3462
160.251422  40.237936  18.4413  16.5704  15.6706  15.2579  14.9248    0.08010000   0.00017607  24004.952    52.784458   0.510416   3.164661   -3736.643 1   0.343539   0.264116   0.095050   0.064987   0.061005   -19.6172   -21.4087   -22.1394   -22.5221   -22.8512     1.7915     2.5222     0.3826
160.134431  40.282869  19.2484  17.3324  16.4650  16.0801  15.7819    0.08060000   0.00014923  24173.255    44.738029   0.510979   3.168150   -3568.340 1   0.259794   0.199550   0.074029   0.044151   0.049580   -18.7187   -20.5745   -21.3164   -21.6714   -21.9750     1.8558     2.5976     0.3550
159.318683  40.066666  19.5829  18.1953  17.5265  17.1530  16.9431    0.09400000   0.00015493  28177.463    46.446846   0.518114   3.212386     435.868 1   0.220854   0.155757   0.090848   0.018748  -0.010493   -18.7016   -20.0241   -20.6279   -20.9293   -21.1100     1.3225     1.9264     0.3014
160.185872  40.280852  19.4304  17.4163  16.4852  16.0632  15.7099    0.08270000   0.00018713  24800.061    56.100163   0.524351   3.251059   -2941.534 1   0.406370   0.317416   0.116761   0.081674   0.065191   -18.7366   -20.6617   -21.3922   -21.7791   -22.1159     1.9251     2.6556     0.3869
160.345640  40.224853  18.9448  17.6946  17.1264  16.8108  16.6266    0.08250000   0.00014431  24727.092    43.263050   0.541876   3.359714   -3014.503 1   0.133429   0.060082   0.054856   0.011753  -0.034582   -18.9679   -20.1448   -20.7078   -20.9803   -21.1181     1.1769     1.7398     0.2725
159.374895  40.169939  19.3738  17.6190  16.6784  16.2537  15.9241    0.08200000   0.00016802  24579.714    50.371129   0.544528   3.376156   -3161.881 1   0.463343   0.390401   0.155144   0.093815   0.061781   -18.8344   -20.5163   -21.2216   -21.5850   -21.8826     1.6819     2.3872     0.3634
160.541194  39.569759  19.0047  17.8063  17.2373  16.8774  16.7024    0.08400000   0.00009036  25172.224    27.089247   0.545381   3.381444   -2569.371 1   0.199703   0.171811   0.108426   0.000912  -0.091620   -19.0136   -20.1841   -20.6897   -20.9421   -21.0245     1.1705     1.6761     0.2524
159.719312  39.271743  18.7048  16.9191  16.0825  15.6491  15.3540    0.08340000   0.00014476  24997.864    43.397956   0.550681   3.414305   -2743.731 1   0.241539   0.186444   0.069098   0.040485   0.047152   -19.3185   -21.0491   -21.7684   -22.1732   -22.4749     1.7306     2.4499     0.4048
160.050613  40.343844  18.6992  16.7735  15.8760  15.4896  15.1726    0.08290000   0.00015421  24851.536    46.230995   0.551493   3.419342   -2890.059 1   0.297522   0.228359   0.082473   0.053380   0.055516   -19.3670   -21.2235   -21.9751   -22.3324   -22.6516     1.8565     2.6082     0.3573
159.779214  40.357666  18.9412  17.2086  16.3834  16.0178  15.7403    0.09360000   0.00015425  28063.032    46.242987   0.560897   3.477646     321.437 0   0.221181   0.163718   0.069705   0.033088   0.038980   -19.3343   -21.0094   -21.7406   -22.0696   -22.3530     1.6751     2.4063     0.3290
160.276731  40.285258  20.1429  18.1599  17.2341  16.8348  16.5324    0.10570000   0.00013277  31691.361    39.803445   0.560932   3.477864    3949.766 1   0.325401   0.249987   0.090196   0.060390   0.058886   -18.4804   -20.3880   -21.1540   -21.5235   -21.8244     1.9076     2.6736     0.3695
160.354331  40.244593  19.4575  17.6841  16.8544  16.4559  16.1615    0.08230000   0.00015198  24658.289    45.562458   0.561448   3.481065   -3083.305 1   0.248289   0.188558   0.074468   0.040370   0.045541   -18.5436   -20.2573   -20.9729   -21.3373   -21.6369     1.7137     2.4293     0.3644
160.580355  39.598316  19.2850  17.8255  17.0048  16.5503  16.2645    0.08330000   0.00009142  24975.560    27.407027   0.561577   3.481865   -2766.035 1   0.399397   0.381255   0.164658   0.075908   0.031618   -18.9147   -20.3561   -20.9602   -21.3259   -21.5674     1.4414     2.0455     0.3657
160.459452  40.170084  18.7212  16.6995  15.7222  15.2374  14.8718    0.08310000   0.00016386  24922.257    49.123992   0.563953   3.496597   -2819.338 1   0.564968   0.449507   0.166419   0.110631   0.078024   -19.6149   -21.5212   -22.2154   -22.6444   -22.9774     1.9062     2.6005     0.4290
159.802434  40.365987  18.3802  17.4651  17.0890  16.7520  16.6575    0.10580000   0.00004194  31722.839    12.573296   0.566459   3.512131    3981.244 1   0.132443   0.111617   0.098095  -0.091151  -0.055161   -20.0733   -20.9676   -21.3302   -21.4779   -21.6084     0.8943     1.2569     0.1478
160.339435  40.260719  18.7239  17.1685  16.4078  15.9968  15.7136    0.08280000   0.00014664  24808.455    43.961566   0.567297   3.517330   -2933.139 1   0.280121   0.218890   0.103391   0.044339   0.028879   -19.3434   -20.8376   -21.4828   -21.8347   -22.1025     1.4942     2.1394     0.3519
