202.099412  -1.431389  19.0487  17.6551  16.9486  16.5712  16.3683    0.08560000   0.00014323  25675.335    42.939274   0.045459   0.265972    -312.474 0   0.223526   0.156961   0.087602   0.022206   0.004543   -19.0318   -20.3589   -20.9960   -21.3080   -21.4932     1.3270     1.9642     0.3120
202.030342  -1.389571  20.4072  18.4862  17.6352  17.2720  16.9668    0.08710000   0.00013693  26107.576    41.050581   0.067330   0.393934     119.767 0   0.172129   0.139821   0.051928   0.031013   0.037126   -17.6413   -19.5300   -20.2931   -20.6354   -20.9467     1.8887     2.6518     0.3423
202.064655  -1.445940  19.3770  17.4612  16.5209  16.0908  15.7202    0.08640000   0.00016662  25913.281    49.951419   0.068419   0.400308     -74.528 0   0.463211   0.370406   0.139815   0.095419   0.067750   -18.9662   -20.7892   -21.4989   -21.8846   -22.2275     1.8230     2.5327     0.3857
202.023897  -1.428312  18.5977  17.5578  17.1052  16.8254  16.7743    0.08400000   0.00019388  25184.575    58.123762   0.084979   0.497197    -803.234 1   0.111205   0.031668   0.048768   0.002328  -0.052945   -19.3321   -20.2924   -20.7621   -20.9955   -20.9913     0.9604     1.4301     0.2334
202.168666  -1.442232  19.2898  17.3903  16.5139  16.1355  15.8431    0.08680000   0.00013438  26008.225    40.286111   0.090630   0.530264      20.416 0   0.279286   0.214156   0.080810   0.048441   0.051358   -18.8795   -20.7139   -21.4569   -21.8030   -22.0983     1.8344     2.5774     0.3460
202.032870  -1.463400  19.0843  17.2136  16.2976  15.9042  15.5782    0.08630000   0.00014679  25876.076    44.006535   0.100909   0.590403    -111.733 0   0.358087   0.280039   0.105346   0.069519   0.059572   -19.1512   -20.9439   -21.6852   -22.0427   -22.3588     1.7927     2.5340     0.3576
202.187119  -1.332146  18.7246  17.6156  17.0791  16.7782  16.5820    0.08820000   0.00008984  26447.271    26.933354   0.104435   0.611030     459.462 0   0.145818   0.061641   0.063280   0.005422  -0.059925   -19.3249   -20.3498   -20.8879   -21.1309   -21.2618     1.0248     1.5630     0.2430
202.128611  -1.282423  18.9858  17.1825  16.2844  15.8850  15.5888    0.08690000   0.00016626  26066.594    49.843494   0.108087   0.632399      78.785 0   0.337297   0.263958   0.101643   0.063968   0.056102   -19.2440   -20.9740   -21.7098   -22.0715   -22.3598     1.7300     2.4657     0.3617
202.222203  -1.434084  18.4290  16.2524  15.2838  14.8707  14.5758    0.08400000   0.00018394  25172.014    55.143825   0.133541   0.781328    -815.795 1   0.416039   0.324955   0.119338   0.084057   0.066087   -19.8056   -21.8911   -22.6541   -23.0319   -23.3088     2.0855     2.8485     0.3778
202.257453  -1.426260  20.0884  18.2461  17.3660  16.9842  16.7111    0.08410000   0.00015125  25217.312    45.343609   0.164812   0.964290    -770.497 0   0.284276   0.218236   0.085149   0.049223   0.050213   -18.0143   -19.7906   -20.5376   -20.8834   -21.1575     1.7763     2.5233     0.3459
202.256492  -1.236573  19.4288  18.0615  17.4302  17.0721  16.8408    0.08460000   0.00016373  25367.958    49.085019   0.218064   1.275858    -619.851 0   0.201910   0.131434   0.084224   0.012030  -0.025680   -18.6045   -19.9013   -20.4854   -20.7713   -20.9649     1.2968     1.8809     0.2859
201.793290  -1.461759  19.0547  17.6454  16.9641  16.5971  16.4000    0.08710000   0.00013100  26100.381    39.272812   0.313515   1.834328     112.572 0   0.209332   0.139718   0.081446   0.018973   0.001618   -19.0310   -20.3707   -20.9937   -21.2982   -21.4780     1.3397     1.9627     0.3045
202.016362  -1.701457  18.4905  16.7024  15.8219  15.3948  15.0941    0.08510000   0.00018729  25524.030    56.148129   0.325775   1.906056    -463.779 0   0.335849   0.260730   0.097670   0.063353   0.057885   -19.6896   -21.4025   -22.1200   -22.5128   -22.8080     1.7130     2.4304     0.3928
202.399395  -1.509446  19.4924  18.0315  17.2944  16.8986  16.6994    0.08210000   0.00016444  24607.505    49.297872   0.326002   1.907385   -1380.304 1   0.247446   0.183895   0.093624   0.031477   0.018763   -18.5026   -19.8999   -20.5467   -20.8804   -21.0669     1.3973     2.0442     0.3337
202.415461  -1.478394  18.9885  17.2852  16.4624  16.0974  15.8332    0.08920000   0.00015102  26740.528    45.274657   0.330942   1.936289     752.719 0   0.256426   0.192906   0.083452   0.039839   0.040750   -19.2174   -20.8571   -21.5705   -21.8919   -22.1570     1.6398     2.3531     0.3214
202.400366  -1.534994  19.4792  17.9350  16.9574  16.3926  16.0645    0.09020000   0.00014927  27026.650    44.750020   0.337381   1.973961    1038.841 1   0.592943   0.709460   0.272916   0.133593   0.084601   -19.0663   -20.7270   -21.2681   -21.6936   -21.9727     1.6607     2.2018     0.4255
202.399964  -1.536100  19.9846  18.0593  17.1975  16.8820  16.5745    0.09100000   0.00013385  27296.043    40.127221   0.337510   1.974718    1308.234 1   0.112560   0.097350   0.036955   0.024043   0.026561   -18.1209   -20.0310   -20.8324   -21.1350   -21.4450     1.9101     2.7115     0.3026
202.463841  -1.516785  19.9563  18.4919  17.6204  17.2142  16.8994    0.08670000   0.00017754  25983.012    53.225153   0.388807   2.274847      -4.797 0   0.407656   0.372169   0.159406   0.078996   0.039142   -18.3177   -19.7466   -20.4053   -20.7311   -21.0061     1.4289     2.0877     0.3258
201.867655  -1.051444  20.4052  18.5355  17.5108  17.0522  16.6765    0.08630000   0.00013677  25869.061    41.002614   0.405890   2.374800    -118.748 0   0.586157   0.466871   0.172140   0.112310   0.080254   -18.0584   -19.8088   -20.5388   -20.9375   -21.2812     1.7504     2.4804     0.3988
202.444545  -1.601955  19.2697  17.7751  17.0188  16.5930  16.3381    0.08310000   0.00016975  24917.520    50.889770   0.408601   2.390658   -1070.289 1   0.314307   0.272631   0.130384   0.051478   0.011314   -18.8158   -20.2687   -20.8827   -21.2296   -21.4444     1.4529     2.0670     0.3469
201.686466  -1.510834  17.8892  16.8156  16.3796  15.9839  15.8397    0.07820000   0.00008397  23429.080    25.173573   0.429558   2.513273   -2558.729 1   0.164449   0.140934   0.104721  -0.039187  -0.097432   -19.9167   -20.9668   -21.3666   -21.6184   -21.7043     1.0501     1.4499     0.2518
202.244553  -1.803473  19.4538  17.8345  16.9378  16.4347  16.0369    0.08190000   0.00015071  24551.623    45.181721   0.442601   2.589585   -1436.186 1   0.502695   0.438936   0.173129   0.098270   0.065017   -18.8123   -20.3678   -20.9987   -21.4270   -21.7915     1.5555     2.1864     0.4282
201.666921  -1.283310  20.4287  18.5482  17.6878  17.2915  17.0049    0.08520000   0.00013666  25532.154    40.969637   0.442617   2.589680    -455.655 0   0.270822   0.206949   0.080716   0.045821   0.048763   -17.6704   -19.4871   -20.2212   -20.5826   -20.8722     1.8166     2.5508     0.3614
201.841561  -1.008654  17.4325  15.5085  14.6017  14.1867  13.8911    0.07400000   0.00020875  22176.158    62.581676   0.455939   2.667625   -3811.651 1   0.312096   0.239379   0.086021   0.056986   0.057542   -20.4219   -22.2732   -23.0266   -23.4126   -23.7088     1.8513     2.6047     0.3860
201.709683  -1.126259  18.9104  17.4571  16.7656  16.4228  16.1374    0.07410000   0.00015481  22222.626    46.410870   0.466729   2.730756   -3765.183 1   0.048686   0.030069   0.013121   0.008368   0.008342   -18.6836   -20.1182   -20.7928   -21.1308   -21.4162     1.4347     2.1092     0.3380
201.828131  -1.001243  19.4371  17.5768  16.7025  16.3171  16.0330    0.07370000   0.00015836  22086.610    47.475134   0.469660   2.747906   -3901.199 1   0.269261   0.206370   0.077763   0.046104   0.050176   -18.3656   -20.1630   -20.9087   -21.2625   -21.5506     1.7974     2.5431     0.3537
202.437145  -1.711072  18.0478  16.8579  16.2708  15.8963  15.6879    0.08880000   0.00007732  26627.626    23.179953   0.470021   2.750021     639.817 0   0.205939   0.195802   0.115689   0.004988  -0.088798   -20.0766   -21.2564   -21.7634   -22.0272   -22.1418     1.1798     1.6867     0.2638
202.563660  -1.518799  19.2639  17.5137  16.6319  16.2290  15.9351    0.09070000   0.00015952  27199.031    47.822893   0.484493   2.834694    1211.221 1   0.328176   0.257010   0.100667   0.061422   0.054022   -19.0289   -20.7079   -21.4334   -21.7970   -22.0835     1.6790     2.4045     0.3637
202.032897  -1.886877  18.9708  17.4936  16.7923  16.4473  16.2555    0.08780000   0.00015550  26333.799    46.617727   0.505068   2.955075     345.990 0   0.123012   0.073564   0.042879   0.017273   0.015317   -19.0672   -20.4949   -21.1655   -21.4849   -21.6748     1.4278     2.0984     0.3194
202.117688  -1.890818  18.8020  17.6038  17.0470  16.7086  16.6201    0.08770000   0.00018619  26304.240    55.818358   0.505251   2.956142     316.431 0   0.182204   0.106938   0.086172  -0.010751  -0.088171   -19.2927   -20.4156   -20.9517   -21.1931   -21.2042     1.1229     1.6590     0.2415
202.578076  -1.545270  19.6239  17.6833  16.7755  16.3891  16.0907    0.08330000   0.00014532  24980.536    43.565840   0.506067   2.960920   -1007.273 1   0.298216   0.229035   0.083662   0.053494   0.055118   -18.4746   -20.3461   -21.1085   -21.4647   -21.7647     1.8714     2.6338     0.3562
201.590776  -1.351221  18.3506  17.3204  16.9426  16.6277  16.5712    0.08400000   0.00007637  25195.098    22.895150   0.507861   2.971414    -792.711 1   0.170048   0.066682   0.089733  -0.071402  -0.060724   -19.6380   -20.5648   -20.9657   -21.1195   -21.1866     0.9268     1.3277     0.1538
202.320019  -1.846792  17.9941  16.6589  15.9896  15.5957  15.3780    0.08810000   0.00014190  26410.067    42.540550   0.511667   2.993680     422.258 0   0.249511   0.208741   0.114091   0.028166  -0.029550   -20.1778   -21.4722   -22.0469   -22.3549   -22.5149     1.2944     1.8691     0.3080
202.154974  -1.899998  19.7808  18.0511  17.1779  16.7910  16.5154    0.08470000   0.00014378  25391.432    43.104160   0.517222   3.026184    -596.377 0   0.314599   0.245475   0.097533   0.057405   0.051796   -18.3493   -20.0099   -20.7351   -21.0819   -21.3519     1.6606     2.3858     0.3468
201.580248  -1.491128  19.8567  18.3938  17.7502  17.3233  17.0693    0.08370000   0.00016062  25102.162    48.152665   0.527779   3.087951    -885.647 1   0.229383   0.166394   0.094047   0.022115  -0.005959   -18.1835   -19.5834   -20.1546   -20.5096   -20.7355     1.3999     1.9712     0.3550
201.654858  -1.091925  19.8486  18.2962  17.4963  17.1126  16.8111    0.08500000   0.00014425  25479.661    43.245062   0.531378   3.109006    -508.148 0   0.305647   0.246291   0.113093   0.052811   0.032098   -18.3014   -19.7944   -20.4611   -20.7846   -21.0653     1.4930     2.1597     0.3234
202.581279  -1.142222  19.3375  18.2124  17.6835  17.2911  17.1697    0.08710000   0.00008096  26108.326    24.271197   0.541503   3.168246     120.517 0   0.179119   0.164939   0.109233  -0.017930  -0.103970   -18.7180   -19.8289   -20.3021   -20.5673   -20.6027     1.1109     1.5841     0.2652
201.797652  -0.927902  19.1353  18.0742  17.5614  17.2522  17.1082    0.07400000   0.00007694  22185.541    23.066032   0.547482   3.203231   -3802.268 1   0.166845   0.150343   0.106668  -0.033737  -0.100504   -18.5739   -19.6185   -20.0876   -20.2564   -20.3336     1.0446     1.5137     0.1688
202.344128  -1.878354  19.5274  17.5818  16.6356  16.2219  15.9018    0.08910000   0.00016390  26722.420    49.135984   0.550625   3.221620     734.611 0   0.380610   0.294831   0.107202   0.074715   0.063870   -18.8002   -20.6600   -21.4186   -21.7998   -22.1091     1.8598     2.6184     0.3812
202.102178  -1.941837  18.4763  16.6337  15.7498  15.3536  15.0713    0.08440000   0.00015927  25298.136    47.747945   0.555888   3.252415    -689.673 0   0.304647   0.235025   0.089291   0.054876   0.053897   -19.6361   -21.4091   -22.1472   -22.5090   -22.7903     1.7730     2.5111     0.3618
202.100828  -1.947219  19.5412  17.6689  16.7579  16.3450  16.0448    0.08400000   0.00014798  25196.837    44.363288   0.561261   3.283848    -790.972 1   0.329051   0.252915   0.091350   0.061325   0.059246   -18.6064   -20.4026   -21.1520   -21.5349   -21.8330     1.7962     2.5456     0.3829
201.819845  -0.876299  18.7454  16.9858  16.1846  15.7888  15.5022    0.07410000   0.00014659  22229.161    43.946576   0.580397   3.395811   -3758.648 1   0.192519   0.143995   0.060389   0.029978   0.036513   -18.9924   -20.7035   -21.4211   -21.7864   -22.0796     1.7111     2.4287     0.3654
201.520172  -1.460855  19.3970  17.5150  16.6158  16.2015  15.8988    0.08460000   0.00016404  25369.877    49.177955   0.582091   3.405722    -617.932 0   0.317233   0.243537   0.087849   0.058299   0.057967   -18.7516   -20.5599   -21.3034   -21.6882   -21.9905     1.8083     2.5518     0.3848
201.585035  -1.686319  18.7542  17.1565  16.3232  15.8936  15.5915    0.08650000   0.00014819  25932.617    44.426244   0.593950   3.475104     -55.192 0   0.383816   0.331043   0.142893   0.073937   0.041468   -19.5094   -21.0544   -21.6995   -22.0601   -22.3298     1.5449     2.1901     0.3606
