235.504890  29.901896  20.2240  18.5888  17.8284  17.4106  17.0789    0.08140000   0.00015462  24398.819    46.353910   0.001384   0.007846    -434.189 0   0.161172   0.122929   0.051550   0.027170   0.032519   -17.6872   -19.2842   -19.9732   -20.3666   -20.7037     1.5970     2.2860     0.3934
235.483940  29.919157  19.4484  17.4907  16.5572  16.0358  15.6535    0.08340000   0.00015177  25015.402    45.499501   0.025741   0.145891     182.394 0   0.553683   0.461184   0.174835   0.106910   0.075066   -18.8871   -20.7523   -21.3994   -21.8529   -22.2033     1.8652     2.5124     0.4535
235.533479  29.881338  18.7636  16.9371  15.8752  15.3632  14.9668    0.08280000   0.00017027  24829.261    51.045662   0.031652   0.179388      -3.747 0   0.685694   0.549826   0.196673   0.119214   0.092192   -19.7093   -21.3999   -22.1087   -22.5432   -22.9126     1.6906     2.3994     0.4345
235.460399  29.918102  19.8771  18.1897  17.2812  16.8490  16.7368    0.08220000   0.00016083  24629.989    48.215621   0.042040   0.238267    -203.019 0   0.416254   0.398394   0.169328   0.080332   0.037119   -18.2865   -19.9561   -20.6355   -20.9787   -21.0477     1.6695     2.3490     0.3432
235.539558  29.963677  18.8890  17.7022  17.2822  17.0064  16.9264    0.08380000   0.00009387  25114.154    28.141518   0.070064   0.397094     281.145 0   0.131119   0.034450   0.063035  -0.008904  -0.056892   -19.0343   -20.1245   -20.5730   -20.7769   -20.8089     1.0901     1.5387     0.2039
235.599142  29.908654  19.7534  17.9226  17.0219  16.5855  16.2841    0.08210000   0.00015629  24624.293    46.854563   0.082468   0.467394    -208.716 0   0.365816   0.283464   0.103615   0.071014   0.062236   -18.3599   -20.1084   -20.8292   -21.2330   -21.5257     1.7484     2.4693     0.4038
235.440865  29.966169  19.0878  17.2298  16.3075  15.8914  15.5524    0.08400000   0.00014875  25187.063    44.594128   0.085702   0.485722     354.055 0   0.389433   0.305608   0.113982   0.077741   0.062774   -19.1202   -20.8944   -21.6250   -22.0049   -22.3289     1.7742     2.5048     0.3799
235.687773  29.745442  20.1154  18.0597  17.1291  16.6945  16.3622    0.08150000   0.00016060  24424.631    48.146669   0.222063   1.258558    -408.377 0   0.426444   0.333867   0.122938   0.086636   0.066758   -18.0426   -20.0057   -20.7254   -21.1237   -21.4361     1.9631     2.6828     0.3983
235.436355  30.160982  18.8258  17.6800  17.1687  16.8396  16.6237    0.08200000   0.00010458  24580.973    31.352295   0.267033   1.513430    -252.036 0   0.181762   0.126992   0.097173  -0.017121  -0.101779   -19.1008   -20.1919   -20.6733   -20.8881   -21.0194     1.0910     1.5725     0.2148
235.319438  30.177756  18.2325  16.1434  15.1468  14.6557  14.2770    0.08250000   0.00017856  24735.696    53.530941   0.320261   1.815106     -97.313 0   0.582703   0.467061   0.172843   0.111700   0.079705   -20.1295   -22.1030   -22.8053   -23.2353   -23.5820     1.9735     2.6758     0.4300
235.407411  30.220421  19.5239  17.8962  17.1955  16.8454  16.5269    0.08190000   0.00014437  24554.501    43.281037   0.330743   1.874510    -278.507 0   0.001811   0.001342   0.000493   0.000394   0.000380   -18.2413   -19.8685   -20.5684   -20.9184   -21.2369     1.6272     2.3271     0.3500
235.584678  30.228570  18.8892  17.2291  16.6275  16.3418  16.1362    0.09430000   0.00017217  28270.189    51.615267   0.335298   1.900331    3437.180 1   0.055314   0.025291   0.014195   0.007529  -0.000012   -19.2342   -20.8643   -21.4548   -21.7338   -21.9319     1.6301     2.2206     0.2790
235.259452  30.166369  20.0077  18.1392  17.2275  16.7784  16.4504    0.08170000   0.00014393  24484.710    43.149128   0.340250   1.928397    -348.299 0   0.444161   0.368045   0.145681   0.090922   0.061094   -18.1705   -19.9629   -20.6523   -21.0466   -21.3448     1.7924     2.4817     0.3943
235.268700  30.189045  19.0667  17.1024  16.1599  15.7272  15.3984    0.08370000   0.00017915  25080.037    53.707819   0.353551   2.003780     247.029 0   0.429110   0.335771   0.123495   0.087227   0.067067   -19.1732   -21.0441   -21.7744   -22.1708   -22.4794     1.8710     2.6012     0.3964
235.973301  29.877852  19.4873  17.9106  17.0620  16.6658  16.3754    0.09540000   0.00011888  28610.513    35.639327   0.407059   2.307038    3777.505 1   0.360629   0.302661   0.131571   0.069024   0.041100   -18.9691   -20.4879   -21.1654   -21.4990   -21.7615     1.5187     2.1962     0.3337
235.556737  30.337872  19.2205  18.0966  17.5112  17.1012  16.9663    0.09590000   0.00004108  28738.435    12.315474   0.439652   2.491766    3905.426 1   0.193969   0.249608   0.132234   0.003913  -0.092539   -19.0806   -20.2602   -20.7282   -21.0099   -21.0483     1.1795     1.6476     0.2817
235.163911  30.232481  19.0625  18.0140  17.6853  17.3776  17.4207    0.09000000   0.00009212  26995.262    27.616881   0.444220   2.517656    2162.253 1   0.170732   0.046122   0.087163  -0.080133  -0.037677   -19.0771   -20.0010   -20.3707   -20.5111   -20.5105     0.9239     1.2936     0.1404
235.543931  30.349067  18.7038  16.9433  16.2337  15.8922  15.6512    0.09510000   0.00015560  28503.308    46.647706   0.449810   2.549332    3670.299 1   0.041574   0.029121   0.011679   0.008268   0.008310   -19.4267   -21.1748   -21.8669   -22.2050   -22.4461     1.7480     2.4402     0.3381
236.030648  29.882739  18.8079  17.1616  16.3677  15.9332  15.6085    0.07090000   0.00015879  21264.579    47.604044   0.456487   2.587176   -3568.430 1   0.334636   0.274001   0.120272   0.062122   0.039929   -18.9758   -20.5614   -21.2016   -21.5780   -21.8805     1.5857     2.2258     0.3763
235.932009  30.180838  19.3410  17.9991  17.4175  17.1110  16.9064    0.09610000   0.00017962  28802.860    53.848721   0.464674   2.633579    3969.852 1   0.099437   0.044068   0.034848   0.012534  -0.014708   -18.8490   -20.1356   -20.7080   -20.9921   -21.1695     1.2865     1.8589     0.2842
235.945754  30.251886  20.2369  18.5399  17.6414  17.2332  16.9385    0.09560000   0.00012696  28648.617    38.061650   0.519394   2.943710    3815.609 1   0.393419   0.326181   0.134013   0.079145   0.052612   -18.2358   -19.8655   -20.5719   -20.9252   -21.1934     1.6298     2.3361     0.3533
236.093506  29.787125  19.7489  17.8232  16.9527  16.5394  16.2204    0.08250000   0.00014471  24730.150    43.382967   0.523077   2.964584    -102.859 0   0.258882   0.199726   0.072227   0.044372   0.050376   -18.2893   -20.1558   -20.8988   -21.2843   -21.6093     1.8665     2.6095     0.3854
234.901695  29.875512  19.8868  18.1132  17.3170  16.9460  16.6953    0.08120000   0.00012929  24356.159    38.760167   0.523142   2.964947    -476.850 1   0.191743   0.136977   0.062795   0.027294   0.032758   -18.0256   -19.7444   -20.4665   -20.8020   -21.0581     1.7188     2.4409     0.3355
236.106963  29.763120  19.3398  17.5370  16.6814  16.2627  15.9495    0.08220000   0.00015293  24647.947    45.847261   0.540076   3.060923    -185.062 0   0.235656   0.183546   0.066422   0.039837   0.047110   -18.6432   -20.3939   -21.1324   -21.5245   -21.8450     1.7507     2.4892     0.3921
234.876273  29.714009  19.0220  17.4548  16.6267  16.2211  15.8727    0.08200000   0.00015035  24583.221    45.073796   0.575646   3.262520    -249.787 0   0.364524   0.306186   0.132462   0.070148   0.042123   -19.0874   -20.5963   -21.2506   -21.5939   -21.9143     1.5089     2.1632     0.3433
236.118457  29.660352  18.9921  17.6458  17.0295  16.6740  16.4362    0.08270000   0.00014287  24804.468    42.831348   0.583952   3.309595     -28.540 0   0.200960   0.130965   0.085311   0.010386  -0.032761   -18.9695   -20.2458   -20.8164   -21.0970   -21.2917     1.2763     1.8470     0.2806
236.155380  29.679663  20.2479  18.4233  17.5286  17.0780  16.7613    0.08200000   0.00014002  24568.921    41.976940   0.605965   3.434355    -264.087 0   0.434775   0.369536   0.150527   0.087580   0.055868   -17.9317   -19.6911   -20.3668   -20.7545   -21.0394     1.7594     2.4351     0.3877
235.599960  30.501582  20.0846  18.1713  17.2265  16.6889  16.2846    0.09300000   0.00017872  27878.060    53.578908   0.606696   3.438498    3045.052 1   0.595622   0.501654   0.187135   0.110468   0.080667   -18.5302   -20.3495   -20.9798   -21.4407   -21.8152     1.8193     2.4496     0.4609
236.104206  29.587426  18.9252  18.1809  17.7543  17.3573  17.2649    0.08280000   0.00007134  24829.711    21.387194   0.606922   3.439781      -3.298 0   0.067194   0.188425   0.102700  -0.085810  -0.058542   -18.9292   -19.7947   -20.1356   -20.3441   -20.4638     0.8655     1.2064     0.2085
236.162280  29.676766  19.4159  17.4104  16.4672  16.0304  15.7171    0.08260000   0.00017632  24755.632    52.859406   0.612591   3.471912     -77.376 0   0.416730   0.326278   0.120313   0.084359   0.065842   -18.7616   -20.6766   -21.4139   -21.8147   -22.1095     1.9150     2.6523     0.4008
