 13.896582   0.624500  19.2496  17.8667  17.1074  16.7264  16.4440    0.06860000   0.00018074  20558.418    54.184489   0.030492   0.140476     577.250 0   0.301399   0.264407   0.129367   0.046674   0.001021   -18.4044   -19.7503   -20.3745   -20.6729   -20.9096     1.3459     1.9702     0.2983
 13.955806   0.617392  19.8844  18.3269  17.5219  17.1172  16.8424    0.06840000   0.00016442  20493.303    49.291876   0.032669   0.150503     512.135 0   0.336608   0.280284   0.125719   0.061614   0.034677   -17.8230   -19.3242   -19.9746   -20.3152   -20.5631     1.5012     2.1516     0.3406
 13.983083   0.661217  18.7259  16.6390  15.6113  15.0963  14.7100    0.06710000   0.00017363  20124.708    52.052964   0.064147   0.295520     143.541 0   0.642789   0.515752   0.187404   0.116021   0.086787   -19.2246   -21.1844   -21.8838   -22.3274   -22.6845     1.9599     2.6592     0.4436
 13.876828   0.683322  18.6459  17.7066  17.3928  17.1139  17.0320    0.06410000   0.00006953  19222.303    20.844570   0.071712   0.330373    -758.865 0   0.166122   0.033638   0.083280  -0.066004  -0.029463   -18.7495   -19.5563   -19.9197   -20.0493   -20.1678     0.8068     1.1703     0.1296
 13.940388   0.708407  17.7206  16.5095  15.9199  15.5404  15.3376    0.06450000   0.00009320  19337.543    27.940657   0.078295   0.360698    -643.624 0   0.210404   0.190595   0.113431   0.008055  -0.082854   -19.7326   -20.9239   -21.4363   -21.7105   -21.8224     1.1913     1.7037     0.2741
 14.002541   0.578569  19.8690  18.2169  17.3550  16.9793  16.6321    0.06710000   0.00016038  20125.997    48.080714   0.092759   0.427335     144.830 0   0.336487   0.268913   0.110895   0.064025   0.049501   -17.7752   -19.3597   -20.0636   -20.3924   -20.7251     1.5845     2.2884     0.3288
 14.019216   0.648109  19.8366  18.1904  17.4195  17.0614  16.8382    0.06970000   0.00014855  20893.706    44.534170   0.094415   0.434962     912.538 1   0.192061   0.132648   0.064896   0.025236   0.029138   -17.7460   -19.3328   -20.0360   -20.3544   -20.5815     1.5868     2.2899     0.3184
 14.019245   0.592534  19.0326  17.4695  16.7147  16.3386  16.0586    0.05610000   0.00015875  16804.117    47.592053   0.100747   0.464135   -3177.051 1   0.227577   0.162996   0.079018   0.029893   0.029547   -18.1083   -19.6068   -20.2776   -20.6046   -20.8842     1.4985     2.1693     0.3270
 13.882750   0.723006  19.5919  18.1588  17.4233  16.9953  16.7277    0.06490000   0.00019664  19461.717    58.951189   0.101432   0.467287    -519.450 0   0.307130   0.268419   0.130042   0.048750   0.005348   -17.9502   -19.3446   -19.9418   -20.2885   -20.5127     1.3944     1.9915     0.3467
 14.016516   0.714335  19.8967  18.2676  17.4955  17.0796  16.8018    0.06560000   0.00015755  19662.548    47.232302   0.122555   0.564601    -318.619 0   0.262642   0.198533   0.088277   0.040407   0.038495   -17.6456   -19.2106   -19.8724   -20.2405   -20.5164     1.5650     2.2268     0.3680
 14.048128   0.681977  17.8221  15.7021  14.8598  14.4261  14.1459    0.06730000   0.00020056  20188.174    60.126375   0.131917   0.607733     207.007 0   0.234495   0.182482   0.066373   0.039534   0.046787   -19.7266   -21.7946   -22.5208   -22.9276   -23.2151     2.0680     2.7942     0.4069
 14.107473   0.680603  20.1071  18.2355  17.3951  16.9849  16.6879    0.06770000   0.00016919  20310.879    50.721886   0.187740   0.864902     329.712 0   0.238793   0.183352   0.069506   0.039462   0.045990   -17.4801   -19.2962   -20.0228   -20.4029   -20.7065     1.8162     2.5427     0.3802
 14.113996   0.623038  19.5534  17.6965  16.8372  16.4584  16.1938    0.06490000   0.00016079  19466.664    48.203629   0.187884   0.865566    -514.504 0   0.261717   0.199390   0.078637   0.043490   0.047158   -17.9433   -19.7379   -20.4764   -20.8201   -21.0884     1.7946     2.5331     0.3437
 13.854060   0.824478  19.0603  17.8322  17.2543  16.8991  16.7126    0.06700000   0.00015353  20088.463    46.027136   0.206151   0.949721     107.296 0   0.200133   0.150627   0.099835   0.003506  -0.080714   -18.4655   -19.6441   -20.1712   -20.4301   -20.5324     1.1786     1.7057     0.2589
 13.661222   0.618680  18.4133  17.0328  16.3855  15.9871  15.7716    0.06690000   0.00014747  20058.454    44.210394   0.265353   1.222461      77.286 0   0.225244   0.163093   0.094691   0.019624  -0.015166   -19.1131   -20.4315   -21.0104   -21.3337   -21.5144     1.3183     1.8972     0.3233
 13.710311   0.473879  20.0121  18.2145  17.3386  16.9090  16.6126    0.07940000   0.00015686  23797.675    47.025445   0.267302   1.231438    3816.508 1   0.340480   0.267452   0.103827   0.064954   0.055712   -18.0030   -19.7276   -20.4399   -20.8306   -21.1178     1.7246     2.4368     0.3907
 14.162176   0.478535  18.7681  16.9772  16.1221  15.7488  15.4639    0.06710000   0.00016348  20104.922    49.010071   0.281073   1.294882     123.754 0   0.256694   0.194400   0.079315   0.041540   0.044788   -18.7963   -20.5249   -21.2649   -21.6004   -21.8886     1.7286     2.4686     0.3355
 13.748087   0.852215  18.9004  17.5827  16.9809  16.6258  16.4021    0.06650000   0.00014850  19949.449    44.519180   0.283750   1.307213     -31.718 0   0.201367   0.136921   0.091145   0.005964  -0.054848   -18.5891   -19.8423   -20.3984   -20.6683   -20.8312     1.2533     1.8093     0.2699
 13.693898   0.427173  18.6007  16.7405  15.8822  15.4483  15.1867    0.05590000   0.00017221  16772.998    51.627259   0.309360   1.425197   -3208.169 1   0.261787   0.201864   0.072765   0.044997   0.050888   -18.5666   -20.3668   -21.0960   -21.5022   -21.7697     1.8003     2.5295     0.4061
 14.086555   0.906185  17.7202  16.1351  15.3732  14.9843  14.7276    0.06370000   0.00015733  19107.332    47.166347   0.318110   1.465508    -873.835 1   0.238274   0.173831   0.082658   0.032541   0.031273   -19.7124   -21.2331   -21.9038   -22.2426   -22.4980     1.5207     2.1914     0.3388
 14.258698   0.476129  19.3158  17.6908  16.8576  16.4426  16.1640    0.06670000   0.00016740  19984.015    50.185257   0.366866   1.690120       2.848 0   0.344293   0.285851   0.125902   0.064431   0.038764   -18.3197   -19.8863   -20.5595   -20.9131   -21.1660     1.5666     2.2398     0.3535
 13.695368   0.336538  18.5561  16.6766  15.8187  15.4141  15.0787    0.06300000   0.00018014  18890.133    54.004613   0.374508   1.725328   -1091.035 1   0.234952   0.182969   0.066338   0.039682   0.046952   -18.8491   -20.6766   -21.4179   -21.7958   -22.1385     1.8275     2.5688     0.3779
 13.699487   0.302401  18.4914  17.3627  17.0058  16.7159  16.5912    0.06340000   0.00007538  19009.120    22.598355   0.399584   1.840851    -972.047 1   0.165493   0.042612   0.080768  -0.050683  -0.050900   -18.8794   -19.8852   -20.2803   -20.4387   -20.5632     1.0058     1.4009     0.1584
 14.300212   0.798747  19.1972  17.3568  16.4908  16.0914  15.7845    0.06880000   0.00017281  20635.524    51.807135   0.409647   1.887210     654.357 0   0.263620   0.201587   0.077334   0.044487   0.048694   -18.4499   -20.2283   -20.9700   -21.3366   -21.6477     1.7784     2.5201     0.3666
 14.211757   0.323945  19.7085  18.1724  17.4898  17.0872  16.7835    0.06660000   0.00017369  19969.356    52.070952   0.419532   1.932748     -11.812 0   0.247401   0.185566   0.097318   0.030364   0.010397   -17.8303   -19.3045   -19.8989   -20.2345   -20.5183     1.4743     2.0686     0.3356
 14.381175   0.765540  17.9460  16.0016  15.1270  14.7071  14.4058    0.06340000   0.00020399  19001.086    61.154664   0.474230   2.184738    -980.082 1   0.291143   0.223450   0.080451   0.051809   0.054838   -19.5505   -21.4272   -22.1588   -22.5500   -22.8543     1.8767     2.6083     0.3913
 14.095067   1.094190  18.6699  17.5591  17.3048  17.0459  16.9583    0.05890000   0.00008323  17664.761    24.951726   0.492610   2.269415   -2316.406 1   0.150262   0.024309   0.078527  -0.046811  -0.022061   -18.5039   -19.4887   -19.7972   -19.9308   -20.0431     0.9848     1.2934     0.1336
 13.699239   1.069480  19.5311  17.8449  17.0351  16.6585  16.3627    0.06380000   0.00015311  19123.701    45.901223   0.493422   2.273157    -857.466 1   0.235996   0.175452   0.074928   0.035779   0.040171   -17.8991   -19.5247   -20.2340   -20.5715   -20.8717     1.6257     2.3349     0.3375
 14.379088   0.424583  19.5640  17.8787  17.0083  16.6023  16.3066    0.07980000   0.00015942  23937.618    47.792914   0.497769   2.293182    3956.451 1   0.346549   0.279389   0.115711   0.066791   0.049413   -18.4681   -20.0863   -20.7930   -21.1501   -21.4284     1.6181     2.3249     0.3571
 14.403312   0.413467  20.1069  18.2802  17.2949  16.8058  16.4493    0.06670000   0.00018175  19996.247    54.487279   0.524421   2.415964      15.080 0   0.592840   0.498186   0.186038   0.110209   0.080262   -17.7772   -19.5092   -20.1824   -20.5956   -20.9222     1.7320     2.4052     0.4133
 14.166201   0.141242  19.1853  17.7642  17.0523  16.6719  16.4069    0.07140000   0.00016207  21413.546    48.587364   0.545709   2.514037    1432.378 1   0.259234   0.204231   0.107281   0.034791   0.000727   -18.5171   -19.8832   -20.4981   -20.8060   -21.0369     1.3661     1.9810     0.3079
 14.179969   0.118632  18.8175  17.2068  16.4815  16.0981  15.8675    0.07140000   0.00015114  21396.637    45.310632   0.572074   2.635501    1415.470 1   0.197596   0.131743   0.070092   0.022666   0.021875   -18.8232   -20.3681   -21.0317   -21.3677   -21.5975     1.5448     2.2085     0.3360
 14.383438   0.274116  19.5545  17.8162  17.0128  16.6609  16.3703    0.07970000   0.00014625  23906.830    43.844647   0.580179   2.672838    3925.662 1   0.118301   0.094205   0.038948   0.022978   0.025893   -18.2650   -19.9792   -20.7273   -21.0633   -21.3568     1.7142     2.4623     0.3359
 13.354585   0.737492  18.6580  16.7418  15.8507  15.4126  15.1175    0.06750000   0.00017875  20244.505    53.587902   0.581430   2.678602     263.338 0   0.304350   0.233494   0.083907   0.055084   0.056578   -18.9883   -20.8336   -21.5751   -21.9844   -22.2810     1.8453     2.5869     0.4093
 14.471948   0.430422  18.0927  16.3124  15.4269  15.0099  14.7328    0.07900000   0.00017222  23696.046    51.630257   0.581462   2.678750    3714.878 1   0.327550   0.254037   0.095713   0.061091   0.056735   -19.9197   -21.6265   -22.3536   -22.7360   -23.0088     1.7068     2.4340     0.3824
 14.139019   0.086176  20.2809  19.4021  18.8702  18.4293  18.2895    0.07920000   0.00092347  23742.274   276.849341   0.585243   2.696168    3761.106 1   0.138986   0.273423   0.135694  -0.019648  -0.092229   -17.5484   -18.5617   -18.9558   -19.2414   -19.3086     1.0132     1.4074     0.2856
 14.178639   0.100524  18.2044  16.8721  16.2456  15.8433  15.6207    0.07070000   0.00010002  21199.794    29.985242   0.587788   2.707893    1218.626 1   0.227897   0.183350   0.107196   0.019293  -0.046827   -19.4451   -20.7329   -21.2832   -21.5976   -21.7541     1.2878     1.8381     0.3144
 13.356105   0.390608  18.9778  17.8040  17.3876  17.0790  16.9269    0.07630000   0.00007768  22861.094    23.287878   0.618906   2.851252    2879.926 1   0.166620   0.057649   0.078647  -0.033248  -0.076604   -18.7979   -19.8627   -20.3001   -20.4968   -20.6055     1.0648     1.5022     0.1967
 13.942843  -0.011191  18.3328  17.1320  16.5795  16.2508  16.0099    0.07960000   0.00016332  23871.004    48.962104   0.642796   2.961310    3889.837 1   0.190302   0.140900   0.099098  -0.005679  -0.095408   -19.5588   -20.7102   -21.2209   -21.4448   -21.5960     1.1514     1.6621     0.2239
 14.149764   0.025846  19.1844  17.9967  17.5974  17.3086  17.2824    0.07110000   0.00007742  21314.734    23.209932   0.645463   2.973596    1333.567 1   0.163799   0.047871   0.078418  -0.038617  -0.064143   -18.4346   -19.5064   -19.9362   -20.1080   -20.1086     1.0718     1.5016     0.1718
 14.602577   0.642055  19.1138  17.9612  17.5072  17.2181  17.1135    0.06460000   0.00009560  19379.724    28.660159   0.676333   3.115813    -601.444 1   0.141664   0.045172   0.066113  -0.006664  -0.068908   -18.2528   -19.3089   -19.7838   -20.0001   -20.0425     1.0561     1.5310     0.2163
 14.570933   0.382322  19.1150  17.5101  16.7119  16.2696  15.8983    0.07980000   0.00021191  23933.631    63.529020   0.691053   3.183625    3952.464 1   0.364529   0.308115   0.134158   0.069664   0.040445   -18.9351   -20.4836   -21.1078   -21.4857   -21.8277     1.5485     2.1727     0.3778
 13.502011   1.185050  19.8141  18.0357  17.2017  16.8274  16.5394    0.06380000   0.00015623  19133.024    46.836576   0.697514   3.213390    -848.143 1   0.247785   0.187385   0.075619   0.039785   0.044447   -17.6279   -19.3459   -20.0681   -20.4066   -20.6992     1.7180     2.4402     0.3385
 14.664396   0.471466  20.4352  18.5581  17.7284  17.2939  17.0019    0.06440000   0.00017941  19308.913    53.785765   0.755192   3.479110    -672.255 1   0.208040   0.164592   0.060088   0.035455   0.042898   -16.9910   -18.8246   -19.5498   -19.9597   -20.2591     1.8337     2.5588     0.4099
 13.718014  -0.107111  18.8593  17.6957  17.2538  16.9616  16.7732    0.05520000   0.00008296  16543.717    24.870782   0.767306   3.534919   -3437.450 1   0.151651   0.050165   0.070431  -0.012978  -0.073652   -18.1703   -19.2324   -19.6946   -19.9034   -20.0311     1.0621     1.5243     0.2088
 13.166246   0.753969  17.8068  16.5271  15.9424  15.6061  15.4024    0.06330000   0.00010448  18970.177    31.322316   0.769817   3.546485   -1010.990 1   0.175987   0.095050   0.074397   0.004255  -0.051019   -19.5462   -20.7450   -21.3090   -21.5752   -21.7236     1.1988     1.7628     0.2662
