155.356220  36.371011  18.3302  16.5194  15.7098  15.3338  15.0367    0.05310000   0.00016547  15931.241    49.606658   0.000003   0.000012     -33.907 0   0.144204   0.114881   0.046162   0.026491   0.030966   -18.6328   -20.4143   -21.1552   -21.5115   -21.8131     1.7815     2.5224     0.3563
155.361961  36.419751  20.1888  18.6330  17.8357  17.4639  17.1214    0.05210000   0.00014143  15632.198    42.399647   0.048960   0.183110    -332.950 0   0.125501   0.100476   0.041027   0.024101   0.027451   -16.6928   -18.2235   -18.9614   -19.3163   -19.6621     1.5308     2.2686     0.3549
155.365189  36.443821  19.4962  17.6785  16.8463  16.4722  16.1939    0.05580000   0.00016400  16725.811    49.165963   0.073168   0.273649     760.663 1   0.216589   0.162783   0.066592   0.033650   0.040282   -17.6260   -19.3899   -20.1259   -20.4671   -20.7520     1.7639     2.4999     0.3412
155.365408  36.452052  17.1707  15.2238  14.3727  13.9785  13.6809    0.05310000   0.00019781  15917.960    59.301946   0.081379   0.304356     -47.187 0   0.206322   0.163343   0.059738   0.035205   0.042598   -19.8545   -21.7584   -22.5059   -22.8755   -23.1805     1.9039     2.6514     0.3697
155.244198  36.346377  18.7677  16.8584  16.0263  15.6173  15.3247    0.05300000   0.00017100  15902.071    51.264510   0.093499   0.349687     -63.076 0   0.194708   0.155214   0.057175   0.033639   0.040709   -18.2375   -20.1073   -20.8413   -21.2268   -21.5265     1.8698     2.6039     0.3855
155.442902  36.299452  19.0056  17.1581  16.3025  15.9161  15.6334    0.05970000   0.00018509  17901.687    55.488586   0.099963   0.373859    1936.539 1   0.258872   0.197150   0.077611   0.042877   0.046924   -18.3275   -20.1133   -20.8493   -21.2010   -21.4877     1.7858     2.5218     0.3517
155.236147  36.339879  19.1529  17.7995  17.3139  16.9745  16.8294    0.05330000   0.00008799  15970.274    26.378738   0.101568   0.379862       5.126 0   0.170530   0.081769   0.076273  -0.008009  -0.081177   -17.8233   -19.0880   -19.5681   -19.8232   -19.8951     1.2646     1.7447     0.2551
155.276604  36.453146  18.6203  17.8015  17.4393  17.1734  17.1230    0.06000000   0.00007967  17983.920    23.884465   0.104190   0.389670    2018.772 1   0.156357   0.026335   0.080551  -0.053249  -0.023156   -18.6174   -19.3062   -19.7226   -19.8547   -19.9352     0.6888     1.1052     0.1321
155.491148  36.303474  19.6946  17.9482  17.1455  16.7664  16.5225    0.05320000   0.00016323  15934.149    48.935123   0.127927   0.478444     -30.999 0   0.230533   0.169406   0.074821   0.033709   0.037621   -17.3546   -19.0399   -19.7480   -20.0860   -20.3338     1.6853     2.3934     0.3380
155.532688  36.316966  18.4486  16.8148  15.8752  15.3755  14.9754    0.05340000   0.00017642  15995.996    52.889385   0.152025   0.568571      30.849 0   0.551261   0.477218   0.182713   0.104800   0.073519   -18.9338   -20.4935   -21.1386   -21.5604   -21.9292     1.5598     2.2049     0.4218
155.215207  36.478213  17.4826  16.0689  15.3880  15.0009  14.7506    0.05470000   0.00009461  16384.797    28.363364   0.156153   0.584011     419.649 0   0.239462   0.180456   0.099744   0.026352  -0.006788   -19.6150   -20.9696   -21.5698   -21.8835   -22.1007     1.3547     1.9549     0.3137
155.445736  36.228808  19.2203  17.4353  16.5772  16.1876  15.9342    0.05990000   0.00016741  17965.483    50.188255   0.159427   0.596256    2000.335 1   0.285680   0.219634   0.088442   0.049002   0.048370   -18.1469   -19.8658   -20.5928   -20.9429   -21.1957     1.7190     2.4459     0.3502
155.191107  36.474403  18.9259  17.0757  16.2879  15.9181  15.6181    0.05360000   0.00016245  16054.516    48.701285   0.168417   0.629880      89.368 0   0.077408   0.070203   0.026328   0.018853   0.019165   -17.9908   -19.8338   -20.5777   -20.9400   -21.2403     1.8430     2.5869     0.3623
155.443961  36.199810  18.0245  16.1658  15.3140  14.9266  14.6661    0.06000000   0.00017111  17990.156    51.297487   0.185206   0.692668    2025.008 1   0.260172   0.198463   0.077342   0.043387   0.047559   -19.3170   -21.1140   -21.8447   -22.1982   -22.4628     1.7970     2.5277     0.3534
155.114681  36.449421  18.3991  16.5952  15.8092  15.4505  15.1643    0.05360000   0.00016772  16069.925    50.281191   0.209694   0.784255     104.777 0   0.107647   0.087125   0.035572   0.021800   0.024082   -18.5478   -20.3312   -21.0656   -21.4106   -21.6990     1.7834     2.5178     0.3449
155.428150  36.580215  19.0384  17.7243  17.1756  16.8616  16.6597    0.05370000   0.00009205  16107.699    27.595896   0.217075   0.811859     142.551 0   0.131138   0.057122   0.054391   0.011152  -0.039438   -17.9319   -19.1719   -19.7179   -19.9887   -20.1400     1.2401     1.7861     0.2708
155.250965  36.151896  18.0295  16.4960  15.6091  15.1620  14.8300    0.05350000   0.00010361  16037.308    31.061497   0.234932   0.878642      72.160 0   0.448034   0.411480   0.170101   0.087121   0.049685   -19.2495   -20.7465   -21.3920   -21.7561   -22.0507     1.4969     2.1425     0.3641
155.447638  36.620284  20.5478  18.6484  17.7799  17.3200  17.0187    0.05320000   0.00015601  15957.923    46.770621   0.259916   0.972084      -7.225 0   0.412679   0.350753   0.145418   0.082450   0.051583   -16.6836   -18.5210   -19.1842   -19.5811   -19.8516     1.8375     2.5006     0.3969
155.322156  36.089466  18.5041  17.5274  17.2316  17.0464  16.9153    0.05430000   0.00008945  16279.720    26.816435   0.282876   1.057954     314.572 0   0.106866   0.013345   0.051865  -0.018854  -0.011052   -18.4703   -19.3535   -19.6878   -19.8023   -19.9412     0.8832     1.2175     0.1145
155.510119  36.098677  18.7180  16.9993  16.1340  15.6408  15.2328    0.05310000   0.00017527  15908.097    52.544624   0.299202   1.119014     -57.051 0   0.464627   0.396600   0.158810   0.093481   0.060472   -18.5655   -20.2161   -20.8436   -21.2715   -21.6465     1.6507     2.2782     0.4279
155.510513  36.080162  18.6235  17.4872  17.0451  16.7989  16.6803    0.05990000   0.00008346  17951.692    25.020679   0.316272   1.182854    1986.545 1   0.101673   0.025406   0.043396   0.001074  -0.044760   -18.5597   -19.6197   -20.0798   -20.2837   -20.3565     1.0600     1.5201     0.2039
155.616539  36.132913  18.6649  17.4354  16.0221  15.7576  15.2037    0.05330000   0.00018268  15979.298    54.766086   0.317217   1.186388      14.150 0   0.628789   1.028410   0.385889   0.220538   0.082266   -18.7696   -20.3987   -21.1695   -21.2686   -21.6843     1.6291     2.3999     0.0991
155.246027  36.684140  18.8411  17.6731  17.1998  16.9017  16.7579    0.06020000   0.00007715  18041.810    23.128988   0.325457   1.217207    2076.662 1   0.159453   0.060423   0.072603  -0.013210  -0.080101   -18.3857   -19.4547   -19.9401   -20.1524   -20.2293     1.0690     1.5545     0.2123
155.697983  36.162693  18.9026  17.1210  16.2111  15.7057  15.2741    0.05380000   0.00014956  16137.468    44.836960   0.345144   1.290837     172.321 0   0.526143   0.442067   0.170153   0.103492   0.070925   -18.4709   -20.1684   -20.8064   -21.2452   -21.6442     1.6975     2.3355     0.4387
154.986430  36.167548  19.2796  18.1096  17.7188  17.4331  17.3157    0.05400000   0.00008003  16180.668    23.992390   0.360626   1.348738     215.521 0   0.157626   0.043463   0.075745  -0.031250  -0.061874   -17.7080   -18.7638   -19.1869   -19.3656   -19.4524     1.0558     1.4789     0.1787
155.409753  36.009761  18.9527  17.9347  17.4882  17.1258  16.9886    0.05810000   0.00008445  17419.860    25.317473   0.363811   1.360651    1454.713 1   0.152692   0.149865   0.106800  -0.047498  -0.091334   -18.1898   -19.2050   -19.6084   -19.8165   -19.9099     1.0152     1.4186     0.2081
155.539369  36.016055  18.1816  16.9943  16.5041  16.2467  16.0705    0.05450000   0.00009457  16332.543    28.351373   0.384372   1.437546     367.396 0   0.108542   0.036687   0.044924   0.008023  -0.051042   -18.8025   -19.9179   -20.4164   -20.6369   -20.7540     1.1154     1.6139     0.2205
154.848912  36.216147  18.2488  17.0195  16.6198  16.3511  16.3380    0.04310000   0.00007514  12935.175    22.526405   0.436849   1.633810   -3029.972 1   0.127055   0.030414   0.061457  -0.010596  -0.050209   -18.2423   -19.3750   -19.8057   -20.0024   -19.9759     1.1327     1.5634     0.1966
154.867425  36.690000  18.5548  17.0666  16.2981  15.8784  15.5746    0.06000000   0.00018448  17981.941    55.305713   0.506609   1.894713    2016.794 1   0.321830   0.272603   0.127656   0.055340   0.021905   -18.8484   -20.2874   -20.9109   -21.2583   -21.5287     1.4390     2.0625     0.3474
154.855514  36.706825  18.3277  17.4018  17.1466  16.8733  16.7677    0.05990000   0.00008181  17953.341    24.526021   0.524702   1.962379    1988.194 1   0.131190   0.018551   0.069583  -0.032060  -0.016642   -18.8850   -19.6983   -20.0045   -20.1762   -20.2972     0.8133     1.1195     0.1717
155.889014  36.683348  18.5709  16.7127  15.8961  15.5115  15.2324    0.05480000   0.00015914  16433.004    47.708972   0.530661   1.984667     467.856 1   0.182899   0.140633   0.056549   0.030114   0.036632   -18.4782   -20.2941   -21.0266   -21.3848   -21.6704     1.8159     2.5485     0.3582
155.664656  35.856255  17.5775  16.3628  15.7657  15.4509  15.2310    0.06620000   0.00016454  19854.775    49.327851   0.571536   2.137537    3889.627 1   0.120043   0.055516   0.046131   0.013416  -0.018743   -19.8386   -20.9888   -21.5765   -21.8586   -22.0463     1.1502     1.7379     0.2821
154.636156  36.262152  18.0245  16.2755  15.5212  15.1663  14.9112    0.05260000   0.00015447  15759.040    46.308941   0.589918   2.206289    -206.107 0   0.111840   0.081534   0.037088   0.020144   0.022454   -18.8642   -20.5829   -21.2928   -21.6307   -21.8881     1.7187     2.4285     0.3380
154.640180  36.224066  16.8722  15.3398  14.6639  14.2805  14.1072    0.05410000   0.00010704  16218.322    32.089785   0.594979   2.225217     253.175 0   0.201010   0.130472   0.076222   0.018770   0.006419   -20.1883   -21.6502   -22.2718   -22.5978   -22.7587     1.4619     2.0835     0.3259
156.097122  36.235118  19.2338  17.9385  17.3292  16.9981  16.8123    0.04480000   0.00008471  13431.661    25.395419   0.611855   2.288330   -2533.486 1   0.165458   0.087773   0.066729   0.010934  -0.026351   -17.3586   -18.5763   -19.1645   -19.4398   -19.5883     1.2176     1.8059     0.2753
155.195262  35.695078  18.3766  16.8127  16.0724  15.6902  15.4220    0.05410000   0.00010765  16213.286    32.272658   0.688244   2.574026     248.138 0   0.224069   0.159200   0.078150   0.028807   0.028352   -18.7070   -20.2060   -20.8653   -21.1981   -21.4659     1.4990     2.1583     0.3329
154.494286  36.351106  17.8681  16.7030  16.2535  15.9807  15.8716    0.04800000   0.00008173  14384.162    24.502038   0.694306   2.596699   -1580.986 1   0.120940   0.036225   0.054730   0.000896  -0.058473   -18.8302   -19.9106   -20.3786   -20.5976   -20.6473     1.0804     1.5484     0.2190
156.129591  36.007171  19.2607  17.1835  16.2724  15.7614  15.3658    0.05310000   0.00015526  15924.136    46.545777   0.721218   2.697349     -41.012 0   0.541008   0.440380   0.166037   0.106938   0.074467   -18.0991   -20.0757   -20.7125   -21.1644   -21.5275     1.9766     2.6133     0.4519
155.007202  35.698809  18.0542  16.5463  15.8565  15.5233  15.3036    0.05490000   0.00015761  16466.490    47.250289   0.728580   2.724880     501.343 1   0.085055   0.048334   0.026208   0.012829   0.010844   -18.8969   -20.3681   -21.0358   -21.3556   -21.5733     1.4712     2.1389     0.3198
155.397490  37.103593  19.0973  17.5461  16.8563  16.4242  16.1542    0.05350000   0.00011335  16047.051    33.981475   0.733336   2.742670      81.903 0   0.259711   0.197885   0.098644   0.036009   0.020445   -17.9934   -19.4828   -20.0733   -20.4428   -20.6972     1.4894     2.0799     0.3695
155.315396  35.624696  18.7482  17.1447  16.4298  16.0647  15.7889    0.05450000   0.00014456  16350.801    43.337998   0.747037   2.793911     385.653 0   0.108959   0.072587   0.036183   0.018031   0.019318   -18.2363   -19.8034   -20.4819   -20.8289   -21.1060     1.5671     2.2456     0.3469
156.169810  36.007532  17.7091  16.5086  16.0971  15.8543  15.7929    0.04350000   0.00009616  13045.109    28.828043   0.749182   2.801933   -2920.038 1   0.098718   0.022059   0.042237  -0.001417  -0.038810   -18.7686   -19.8925   -20.3242   -20.5233   -20.5473     1.1238     1.5555     0.1991
154.763069  35.792355  19.4177  17.6398  16.7094  16.2948  15.9391    0.05490000   0.00017054  16461.214    51.126606   0.750295   2.806096     496.067 1   0.423928   0.345102   0.135097   0.087088   0.060982   -17.8723   -19.5714   -20.2918   -20.6583   -20.9879     1.6991     2.4195     0.3666
155.915990  35.771075  17.3156  16.0460  15.5093  15.1758  14.9437    0.05480000   0.00019771  16420.892    59.271967   0.750384   2.806429     455.744 1   0.179465   0.099138   0.080389  -0.003625  -0.074620   -19.7301   -20.9193   -21.4373   -21.6868   -21.8479     1.1893     1.7072     0.2495
155.550188  37.111966  17.7058  15.8804  15.0376  14.6434  14.3827    0.05390000   0.00017453  16167.178    52.322778   0.757239   2.832065     202.030 0   0.255110   0.193342   0.078165   0.041411   0.045136   -19.3794   -21.1430   -21.8707   -22.2281   -22.4925     1.7636     2.4913     0.3574
156.025058  35.818791  18.1722  16.4011  15.6071  15.1819  14.8378    0.05910000   0.00016727  17724.210    50.146284   0.771349   2.884839    1759.062 1   0.148523   0.124986   0.046018   0.028798   0.033579   -19.0285   -20.7761   -21.4911   -21.8991   -22.2480     1.7476     2.4626     0.4080
156.213409  36.726086  18.5540  17.3023  16.7797  16.4516  16.3043    0.05990000   0.00017002  17944.767    50.970714   0.776186   2.902928    1979.620 1   0.166483   0.076949   0.073608  -0.005322  -0.077188   -18.6940   -19.8562   -20.3754   -20.6246   -20.7000     1.1622     1.6814     0.2492
156.323919  36.446789  17.5033  16.2397  15.6819  15.3555  15.1577    0.05130000   0.00008682  15389.876    26.027981   0.782865   2.927906    -575.272 1   0.170830   0.087919   0.072662   0.003122  -0.056363   -19.3855   -20.5661   -21.1087   -21.3655   -21.5039     1.1807     1.7232     0.2569
155.348362  37.160084  19.3746  17.7850  17.0030  16.5782  16.2771    0.05420000   0.00015660  16253.728    46.947499   0.789099   2.951222     288.580 0   0.321064   0.264331   0.120760   0.056859   0.031502   -17.8058   -19.3387   -19.9771   -20.3380   -20.6138     1.5329     2.1713     0.3609
155.944775  35.708805  18.1971  16.1834  15.2795  14.8545  14.5062    0.05990000   0.00020189  17957.628    60.525099   0.814310   3.045510    1992.481 1   0.363206   0.280311   0.101474   0.070119   0.062616   -19.2476   -21.1784   -21.9035   -22.2971   -22.6379     1.9308     2.6559     0.3936
154.454379  36.001183  20.0134  18.4466  17.7544  17.3430  17.0582    0.05450000   0.00009854  16344.115    29.541549   0.814905   3.047738     378.968 0   0.236466   0.171781   0.091041   0.026985   0.012584   -17.0986   -18.6007   -19.2122   -19.5595   -19.8299     1.5021     2.1136     0.3473
154.832950  35.665545  17.3839  16.1997  15.6067  15.2567  15.0071    0.05470000   0.00010719  16408.331    32.134754   0.821706   3.073173     443.183 0   0.206527   0.176893   0.109095   0.005796  -0.083820   -19.6807   -20.8353   -21.3605   -21.6072   -21.7672     1.1546     1.6798     0.2467
155.950663  35.693972  18.4797  16.5686  15.7254  15.3382  15.0350    0.05980000   0.00017140  17925.071    51.384427   0.829145   3.100994    1959.923 1   0.193400   0.152746   0.057470   0.032960   0.039946   -18.7878   -20.6582   -21.4062   -21.7688   -22.0790     1.8704     2.6184     0.3627
155.852058  35.634796  19.5181  18.2542  17.6916  17.4158  17.2556    0.05930000   0.00022148  17783.359    66.398034   0.837503   3.132251    1818.211 1   0.009233   0.003458   0.001838   0.001302  -0.001834   -17.5256   -18.7837   -19.3447   -19.6199   -19.7770     1.2581     1.8191     0.2753
154.759401  37.067866  18.2853  17.0828  16.7784  16.5214  16.3473    0.04430000   0.00009198  13275.979    27.574910   0.846486   3.165849   -2689.168 1   0.154586   0.025427   0.080094  -0.051916  -0.021988   -18.2667   -19.3401   -19.6991   -19.8241   -20.0282     1.0733     1.4324     0.1250
155.437009  35.509308  18.7306  17.0441  16.2871  15.8987  15.6118    0.05410000   0.00015249  16205.041    45.715352   0.864154   3.231929     239.894 0   0.164317   0.118939   0.054021   0.025566   0.030533   -18.2932   -19.9343   -20.6264   -20.9864   -21.2782     1.6411     2.3332     0.3599
156.074096  35.718180  18.9049  17.7234  17.2657  16.9741  16.7902    0.05900000   0.00009266  17676.243    27.778769   0.871956   3.261108    1711.095 1   0.147927   0.050624   0.068154  -0.007928  -0.073116   -18.2664   -19.3506   -19.8258   -20.0413   -20.1600     1.0842     1.5594     0.2155
155.375724  35.495314  18.2755  16.2763  15.4361  15.0273  14.7429    0.05450000   0.00017396  16335.601    52.151896   0.875837   3.275621     370.454 0   0.200697   0.158152   0.059039   0.034014   0.041209   -18.8008   -20.7574   -21.4985   -21.8823   -22.1739     1.9567     2.6977     0.3838
155.876694  37.160195  19.3924  18.1213  17.4470  17.0211  16.7266    0.05410000   0.00008990  16225.218    26.951342   0.893558   3.341896     260.070 0   0.278991   0.262512   0.132080   0.038943  -0.025642   -17.7461   -19.0007   -19.5446   -19.8773   -20.1073     1.2546     1.7985     0.3328
154.518545  37.016690  19.4266  18.0648  17.6347  17.4137  17.2237    0.04470000   0.00011060  13397.035    33.157046   0.933722   3.492111   -2568.112 1   0.108696   0.026764   0.048438  -0.001487  -0.046607   -17.0992   -18.3791   -18.8308   -19.0019   -19.1468     1.2799     1.7316     0.1711
156.432798  36.023600  18.1092  17.6314  17.5473  17.2678  17.3327    0.05370000   0.00081861  16107.189   245.413104   0.933882   3.492709     142.042 0   0.124307   0.016885   0.065001  -0.027885  -0.014786   -18.8542   -19.2246   -19.3568   -19.5434   -19.4916     0.3704     0.5026     0.1866
154.250389  36.088709  18.1063  16.7354  16.1082  15.7249  15.4686    0.05490000   0.00010095  16448.713    30.264049   0.934085   3.493469     483.565 1   0.220365   0.159784   0.095661   0.016765  -0.027635   -18.9801   -20.2904   -20.8535   -21.1579   -21.3698     1.3103     1.8734     0.3044
155.454073  37.302794  17.7774  16.6731  16.3060  16.0713  15.9209    0.05340000   0.00009127  16007.059    27.362058   0.935110   3.497302      41.911 0   0.118436   0.022483   0.057896  -0.013891  -0.034062   -19.1721   -20.1805   -20.5830   -20.7459   -20.8761     1.0083     1.4109     0.1629
