181.971085  56.457267  19.0513  17.8937  17.3563  16.9835  16.8304    0.06390000   0.00009804  19170.079    29.391653   0.022368   0.100606    -120.966 0   0.187171   0.161723   0.107222  -0.010139  -0.101776   -18.3370   -19.4692   -19.9521   -20.2075   -20.2690     1.1322     1.6151     0.2554
181.968546  56.501165  18.7333  16.8715  15.9473  15.4623  15.0938    0.06360000   0.00016711  19064.822    50.098318   0.024196   0.108826    -226.223 0   0.516653   0.427240   0.163815   0.103193   0.070655   -18.9955   -20.7679   -21.4287   -21.8531   -22.1890     1.7724     2.4332     0.4244
182.024080  56.463971  19.6406  18.1848  17.4154  17.0396  16.7883    0.06440000   0.00014236  19310.112    42.678454   0.040189   0.180757      19.067 0   0.285587   0.230110   0.112811   0.044531   0.017094   -17.8631   -19.2635   -19.9156   -20.2231   -20.4469     1.4003     2.0524     0.3075
181.881024  56.479910  20.1985  18.3467  17.4758  17.0025  16.7401    0.06450000   0.00016910  19338.982    50.694905   0.041388   0.186151      47.937 0   0.434904   0.378111   0.156089   0.086688   0.052620   -17.4792   -19.2742   -19.9231   -20.3270   -20.5553     1.7950     2.4439     0.4039
181.875557  56.509702  16.9560  15.7846  15.2573  14.8304  14.5050    0.06540000   0.00011793  19620.967    35.354525   0.054525   0.245238     329.922 0   0.207424   0.186199   0.112298   0.006273  -0.085518   -20.5244   -21.6746   -22.1280   -22.4489   -22.6825     1.1502     1.6036     0.3209
181.995567  56.419704  18.9276  17.7575  17.3916  17.1197  17.0747    0.06380000   0.00008583  19112.938    25.731187   0.062280   0.280117    -178.107 0   0.159111   0.036237   0.078605  -0.044117  -0.044908   -18.4257   -19.4729   -19.8812   -20.0304   -20.0746     1.0472     1.4555     0.1492
181.890014  56.420489  18.8556  17.6954  17.1766  16.7778  16.6317    0.06420000   0.00007951  19240.830    23.836498   0.068052   0.306076     -50.215 0   0.183266   0.167146   0.109381  -0.013619  -0.103267   -18.5568   -19.7009   -20.1619   -20.4377   -20.4941     1.1441     1.6051     0.2758
181.832275  56.498615  18.3018  16.8552  16.1890  15.8039  15.5869    0.06520000   0.00017490  19542.331    52.433701   0.071310   0.320733     251.286 0   0.224092   0.159401   0.091453   0.020291  -0.006705   -19.1639   -20.5458   -21.1440   -21.4580   -21.6480     1.3819     1.9802     0.3139
182.140350  56.457951  20.2012  18.4420  17.5528  17.1034  16.7296    0.06340000   0.00008616  19012.268    25.830118   0.103826   0.466978    -278.777 0   0.437974   0.365440   0.146169   0.089277   0.059197   -17.4421   -19.1288   -19.7987   -20.1912   -20.5349     1.6867     2.3566     0.3925
182.134310  56.441282  18.7798  17.6501  17.1600  16.8297  16.6632    0.06440000   0.00009197  19300.429    27.571912   0.105154   0.472954       9.384 0   0.178439   0.112920   0.093829  -0.024568  -0.100730   -18.6168   -19.6810   -20.1520   -20.3639   -20.4542     1.0642     1.5352     0.2119
182.171729  56.532481  18.7512  16.8315  15.9216  15.4464  15.0832    0.06410000   0.00015683  19219.575    47.016451   0.131060   0.589471     -71.471 0   0.483081   0.399993   0.155449   0.098152   0.066358   -18.9611   -20.7977   -21.4631   -21.8810   -22.2124     1.8366     2.5020     0.4179
182.138733  56.561647  19.0154  17.3935  16.5822  16.1647  15.8620    0.06520000   0.00016621  19542.391    49.828504   0.131123   0.589752     251.346 0   0.329155   0.269404   0.119621   0.060246   0.037760   -18.5553   -20.1175   -20.7790   -21.1371   -21.4173     1.5621     2.2237     0.3581
181.837911  56.331305  18.7349  17.2697  16.6366  16.2867  16.0499    0.06490000   0.00014054  19450.355    42.132832   0.160513   0.721942     159.310 0   0.156410   0.087118   0.059845   0.015742  -0.000596   -18.6565   -20.0524   -20.6583   -20.9641   -21.1845     1.3959     2.0017     0.3058
182.230792  56.554116  17.7844  15.7964  14.8616  14.4166  14.0918    0.06420000   0.00019335  19240.950    57.964872   0.169830   0.763847     -50.095 0   0.401536   0.313369   0.115194   0.080419   0.064851   -19.8462   -21.7461   -22.4827   -22.8929   -23.2022     1.8998     2.6365     0.4102
182.254591  56.562186  18.4363  16.6544  15.8055  15.3483  15.0434    0.06140000   0.00166344  18418.589   498.686766   0.185201   0.832979    -872.456 1   0.393586   0.327290   0.134973   0.079006   0.052014   -19.0714   -20.7870   -21.4436   -21.8448   -22.1228     1.7156     2.3722     0.4012
182.299409  56.513705  19.1136  17.2075  16.3441  15.9206  15.6309    0.06470000   0.00016312  19385.030    48.902146   0.193043   0.868253      93.985 0   0.264792   0.204138   0.073323   0.045717   0.051421   -18.3760   -20.2214   -20.9540   -21.3499   -21.6453     1.8454     2.5780     0.3959
182.311827  56.432699  19.3748  17.6904  16.8890  16.5078  16.2271    0.06330000   0.00015806  18961.963    47.385196   0.201723   0.907292    -329.082 0   0.234158   0.172847   0.075622   0.034670   0.038501   -18.0364   -19.6594   -20.3636   -20.7039   -20.9884     1.6231     2.3273     0.3402
181.603573  56.547664  18.3712  16.5665  15.7307  15.3378  15.0594    0.06450000   0.00015450  19335.324    46.317935   0.206663   0.929511      44.279 0   0.243308   0.184064   0.073826   0.038981   0.044244   -19.1149   -20.8604   -21.5859   -21.9440   -22.2277     1.7455     2.4710     0.3581
182.256098  56.616391  21.2548  18.5311  17.7418  17.3212  17.0710    0.06460000   0.00014536  19353.252    43.577832   0.215962   0.971333      62.207 0   0.137232   0.116579   0.043351   0.027398   0.031477   -16.1073   -18.8104   -19.5265   -19.9311   -20.1854     2.7030     3.4191     0.4046
182.297927  56.595907  18.7815  17.1661  16.3748  15.9446  15.6588    0.06550000   0.00016781  19631.250    50.308172   0.222672   1.001515     340.204 1   0.338702   0.281177   0.125134   0.062544   0.036586   -18.8123   -20.3702   -21.0054   -21.3730   -21.6329     1.5579     2.1931     0.3676
182.359173  56.600229  18.5973  16.7944  15.9793  15.5960  15.3184    0.06260000   0.00016495  18780.588    49.450766   0.254053   1.142655    -510.457 1   0.194857   0.146532   0.060682   0.030564   0.037234   -18.7539   -20.5085   -21.2377   -21.5909   -21.8752     1.7546     2.4838     0.3532
182.409669  56.546645  19.2759  17.8425  17.1659  16.7911  16.5467    0.06310000   0.00017202  18920.532    51.570299   0.259836   1.168665    -370.513 1   0.218165   0.150531   0.085823   0.020488   0.001645   -18.1372   -19.5030   -20.1149   -20.4244   -20.6499     1.3658     1.9777     0.3095
182.388761  56.600267  19.1022  17.2832  16.4704  16.0680  15.7913    0.06440000   0.00016494  19317.307    49.447768   0.268510   1.207681      26.262 0   0.197981   0.151898   0.060209   0.032110   0.039067   -18.3139   -20.0868   -20.8080   -21.1823   -21.4659     1.7729     2.4940     0.3743
182.451942  56.576947  19.1405  17.4033  16.5621  16.1474  15.8744    0.06590000   0.00015181  19755.963    45.511493   0.291271   1.310055     464.918 1   0.284714   0.218701   0.087509   0.048847   0.048717   -18.4338   -20.1050   -20.8150   -21.1911   -21.4639     1.6712     2.3812     0.3760
182.509538  56.494995  19.2437  17.8794  17.1466  16.7474  16.5099    0.06450000   0.00016880  19340.061    50.604967   0.306229   1.377332      49.016 0   0.301623   0.276839   0.134920   0.046728  -0.007361   -18.3007   -19.6402   -20.2311   -20.5421   -20.7255     1.3395     1.9304     0.3110
181.883045  56.803919  19.1520  17.5356  16.8663  16.4925  16.1916    0.05300000   0.00016902  15888.700    50.670921   0.328391   1.477009   -3402.345 1   0.002995   0.002120   0.000787   0.000618   0.000607   -17.6615   -19.2770   -19.9450   -20.3186   -20.6195     1.6155     2.2835     0.3736
182.311546  56.752764  18.7422  17.6199  17.1331  16.7550  16.5786    0.06320000   0.00011313  18952.999    33.915521   0.337747   1.519090    -338.046 1   0.177245   0.147257   0.104681  -0.022228  -0.103897   -18.6122   -19.7045   -20.1487   -20.3999   -20.4946     1.0923     1.5365     0.2512
181.698290  56.790738  18.7592  17.7672  17.4512  17.1447  17.0169    0.06410000   0.00007874  19203.716    23.605658   0.343573   1.545293     -87.330 0   0.170529   0.048836   0.088115  -0.083644  -0.038492   -18.6406   -19.5109   -19.8662   -20.0009   -20.1739     0.8703     1.2256     0.1347
181.591124  56.764029  17.7810  16.6702  16.3978  16.1470  15.9729    0.05230000   0.00008161  15664.336    24.466062   0.349845   1.573502   -3626.709 1   0.144633   0.022465   0.076424  -0.041436  -0.020801   -19.1451   -20.1337   -20.4601   -20.5930   -20.7877     0.9886     1.3150     0.1329
181.941596  56.843718  19.2708  18.0755  17.5442  17.2252  17.0509    0.06370000   0.00008887  19106.463    26.642556   0.365802   1.645274    -184.582 0   0.171483   0.083678   0.076768  -0.007676  -0.080960   -18.0950   -19.2025   -19.7269   -19.9614   -20.0625     1.1075     1.6319     0.2346
182.423604  56.753490  18.2269  17.0960  16.7545  16.4447  16.2826    0.05210000   0.00008338  15618.528    24.996695   0.377642   1.698525   -3672.518 1   0.170609   0.049590   0.085111  -0.065633  -0.050254   -18.6998   -19.7096   -20.0867   -20.2457   -20.4232     1.0099     1.3869     0.1591
182.466837  56.742114  18.9332  17.1568  16.3678  15.9334  15.5509    0.05220000   0.00018015  15659.929    54.007611   0.386496   1.738346   -3631.116 1   0.164587   0.135432   0.049966   0.030393   0.036131   -18.0130   -19.7602   -20.4637   -20.8786   -21.2668     1.7472     2.4508     0.4148
182.469287  56.744808  17.2684  15.8947  15.2868  14.9114  14.7010    0.05170000   0.00016630  15504.337    49.855486   0.389326   1.751076   -3786.709 1   0.201698   0.133721   0.087856   0.008555  -0.041505   -19.6725   -20.9783   -21.5403   -21.8364   -21.9967     1.3057     1.8678     0.2961
182.155479  56.854302  19.2338  17.5753  16.7951  16.3809  16.0698    0.06200000   0.00016103  18587.522    48.275580   0.392112   1.763609    -703.523 1   0.175750   0.133056   0.055489   0.028560   0.034609   -18.0986   -19.7144   -20.4170   -20.8043   -21.1214     1.6158     2.3184     0.3873
182.503708  56.756854  18.6643  17.4813  17.0017  16.7075  16.4971    0.05230000   0.00020492  15664.636    61.433470   0.411447   1.850568   -3626.409 1   0.148830   0.056339   0.066987  -0.002792  -0.072873   -18.2660   -19.3565   -19.8467   -20.0711   -20.2115     1.0905     1.5808     0.2244
182.130344  56.881253  19.1255  18.1008  17.7176  17.4586  17.3618    0.06060000   0.00009468  18177.916    28.384350   0.414602   1.864758   -1113.129 1   0.130873   0.028760   0.064991  -0.016139  -0.045252   -18.1122   -19.0348   -19.4542   -19.6321   -19.6998     0.9226     1.3420     0.1779
182.616893  56.685511  18.7097  16.6857  15.8059  15.3765  15.0329    0.06310000   0.00017693  18902.754    53.042280   0.419903   1.888602    -388.291 1   0.315061   0.241653   0.086788   0.057730   0.057921   -18.8003   -20.7509   -21.4759   -21.8762   -22.2200     1.9506     2.6755     0.4003
182.627712  56.686201  20.2196  17.7048  16.8547  16.4444  16.1302    0.06290000   0.00015733  18866.989    47.166347   0.425444   1.913527    -424.056 1   0.227732   0.178274   0.064501   0.038615   0.045992   -17.1962   -19.6615   -20.3979   -20.7823   -21.1038     2.4653     3.2017     0.3844
182.045217  56.913554  18.6654  17.4685  16.9885  16.6904  16.4837    0.06200000   0.00009192  18580.507    27.556923   0.438338   1.971516    -710.538 1   0.156196   0.062286   0.069975  -0.005774  -0.076711   -18.6474   -19.7504   -20.2381   -20.4605   -20.5962     1.1030     1.5907     0.2224
181.149955  56.529348  20.2198  18.0352  17.1894  16.7389  16.5266    0.07730000   0.00016716  23169.160    50.113307   0.448034   2.015126    3878.115 1   0.227884   0.177950   0.064837   0.038471   0.045799   -17.6425   -19.7772   -20.5099   -20.9340   -21.1537     2.1347     2.8674     0.4241
182.489585  56.820034  19.6740  18.0313  17.2768  16.8794  16.5746    0.06320000   0.00017795  18950.421    53.348068   0.451506   2.030742    -340.624 1   0.170359   0.126516   0.054824   0.027161   0.032760   -17.6735   -19.2724   -19.9552   -20.3249   -20.6353     1.5989     2.2817     0.3697
181.778768  56.923100  17.5518  15.6211  14.7522  14.3456  14.0354    0.06180000   0.00019582  18516.591    58.705359   0.455721   2.049700    -774.454 1   0.268195   0.206635   0.074159   0.046511   0.051912   -19.8660   -21.7351   -22.4715   -22.8505   -23.1661     1.8691     2.6056     0.3790
181.998287  56.936422  19.2137  18.0312  17.5053  17.1937  16.9786    0.06250000   0.00008226  18726.296    24.660928   0.459019   2.064535    -564.749 1   0.166907   0.079418   0.072954  -0.002380  -0.072044   -18.1273   -19.2224   -19.7418   -19.9781   -20.1235     1.0950     1.6144     0.2363
181.622087  56.900249  19.3401  17.9465  17.4776  17.1766  17.0786    0.05230000   0.00016734  15680.075    50.167270   0.460734   2.072248   -3610.970 1   0.137779   0.048635   0.062426   0.000359  -0.067543   -17.5791   -18.8836   -19.3663   -19.6052   -19.6353     1.3045     1.7871     0.2389
181.736208  56.923830  19.1252  17.1572  16.2554  15.8380  15.5155    0.06030000   0.00016499  18081.263    49.462758   0.462041   2.078129   -1209.782 1   0.327098   0.251501   0.091058   0.060838   0.058908   -18.2766   -20.1690   -20.9104   -21.2976   -21.6181     1.8924     2.6338     0.3872
181.745522  56.938830  19.3917  17.9281  17.2099  16.8565  16.6397    0.06240000   0.00015471  18693.918    46.380891   0.475247   2.137526    -597.127 1   0.184661   0.117947   0.066544   0.020192   0.017350   -17.9387   -19.3356   -20.0024   -20.3094   -20.5234     1.3969     2.0637     0.3070
182.819948  56.366582  18.1183  16.8501  16.2595  15.9190  15.7043    0.05200000   0.00009552  15603.268    28.636176   0.490019   2.203963   -3687.777 1   0.194841   0.129898   0.090901   0.000435  -0.070594   -18.8241   -20.0273   -20.5789   -20.8290   -20.9726     1.2033     1.7549     0.2500
181.061532  56.472463  18.1234  16.1718  15.3084  14.9470  14.6319    0.05630000   0.00016471  16864.825    49.378816   0.493945   2.221623   -2426.220 1   0.193016   0.154605   0.056579   0.033594   0.040637   -19.0160   -20.9292   -21.6946   -22.0330   -22.3551     1.9132     2.6786     0.3384
182.771901  56.681065  18.7082  17.0483  16.3784  15.9899  15.6943    0.06250000   0.00015767  18726.236    47.268277   0.494288   2.223163    -564.809 1   0.002453   0.001924   0.000698   0.000569   0.000534   -18.4684   -20.1278   -20.7964   -21.1848   -21.4804     1.6594     2.3280     0.3884
182.385122  56.946338  19.0931  17.7377  17.2132  16.8447  16.5973    0.06470000   0.00010324  19392.015    30.950573   0.524911   2.360897     100.970 0   0.189415   0.126794   0.092773  -0.006315  -0.087905   -18.3211   -19.6139   -20.1043   -20.3738   -20.5396     1.2928     1.7833     0.2694
182.893486  56.387220  18.6527  17.4513  16.9690  16.6832  16.5900    0.06370000   0.00019489  19102.476    58.426552   0.525693   2.364417    -188.569 0   0.117904   0.038398   0.051647   0.004955  -0.057365   -18.6595   -19.7814   -20.2770   -20.5161   -20.5470     1.1219     1.6174     0.2391
182.906923  56.603506  17.7863  16.6114  16.1522  15.8784  15.7759    0.05110000   0.00008563  15312.559    25.671228   0.540003   2.428780   -3978.486 1   0.112694   0.034048   0.049122   0.003833  -0.054683   -19.0615   -20.1578   -20.6321   -20.8606   -20.9046     1.0963     1.5705     0.2285
181.915430  57.028342  18.7217  17.2630  16.5974  16.2399  15.9938    0.06230000   0.00015748  18670.715    47.211316   0.550794   2.477315    -620.331 1   0.152795   0.089441   0.056466   0.017690   0.010750   -18.5770   -19.9723   -20.6049   -20.9237   -21.1628     1.3953     2.0280     0.3187
182.484639  56.947132  18.3378  16.9562  16.2848  15.8999  15.6502    0.06360000   0.00017580  19060.295    52.703514   0.552587   2.485376    -230.750 0   0.239840   0.186423   0.104464   0.026281  -0.019539   -19.1142   -20.4424   -21.0318   -21.3386   -21.5424     1.3282     1.9176     0.3067
182.491831  56.965724  19.1465  17.6533  16.8866  16.4889  16.2030    0.06300000   0.00016359  18890.642    49.043048   0.570506   2.565973    -400.403 1   0.304805   0.252262   0.120487   0.050311   0.019967   -18.3285   -19.7692   -20.4041   -20.7316   -20.9872     1.4407     2.0756     0.3275
182.701615  56.880670  19.1219  17.3700  16.5203  16.1443  15.8552    0.05180000   0.00016126  15531.228    48.344532   0.575977   2.590578   -3759.817 1   0.259832   0.197099   0.080143   0.042333   0.045301   -17.8770   -19.5662   -20.2990   -20.6371   -20.9292     1.6892     2.4219     0.3382
182.257977  57.046200  19.2404  17.2255  16.3978  15.9157  15.5971    0.06290000   0.00018195  18868.428    54.547238   0.592185   2.663476    -422.617 1   0.274682   0.211328   0.075960   0.047986   0.052732   -18.2223   -20.1739   -20.8662   -21.3203   -21.6437     1.9515     2.6439     0.4541
182.288693  57.044839  19.9570  18.2175  17.3700  16.9710  16.6500    0.06140000   0.00016568  18394.486    49.669614   0.595891   2.680144    -896.559 1   0.263228   0.200788   0.078590   0.043999   0.047709   -17.4204   -19.0974   -19.8227   -20.1871   -20.5118     1.6771     2.4024     0.3644
182.483679  57.023453  19.0887  17.8020  17.0744  16.6846  16.4422    0.06400000   0.00010851  19194.542    32.530480   0.618447   2.781596     -96.503 0   0.278748   0.293110   0.143185   0.041300  -0.035668   -18.4159   -19.7170   -20.2946   -20.5825   -20.7480     1.3011     1.8787     0.2879
180.837951  56.535345  19.7418  18.0774  17.2975  16.9150  16.6665    0.06680000   0.00014408  20012.586    43.194097   0.620045   2.788785     721.540 1   0.233708   0.170662   0.078206   0.033095   0.034968   -17.8111   -19.4125   -20.0999   -20.4373   -20.6877     1.6014     2.2888     0.3374
182.456538  57.037699  19.9866  18.3310  17.5554  17.1881  16.8981    0.06360000   0.00015840  19071.987    47.487125   0.624265   2.807765    -219.058 0   0.115110   0.088804   0.038055   0.021800   0.024494   -17.3407   -18.9700   -19.6948   -20.0459   -20.3386     1.6293     2.3541     0.3510
181.423193  57.029040  18.5317  17.0328  16.3378  15.9556  15.6551    0.06080000   0.00011189  18216.799    33.543778   0.624650   2.809498   -1074.246 1   0.142121   0.092984   0.049372   0.020584   0.022211   -18.7032   -20.1529   -20.8043   -21.1577   -21.4598     1.4498     2.1012     0.3534
182.497659  57.071777  19.6188  17.9565  17.1391  16.7590  16.4598    0.06210000   0.00015085  18617.292    45.223692   0.664898   2.990521    -673.754 1   0.255388   0.192457   0.081110   0.040347   0.042629   -17.7754   -19.3748   -20.0809   -20.4202   -20.7217     1.5994     2.3054     0.3393
183.178140  56.535839  19.5098  17.9748  17.2291  16.8635  16.6149    0.05110000   0.00015233  15325.660    45.667385   0.677471   3.047070   -3965.385 1   0.224542   0.158665   0.080423   0.027555   0.024305   -17.4499   -18.9190   -19.5865   -19.8992   -20.1446     1.4691     2.1366     0.3127
183.094332  56.209012  19.6267  17.7906  16.9347  16.4794  16.1111    0.06340000   0.00016052  18994.131    48.122685   0.683840   3.075715    -296.914 0   0.414897   0.343913   0.138678   0.084431   0.056600   -17.9935   -19.7586   -20.4093   -20.8103   -21.1508     1.7651     2.4158     0.4011
180.731908  56.608401  18.2984  16.3620  15.5306  15.0914  14.7595    0.06620000   0.00017109  19859.721    51.291492   0.688414   3.096290     568.676 1   0.238967   0.185849   0.067211   0.040452   0.047598   -19.2367   -21.1199   -21.8327   -22.2451   -22.5842     1.8833     2.5960     0.4124
180.753630  56.292252  19.9348  18.2354  17.4038  17.0143  16.7469    0.06610000   0.00014922  19830.132    44.735031   0.689448   3.100940     539.087 1   0.267289   0.203221   0.085001   0.043441   0.044097   -17.6287   -19.2641   -19.9774   -20.3254   -20.5934     1.6353     2.3487     0.3479
180.804074  56.744093  18.9222  17.3884  16.6817  16.2381  15.9597    0.05230000   0.00009521  15678.156    28.543240   0.689510   3.101218   -3612.889 1   0.279661   0.224459   0.111685   0.042338   0.013680   -18.1389   -19.6175   -20.2114   -20.5857   -20.8354     1.4786     2.0725     0.3743
181.094314  56.992677  20.9047  19.2033  18.4929  17.8811  17.1070    0.05260000   0.00011316  15755.982    33.924515   0.700918   3.152528   -3535.063 1   0.706505   1.630200   1.689710   1.209070   0.535644   -16.5787   -19.2038   -19.9737   -20.1048   -20.2055     2.6251     3.3950     0.1312
182.513414  57.127033  19.2819  18.1539  17.6856  17.3336  17.1404    0.05520000   0.00008074  16554.240    24.205243   0.718362   3.230986   -2736.805 1   0.175708   0.132874   0.101076  -0.026641  -0.102701   -17.7718   -18.8569   -19.2934   -19.5177   -19.6349     1.0852     1.5217     0.2243
180.743454  56.750492  17.6980  15.9854  15.2637  14.8664  14.5913    0.05510000   0.00014467  16517.395    43.370975   0.722898   3.251388   -2773.650 1   0.163510   0.114588   0.054818   0.024280   0.028556   -19.3436   -21.0073   -21.6692   -22.0360   -22.3154     1.6637     2.3256     0.3668
183.277458  56.458417  17.8713  16.3496  15.5873  15.1630  14.8966    0.06560000   0.00017849  19679.306    53.509956   0.730110   3.283824     388.261 1   0.313753   0.263410   0.124626   0.052881   0.020387   -19.7221   -21.1935   -21.8170   -22.1696   -22.4035     1.4714     2.0949     0.3526
182.269689  57.193906  18.1099  16.6623  16.0560  15.6941  15.4370    0.06320000   0.00010125  18942.446    30.353986   0.736582   3.312934    -348.599 1   0.185407   0.110025   0.073772   0.012294  -0.016547   -19.2526   -20.6249   -21.1949   -21.4953   -21.7236     1.3722     1.9423     0.3004
180.622591  56.447777  18.5871  17.0061  16.2946  15.9034  15.6201    0.06110000   0.00010093  18303.439    30.258053   0.736942   3.314554    -987.606 1   0.180297   0.120262   0.062391   0.022930   0.025129   -18.7179   -20.2389   -20.8925   -21.2443   -21.5298     1.5210     2.1746     0.3517
183.296765  56.547674  18.1064  16.3145  15.5002  15.1176  14.8189    0.05170000   0.00019504  15496.752    58.471521   0.743780   3.345307   -3794.293 1   0.153593   0.121598   0.048616   0.027517   0.032544   -18.7864   -20.5463   -21.2877   -21.6492   -21.9529     1.7599     2.5012     0.3615
181.270579  57.129391  18.9485  17.4827  16.8294  16.4656  16.2105    0.06400000   0.00018284  19190.585    54.814053   0.753356   3.388380    -100.460 0   0.165411   0.097452   0.061715   0.017300   0.007783   -18.4428   -19.8406   -20.4582   -20.7775   -21.0231     1.3978     2.0154     0.3194
181.487356  55.768129  18.8653  16.9296  16.0784  15.6853  15.3925    0.06900000   0.00016093  20678.664    48.245600   0.755560   3.398290    1387.619 1   0.235912   0.181865   0.068142   0.039142   0.046011   -18.7604   -20.6421   -21.3796   -21.7437   -22.0433     1.8817     2.6191     0.3641
183.312780  56.585701  18.9368  17.0370  16.2111  15.8472  15.5690    0.05170000   0.00017077  15486.619    51.195558   0.757054   3.405009   -3804.426 1   0.165182   0.130063   0.051532   0.028838   0.034522   -17.9676   -19.8323   -20.5797   -20.9209   -21.2048     1.8647     2.6121     0.3412
180.721219  56.809928  19.2820  17.9472  17.3122  16.9175  16.6273    0.05150000   0.00007975  15440.960    23.908449   0.758353   3.410856   -3850.085 1   0.231199   0.185973   0.107563   0.020956  -0.042169   -17.6756   -18.9652   -19.5218   -19.8299   -20.0570     1.2896     1.8462     0.3081
182.767591  57.093871  19.4390  18.5648  18.2690  18.0217  17.8310    0.05510000   0.00008034  16522.462    24.085326   0.761736   3.426068   -2768.583 1   0.136926   0.020027   0.072901  -0.035987  -0.018091   -17.5760   -18.3333   -18.6820   -18.8204   -19.0290     0.7573     1.1060     0.1384
181.640811  57.227827  19.0901  17.9809  17.4147  17.0948  16.8657    0.06550000   0.00010224  19630.290    30.650781   0.769751   3.462119     339.245 1   0.187798   0.169847   0.109608  -0.009177  -0.101545   -18.3528   -19.4440   -19.9500   -20.1511   -20.2878     1.0912     1.5972     0.2011
183.339947  56.599081  18.1547  16.2725  15.4138  15.0049  14.6779    0.05300000   0.00017397  15880.066    52.154894   0.773887   3.480723   -3410.979 1   0.236822   0.184387   0.066651   0.040044   0.047310   -18.8926   -20.7224   -21.4633   -21.8456   -22.1799     1.8298     2.5707     0.3823
180.616543  56.247388  19.6539  17.8892  17.0185  16.5856  16.2640    0.06580000   0.00015158  19712.283    45.442541   0.774779   3.484734     421.238 1   0.389388   0.323496   0.133824   0.077972   0.051326   -18.0218   -19.7206   -20.4016   -20.7787   -21.0736     1.6988     2.3798     0.3770
180.586937  56.301716  18.1387  16.1740  15.2345  14.8087  14.4664    0.06630000   0.00018759  19879.837    56.238067   0.776293   3.491543     588.792 1   0.421741   0.330146   0.121615   0.085528   0.066338   -19.5859   -21.4590   -22.1899   -22.5796   -22.9027     1.8731     2.6041     0.3897
183.348453  56.602189  20.1723  18.3029  17.5553  17.1585  16.9253    0.05110000   0.00017194  15311.780    51.546315   0.779017   3.503793   -3979.265 1   0.205219   0.146529   0.067598   0.028402   0.033317   -16.7681   -18.5788   -19.2474   -19.6051   -19.8432     1.8107     2.4794     0.3576
180.562898  56.328468  19.1748  18.1237  17.7230  17.4575  17.3216    0.06780000   0.00008002  20316.185    23.989392   0.783686   3.524796    1025.140 1   0.138122   0.032145   0.068408  -0.019187  -0.049837   -18.2936   -19.2388   -19.6757   -19.8536   -19.9589     0.9451     1.3821     0.1779
183.374427  56.569780  18.9475  17.2829  16.5155  16.0811  15.7903    0.05260000   0.00015713  15777.927    47.106389   0.788757   3.547602   -3513.118 1   0.227625   0.168958   0.071795   0.034363   0.039696   -18.0570   -19.6629   -20.3332   -20.7301   -21.0263     1.6059     2.2762     0.3970
