159.868883   5.183658  19.6057  17.8672  17.0750  16.6997  16.3961    0.06780000   0.00015386  20337.860    46.126068   0.004997   0.023879    -469.835 0   0.115462   0.093488   0.038001   0.022957   0.025704   -17.8401   -19.5566   -20.2933   -20.6536   -20.9599     1.7165     2.4532     0.3603
159.879984   5.184953  19.2027  17.3390  16.5080  16.0892  15.7609    0.06370000   0.00017674  19091.263    52.985319   0.014863   0.071020   -1716.432 0   0.200224   0.159353   0.058285   0.034475   0.041708   -18.1918   -20.0147   -20.7446   -21.1396   -21.4751     1.8228     2.5528     0.3950
159.869227   5.157458  19.3156  17.4788  16.6092  16.2108  15.8972    0.06690000   0.00019527  20049.760    58.540473   0.022261   0.106367    -757.935 0   0.290883   0.223440   0.083087   0.051524   0.053424   -18.2765   -20.0458   -20.7751   -21.1419   -21.4574     1.7694     2.4986     0.3668
159.887279   5.186937  19.6503  18.2493  17.6741  17.3032  17.0138    0.06330000   0.00020442  18973.475    61.283574   0.022366   0.106868   -1834.220 0   0.196885   0.127408   0.086727   0.005866  -0.049718   -17.7236   -19.0551   -19.5896   -19.8797   -20.1135     1.3315     1.8660     0.2900
159.857575   5.153240  19.7721  17.8955  17.0322  16.6283  16.3109    0.06670000   0.00018509  20003.742    55.488586   0.027598   0.131871    -803.953 0   0.227137   0.177477   0.064634   0.038367   0.045707   -17.7463   -19.5732   -20.3237   -20.7013   -21.0260     1.8269     2.5774     0.3776
159.895975   5.172248  19.1175  18.1657  17.5937  17.3278  17.0644    0.06540000   0.00008796  19592.936    26.369745   0.030624   0.146327   -1214.759 0   0.129359   0.229859   0.123413  -0.023005  -0.090770   -18.2849   -19.3372   -19.8027   -19.9222   -20.1179     1.0523     1.5179     0.1195
159.826887   5.194558  20.0566  18.1808  17.3579  16.9731  16.6565    0.07280000   0.00016307  21829.897    48.887156   0.041855   0.199993    1022.202 0   0.135426   0.115592   0.042856   0.027258   0.031224   -17.5643   -19.4202   -20.1704   -20.5396   -20.8602     1.8560     2.6061     0.3692
159.912413   5.175339  18.5051  16.4843  15.8194  15.4976  14.9430    0.06820000   0.00021352  20436.852    64.011686   0.046311   0.221283    -370.843 0   0.000637   0.000612   0.000214   0.000185   0.000156   -18.8387   -20.8595   -21.5240   -21.8457   -22.4003     2.0208     2.6853     0.3218
159.915076   5.173832  19.0114  17.2721  16.2919  15.8645  15.5323    0.07150000   0.00020469  21430.934    61.364518   0.049104   0.234631     623.239 0   0.512532   0.436812   0.170126   0.100958   0.068155   -18.9441   -20.6077   -21.3212   -21.6794   -21.9788     1.6636     2.3771     0.3582
159.830721   5.214119  18.0508  16.1776  15.3858  15.0074  14.7011    0.06820000   0.00016435  20438.950    49.270890   0.049396   0.236024    -368.745 0   0.083599   0.076357   0.028430   0.020170   0.020817   -19.3759   -21.2419   -21.9858   -22.3559   -22.6629     1.8660     2.6098     0.3701
159.908756   5.149846  20.4177  18.3676  17.5613  17.1306  16.8039    0.07540000   0.00016163  22608.938    48.455455   0.051808   0.247551    1801.243 0   0.175986   0.143404   0.052555   0.031712   0.038039   -17.3172   -19.3347   -20.0502   -20.4600   -20.7931     2.0175     2.7330     0.4099
159.833380   5.136472  17.8359  15.9124  15.0146  14.6179  14.3227    0.06880000   0.00019689  20626.441    59.026137   0.053975   0.257903    -181.255 0   0.299523   0.229831   0.082638   0.053892   0.055950   -19.8471   -21.7009   -22.4515   -22.8195   -23.1168     1.8538     2.6044     0.3680
159.847461   5.231188  20.0348  18.1488  17.3213  16.9385  16.4152    0.07240000   0.00017790  21703.145    53.333078   0.054920   0.262421     895.450 0   0.222643   0.174537   0.063495   0.037694   0.045100   -17.6613   -19.4992   -20.2156   -20.5726   -21.1033     1.8379     2.5544     0.3570
159.914200   5.151782  18.2230  16.2806  15.4090  14.9037  14.6270    0.06770000   0.00019642  20303.234    58.885235   0.055345   0.264449    -504.461 0   0.453299   0.379807   0.151163   0.092208   0.060911   -19.5787   -21.4476   -22.0905   -22.5369   -22.7823     1.8689     2.5119     0.4463
159.907145   5.224658  18.4464  16.5466  15.6686  15.2474  14.9180    0.07370000   0.00017720  22082.682    53.123224   0.060912   0.291049    1274.987 0   0.276886   0.212896   0.076712   0.048466   0.052938   -19.3640   -21.1998   -21.9416   -22.3345   -22.6684     1.8358     2.5776     0.3930
159.927718   5.164435  20.2453  18.4932  17.6605  17.2668  16.9413    0.07240000   0.00016368  21705.244    49.070030   0.063188   0.301926     897.549 0   0.170538   0.138900   0.051510   0.030885   0.036919   -17.3987   -19.1191   -19.8645   -20.2375   -20.5691     1.7205     2.4658     0.3731
159.806404   5.205394  19.0192  17.5111  16.8068  16.4287  16.1627    0.06940000   0.00022307  20804.667    66.874704   0.064846   0.309849      -3.028 0   0.214341   0.146776   0.078392   0.023901   0.018395   -18.5763   -20.0169   -20.6528   -20.9764   -21.2369     1.4405     2.0765     0.3236
159.935564   5.177554  20.2304  18.3285  17.4687  17.0708  16.7630    0.07320000   0.00017830  21943.459    53.452995   0.069208   0.330689    1135.764 0   0.235229   0.181918   0.067462   0.039220   0.046264   -17.5022   -19.3508   -20.0962   -20.4658   -20.7807     1.8486     2.5939     0.3697
159.796785   5.162654  19.8503  18.1610  17.3584  16.9668  16.6736    0.07070000   0.00014849  21208.608    44.516182   0.071058   0.339530     400.912 0   0.224304   0.166255   0.070717   0.033707   0.039329   -17.7956   -19.4269   -20.1340   -20.4885   -20.7874     1.6313     2.3383     0.3546
159.933024   5.146723  20.4277  18.5758  17.6906  17.2653  16.9934    0.06940000   0.00017263  20813.391    51.753172   0.074274   0.354898       5.696 0   0.306914   0.235861   0.086433   0.055633   0.056035   -17.2604   -19.0412   -19.7770   -20.1715   -20.4438     1.7808     2.5166     0.3945
159.785987   5.160734  19.8621  18.1734  17.4103  17.0569  16.7491    0.06710000   0.00020089  20126.507    60.225307   0.081963   0.391636    -681.188 0   0.089445   0.069287   0.029265   0.018158   0.019455   -17.5350   -19.2036   -19.9267   -20.2689   -20.5780     1.6685     2.3916     0.3423
159.789346   5.216332  19.0907  17.2975  16.4822  16.0867  15.7900    0.07250000   0.00016177  21721.642    48.497426   0.084851   0.405437     913.947 0   0.199367   0.151795   0.061025   0.031863   0.038796   -18.5820   -20.3276   -21.0521   -21.4185   -21.7221     1.7456     2.4702     0.3663
159.862493   5.090112  19.7273  18.3376  17.7100  17.3740  17.2128    0.07260000   0.00011620  21753.151    34.835884   0.089460   0.427459     945.455 0   0.119419   0.060735   0.043624   0.014566  -0.001798   -17.8716   -19.2026   -19.8131   -20.1200   -20.2649     1.3310     1.9415     0.3069
159.778940   5.203055  20.6893  18.9107  18.2225  17.8238  17.5135    0.06890000   0.00014226  20656.120    42.648475   0.089943   0.429767    -151.575 0   0.004703   0.004048   0.001440   0.001210   0.001081   -16.6808   -18.4588   -19.1444   -19.5428   -19.8530     1.7779     2.4635     0.3985
159.777581   5.209775  17.7517  15.7016  14.8003  14.3656  14.0985    0.06770000   0.00021782  20301.855    65.300793   0.093211   0.445383    -505.840 0   0.341266   0.262815   0.095235   0.064481   0.060397   -19.9379   -21.9096   -22.6433   -23.0473   -23.3103     1.9716     2.7054     0.4039
159.944572   5.230832  18.3820  16.6998  15.9238  15.5427  15.2674    0.06570000   0.00016690  19688.930    50.035361   0.093501   0.446770   -1118.765 0   0.193878   0.138433   0.063505   0.027425   0.032888   -19.0914   -20.7182   -21.4192   -21.7643   -22.0450     1.6268     2.3278     0.3450
159.776277   5.146129  19.7441  17.8062  16.9239  16.5343  16.2209    0.06950000   0.00016065  20830.899    48.161658   0.095478   0.456213      23.204 0   0.258606   0.199568   0.072101   0.044335   0.050371   -17.9201   -19.7989   -20.5538   -20.9156   -21.2350     1.8789     2.6337     0.3618
159.863923   5.083472  19.1986  17.8558  17.2907  16.9625  16.7663    0.07260000   0.00009106  21775.665    27.299101   0.096053   0.458961     967.970 0   0.159014   0.077798   0.066260   0.007958  -0.044021   -18.4399   -19.7014   -20.2550   -20.5249   -20.6691     1.2616     1.8151     0.2699
159.767564   5.226602  18.5235  16.7703  15.9220  15.5035  15.1854    0.06680000   0.00017817  20029.254    53.414022   0.108852   0.520120    -778.441 0   0.307454   0.238545   0.093808   0.055359   0.051987   -19.1031   -20.7874   -21.4910   -21.8710   -22.1858     1.6843     2.3879     0.3801
159.758095   5.198461  19.2508  17.3843  16.5292  16.1193  15.7721    0.06710000   0.00019597  20107.350    58.750328   0.109222   0.521886    -700.345 0   0.238093   0.184985   0.067234   0.040185   0.047316   -18.2950   -20.1084   -20.8457   -21.2286   -21.5829     1.8134     2.5507     0.3829
159.756440   5.166089  19.3006  17.4169  16.5946  16.1997  15.8820    0.06770000   0.00016340  20310.429    48.986088   0.110032   0.525758    -497.266 0   0.142721   0.120568   0.044689   0.028058   0.032480   -18.1905   -20.0520   -20.7985   -21.1767   -21.4989     1.8615     2.6080     0.3783
159.968070   5.132769  19.5897  17.7230  16.7929  16.3710  16.0481    0.07140000   0.00016892  21409.768    50.640942   0.111789   0.534153     602.073 0   0.395987   0.307506   0.112064   0.078706   0.065018   -18.2494   -20.0276   -20.7623   -21.1508   -21.4600     1.7782     2.5129     0.3885
159.753207   5.183091  18.7824  16.9817  16.1565  15.7730  15.4857    0.07070000   0.00019740  21207.738    59.179031   0.112490   0.537500     400.043 0   0.222166   0.167150   0.068032   0.034593   0.041144   -18.8614   -20.6071   -21.3332   -21.6832   -21.9771     1.7457     2.4718     0.3501
159.816724   5.073545  18.5685  16.7465  15.9162  15.5535  15.2771    0.07110000   0.00017313  21319.951    51.903068   0.116810   0.558144     512.255 0   0.192365   0.143201   0.060617   0.029700   0.036163   -19.0790   -20.8519   -21.5996   -21.9314   -22.2142     1.7728     2.5206     0.3318
159.752067   5.144268  19.2729  17.5488  16.7214  16.3344  16.0553    0.07240000   0.00015291  21694.181    45.841265   0.118907   0.568163     886.486 0   0.258960   0.196112   0.080599   0.041854   0.044575   -18.4595   -20.1208   -20.8326   -21.1809   -21.4627     1.6613     2.3731     0.3483
159.848227   5.060437  19.1647  17.7621  17.2059  16.8593  16.6379    0.07310000   0.00009674  21921.544    29.001922   0.120387   0.575233    1113.849 0   0.178734   0.099714   0.074187   0.007053  -0.039839   -18.5297   -19.8533   -20.3839   -20.6634   -20.8379     1.3236     1.8543     0.2795
159.797943   5.286162  19.8287  17.9305  17.1508  16.7774  16.5102    0.06450000   0.00018784  19330.198    56.313015   0.126429   0.604105   -1477.497 0   0.114339   0.091295   0.037698   0.022472   0.025153   -17.5284   -19.4036   -20.1297   -20.4879   -20.7578     1.8752     2.6013     0.3582
159.763615   5.256603  20.1660  18.2312  17.3782  16.9807  16.6655    0.06950000   0.00016449  20836.295    49.312861   0.127916   0.611210      28.600 0   0.213865   0.168403   0.061508   0.036229   0.043725   -17.4534   -19.3428   -20.0889   -20.4611   -20.7838     1.8893     2.6354     0.3722
159.977503   5.262756  17.6632  16.2518  15.5581  15.1395  14.8461    0.06430000   0.00008963  19291.525    26.870398   0.138712   0.662796   -1516.170 0   0.276078   0.227856   0.116424   0.039310  -0.000343   -19.8489   -21.2121   -21.7944   -22.1359   -22.3896     1.3632     1.9454     0.3415
159.760697   5.079796  17.7642  16.0484  15.2841  14.8857  14.6235    0.06810000   0.00016608  20421.443    49.789531   0.144776   0.691769    -386.253 0   0.212691   0.152266   0.070305   0.029199   0.033652   -19.7851   -21.4405   -22.1228   -22.4801   -22.7468     1.6554     2.3377     0.3573
159.785548   5.054067  19.8603  17.9866  17.0997  16.6923  16.3782    0.07260000   0.00016654  21757.887    49.927436   0.148893   0.711443     950.192 0   0.290023   0.222609   0.080408   0.051515   0.054567   -17.9092   -19.7155   -20.4602   -20.8387   -21.1558     1.8063     2.5510     0.3785
159.733535   5.254021  18.8681  17.0374  16.2298  15.8389  15.5320    0.06830000   0.00016088  20460.895    48.230611   0.151603   0.724391    -346.800 0   0.146563   0.119332   0.046294   0.027478   0.032113   -18.6461   -20.4495   -21.1841   -21.5562   -21.8677     1.8035     2.5380     0.3721
159.713907   5.191898  18.2152  16.4035  15.6028  15.2093  14.9061    0.06360000   0.00016475  19054.419    49.390807   0.152077   0.726658   -1753.276 0   0.133672   0.109819   0.042958   0.025928   0.029780   -19.1307   -20.9185   -21.6523   -22.0288   -22.3359     1.7878     2.5217     0.3765
159.767824   5.307397  19.8001  17.9159  17.1029  16.7008  16.4020    0.06500000   0.00017409  19493.075    52.190869   0.161050   0.769531   -1314.620 0   0.167859   0.135107   0.051385   0.030038   0.035907   -17.6274   -19.4788   -20.2081   -20.5889   -20.8935     1.8514     2.5807     0.3808
159.988625   5.289337  17.6180  15.9733  15.2593  14.8764  14.6264    0.06310000   0.00015993  18930.755    47.945808   0.164178   0.784475   -1876.941 1   0.193700   0.130503   0.067238   0.023600   0.025292   -19.7707   -21.3522   -22.0029   -22.3422   -22.5939     1.5815     2.2322     0.3393
160.001293   5.275675  19.3212  17.9821  17.3507  16.9406  16.7327    0.06960000   0.00008695  20877.966    26.066954   0.165462   0.790615      70.271 0   0.222756   0.163219   0.096829   0.018018  -0.026726   -18.3070   -19.5865   -20.1516   -20.4828   -20.6460     1.2796     1.8446     0.3313
160.031307   5.204558  18.7875  16.9119  16.0367  15.6088  15.2865    0.06880000   0.00018688  20625.062    56.025215   0.166430   0.795238    -182.634 0   0.291785   0.223941   0.080634   0.051969   0.054917   -18.8878   -20.6955   -21.4274   -21.8267   -22.1519     1.8078     2.5396     0.3992
159.717962   5.098957  19.0753  17.4470  16.6581  16.2243  15.9061    0.06420000   0.00015678  19251.443    47.001462   0.168087   0.803156   -1556.253 0   0.329454   0.271095   0.121400   0.059948   0.035797   -18.4833   -20.0532   -20.6924   -21.0648   -21.3588     1.5699     2.2091     0.3723
159.738426   5.294145  19.4034  17.5645  16.7745  16.3925  16.1023    0.06580000   0.00015617  19721.397    46.818588   0.171206   0.818056   -1086.298 0   0.140531   0.110039   0.045536   0.025508   0.029738   -18.0234   -19.8318   -20.5573   -20.9193   -21.2137     1.8084     2.5339     0.3620
159.887997   5.350070  19.9117  18.0179  17.1610  16.7544  16.4118    0.06770000   0.00018602  20306.982    55.767393   0.171959   0.821655    -500.713 0   0.224602   0.175857   0.063966   0.038003   0.045384   -17.6613   -19.5063   -20.2513   -20.6320   -20.9820     1.8451     2.5901     0.3806
159.773680   5.326070  18.4173  16.5791  15.7182  15.2892  14.9337    0.06570000   0.00018488  19705.088    55.425630   0.173074   0.826982   -1102.607 0   0.290043   0.222606   0.080112   0.051537   0.054717   -19.1523   -20.9230   -21.6414   -22.0419   -22.4005     1.7708     2.4892     0.4004
159.698676   5.233808  18.6992  16.8715  16.0328  15.6287  15.3168    0.06670000   0.00018442  19982.157    55.287725   0.175362   0.837915    -825.538 0   0.220631   0.171806   0.063860   0.036861   0.044161   -18.8127   -20.5915   -21.3223   -21.6994   -22.0186     1.7789     2.5096     0.3771
160.045507   5.163155  19.8911  18.0623  17.1730  16.7771  16.4431    0.07150000   0.00017883  21430.664    53.611885   0.179420   0.857309     622.969 0   0.311918   0.239567   0.086994   0.056935   0.057046   -17.8638   -19.6202   -20.3570   -20.7228   -21.0569     1.7564     2.4932     0.3658
160.018789   5.081834  18.5693  16.7086  15.8220  15.4153  15.1376    0.07010000   0.00017674  21020.698    52.985319   0.180728   0.863556     213.003 0   0.315443   0.242982   0.089614   0.057854   0.056675   -19.1672   -20.9554   -21.6887   -22.0636   -22.3401     1.7882     2.5215     0.3749
159.877778   4.998018  18.7990  16.8498  15.9650  15.5755  15.2610    0.06790000   0.00016802  20362.054    50.371129   0.181855   0.868940    -445.641 0   0.266251   0.205074   0.074045   0.045997   0.051435   -18.8221   -20.7101   -21.4638   -21.8253   -22.1452     1.8880     2.6418     0.3615
159.794133   5.351981  19.4035  17.7713  17.0439  16.6475  16.3492    0.06770000   0.00017837  20304.074    53.473981   0.186780   0.892476    -503.621 0   0.135323   0.097170   0.045310   0.022473   0.025876   -18.0802   -19.6742   -20.3498   -20.7233   -21.0250     1.5940     2.2696     0.3736
159.888995   5.367088  19.1896  17.8713  17.2260  16.7865  16.5408    0.06950000   0.00008496  20836.445    25.470367   0.188968   0.902931      28.750 0   0.269187   0.244816   0.126342   0.034715  -0.028036   -18.4852   -19.7791   -20.3059   -20.6538   -20.8367     1.2939     1.8208     0.3479
159.682204   5.233938  18.7393  16.8852  16.0712  15.7028  15.4236    0.07110000   0.00014514  21325.647    43.511877   0.191064   0.912945     517.951 0   0.192914   0.145825   0.059886   0.030602   0.037277   -18.9088   -20.7158   -21.4439   -21.7830   -22.0689     1.8070     2.5351     0.3391
159.724050   5.313036  18.9958  17.0561  16.2167  15.8228  15.5047    0.06670000   0.00017232  19984.525    51.660236   0.194539   0.929551    -823.170 0   0.192811   0.154454   0.056537   0.033564   0.040600   -18.4883   -20.3896   -21.1311   -21.5020   -21.8271     1.9013     2.6428     0.3709
159.899476   4.986966  18.6388  16.9134  16.1847  15.8397  15.5696    0.07320000   0.00013944  21943.309    41.803060   0.195382   0.933576    1135.614 0   0.060346   0.043576   0.018258   0.012095   0.012393   -18.9189   -20.6276   -21.3310   -21.6698   -21.9402     1.7086     2.4120     0.3388
159.901232   5.373663  19.4966  17.6734  16.8460  16.4281  16.1395    0.07000000   0.00017096  20993.956    51.252519   0.197291   0.942696     186.261 0   0.224963   0.172762   0.066312   0.036689   0.043710   -18.1496   -19.9206   -20.6415   -21.0298   -21.3254     1.7710     2.4919     0.3883
159.674371   5.108456  19.1405  17.2113  16.3008  15.8913  15.5970    0.07040000   0.00015766  21098.973    47.265279   0.203734   0.973484     291.278 0   0.322565   0.247482   0.088770   0.059642   0.058842   -18.6157   -20.4698   -21.2216   -21.6020   -21.8955     1.8541     2.6059     0.3804
159.686495   5.293196  19.4909  17.6565  16.8065  16.4026  16.0838    0.06660000   0.00015360  19965.248    46.048122   0.211948   1.012730    -842.447 0   0.220463   0.172750   0.063167   0.037233   0.044636   -18.0209   -19.8076   -20.5480   -20.9260   -21.2522     1.7867     2.5271     0.3780
159.841665   5.391225  20.1237  18.4597  17.6591  17.2823  17.0143    0.07140000   0.00017208  21418.222    51.588286   0.213119   1.018326     610.527 0   0.237298   0.174982   0.077778   0.034831   0.037565   -17.5567   -19.1584   -19.8618   -20.1957   -20.4664     1.6017     2.3051     0.3339
160.079469   5.232891  19.5712  18.2950  17.6962  17.3241  17.0816    0.06920000   0.00016445  20735.595    49.300870   0.219102   1.046918     -72.100 0   0.215437   0.172915   0.105592   0.012513  -0.064641   -18.0404   -19.2741   -19.8055   -20.0846   -20.2499     1.2337     1.7652     0.2790
160.089746   5.115045  20.2538  18.5008  17.7294  17.3579  17.0695    0.07270000   0.00015772  21788.466    47.283266   0.231871   1.107929     980.771 0   0.130161   0.099476   0.042857   0.023516   0.027061   -17.3801   -19.1024   -19.8171   -20.1693   -20.4613     1.7223     2.4371     0.3522
159.664084   5.306796  20.3191  18.3609  17.5261  17.1285  16.8060    0.06720000   0.00017392  20142.336    52.139904   0.238080   1.137596    -665.359 0   0.191627   0.153726   0.056237   0.033435   0.040442   -17.1801   -19.1004   -19.8377   -20.2125   -20.5420     1.9203     2.6576     0.3748
159.677659   5.028870  18.6442  16.6480  15.7205  15.2902  14.9715    0.06510000   0.00022503  19522.155    67.462297   0.240645   1.149852   -1285.540 0   0.387774   0.301062   0.109844   0.076654   0.064247   -18.9853   -20.8948   -21.6311   -22.0282   -22.3345     1.9095     2.6458     0.3971
159.665247   5.324489  19.6215  17.7957  17.0055  16.6485  16.3491    0.06300000   0.00016693  18901.795    50.044355   0.247053   1.180469   -1905.901 1   0.073605   0.064364   0.024686   0.017464   0.017700   -17.6223   -19.4389   -20.1894   -20.5392   -20.8388     1.8166     2.5671     0.3498
159.768596   4.939730  19.2117  17.8797  17.2101  16.8519  16.5876    0.06780000   0.00021116  20337.621    63.304175   0.258687   1.236060    -470.075 0   0.236609   0.186892   0.106214   0.024319  -0.029625   -18.3552   -19.6375   -20.2264   -20.5027   -20.7131     1.2823     1.8712     0.2763
159.772039   4.933293  18.3684  16.4150  15.5394  15.1523  14.8514    0.06920000   0.00017785  20733.377    53.318089   0.263426   1.258705     -74.319 0   0.244653   0.189935   0.068499   0.041627   0.048487   -19.2724   -21.1711   -21.9252   -22.2855   -22.5932     1.8987     2.6528     0.3602
159.609302   5.097325  18.0223  16.6872  16.0494  15.7152  15.5057    0.06760000   0.00017820  20260.184    53.423016   0.268627   1.283556    -547.511 0   0.122460   0.063536   0.044878   0.014951   0.000343   -19.4419   -20.7181   -21.3373   -21.6415   -21.8364     1.2762     1.8953     0.3043
159.733240   5.430859  19.3317  17.4375  16.4696  15.9767  15.6041    0.07010000   0.00019662  21011.314    58.945193   0.284059   1.357293     203.619 0   0.568044   0.464535   0.174051   0.109338   0.077458   -18.6574   -20.4481   -21.1255   -21.5537   -21.8944     1.7907     2.4681     0.4282
159.765743   5.466674  18.9739  17.0583  16.1881  15.7598  15.4473    0.06870000   0.00017421  20585.939    52.226844   0.304070   1.452911    -221.756 0   0.299381   0.229731   0.082659   0.053855   0.055904   -18.6846   -20.5305   -21.2536   -21.6531   -21.9677     1.8460     2.5691     0.3995
159.635855   4.972182  19.1244  17.4953  16.7436  16.3876  16.1481    0.06770000   0.00018073  20296.819    54.181491   0.309130   1.477090    -510.876 0   0.166886   0.109647   0.058125   0.021928   0.023682   -18.3909   -19.9627   -20.6629   -20.9827   -21.2240     1.5719     2.2720     0.3198
160.135764   5.024591  19.7238  17.8390  16.9573  16.5627  16.2548    0.07100000   0.00018121  21294.018    54.325391   0.310037   1.481421     486.323 0   0.294805   0.226300   0.081937   0.052694   0.055071   -18.0199   -19.8362   -20.5735   -20.9389   -21.2492     1.8163     2.5536     0.3654
159.909923   5.493176  20.0525  18.2704  17.4692  17.0892  16.8193    0.06840000   0.00017611  20508.202    52.796450   0.316698   1.513248    -299.493 0   0.191144   0.142309   0.060281   0.029565   0.035997   -17.5094   -19.2427   -19.9619   -20.3112   -20.5875     1.7333     2.4524     0.3493
160.030920   4.907187  18.6503  16.7563  15.9114  15.5239  15.2374    0.06510000   0.00016489  19509.294    49.432778   0.317961   1.519283   -1298.401 1   0.211535   0.164734   0.062038   0.035132   0.042488   -18.8030   -20.6502   -21.3924   -21.7530   -22.0468     1.8472     2.5894     0.3606
159.674100   4.920028  19.9376  18.1682  17.3958  17.0299  16.7700    0.07260000   0.00016202  21760.046    48.572374   0.322319   1.540108     952.351 0   0.119148   0.088747   0.039566   0.021535   0.024345   -17.6610   -19.4000   -20.1232   -20.4711   -20.7338     1.7390     2.4622     0.3479
160.164538   5.305440  17.5960  16.4270  15.9810  15.6413  15.4827    0.07000000   0.00009570  20990.569    28.690138   0.322800   1.542409     182.873 0   0.174829   0.092819   0.089483  -0.036457  -0.094667   -20.0000   -21.0870   -21.5297   -21.7434   -21.8438     1.0870     1.5297     0.2138
160.171690   5.059772  19.1542  17.3302  16.4699  16.0703  15.7872    0.07680000   0.00014875  23029.337    44.594128   0.327046   1.562693    2221.642 1   0.264312   0.202014   0.077869   0.044557   0.048563   -18.7092   -20.4709   -21.2070   -21.5733   -21.8604     1.7617     2.4979     0.3663
160.018407   4.886725  18.6465  16.7460  15.8508  15.4301  15.1143    0.07080000   0.00015789  21239.007    47.334231   0.329736   1.575546     431.311 0   0.307088   0.235603   0.084775   0.055755   0.056865   -19.1066   -20.9356   -21.6799   -22.0716   -22.3885     1.8290     2.5734     0.3917
160.028436   4.890375  19.9048  18.4259  17.6003  17.1517  16.8682    0.07120000   0.00015326  21356.046    45.946192   0.331258   1.582821     548.350 0   0.403028   0.388797   0.167207   0.077199   0.032026   -17.9352   -19.3999   -20.0039   -20.3625   -20.6008     1.4647     2.0687     0.3586
159.789212   5.505330  19.4416  17.7998  17.0300  16.5666  16.3013    0.06870000   0.00022362  20606.115    67.039589   0.334707   1.599302    -201.580 0   0.355979   0.306540   0.137008   0.065698   0.032568   -18.2734   -19.8658   -20.4661   -20.8582   -21.0903     1.5924     2.1926     0.3921
159.650319   4.922652  18.0882  16.8768  16.4045  16.0933  15.9008    0.07200000   0.00008787  21572.316    26.342763   0.334892   1.600185     764.621 0   0.163397   0.066466   0.074065  -0.013296  -0.082635   -19.5334   -20.6479   -21.1278   -21.3516   -21.4748     1.1145     1.5944     0.2238
159.786655   4.838781  19.7839  18.0294  17.1691  16.7923  16.4547    0.06860000   0.00017067  20561.596    51.165579   0.349785   1.671345    -246.100 0   0.264415   0.201699   0.079084   0.044234   0.047761   -17.8331   -19.5249   -20.2626   -20.6045   -20.9456     1.6918     2.4295     0.3419
160.187460   5.037725  19.9486  18.3705  17.6748  17.3217  17.0798    0.07680000   0.00028000  23037.671    83.941888   0.350044   1.672584    2229.976 1   0.115322   0.071410   0.039132   0.017287   0.016970   -17.7658   -19.3000   -19.9634   -20.2947   -20.5363     1.5342     2.1976     0.3313
160.159763   4.979984  18.8172  17.4120  16.6965  16.2763  16.0169    0.06850000   0.00010291  20543.638    30.851642   0.354036   1.691661    -264.057 0   0.302551   0.269348   0.131474   0.046851  -0.001295   -18.8381   -20.2101   -20.7877   -21.1233   -21.3345     1.3720     1.9496     0.3356
159.731457   4.851663  17.8415  16.3524  15.6121  15.2222  14.9359    0.07080000   0.00016451  21228.963    49.318857   0.354201   1.692446     421.268 0   0.274315   0.217977   0.109272   0.040834   0.013282   -19.8788   -21.3115   -21.9431   -22.2646   -22.5234     1.4328     2.0644     0.3215
159.535836   5.341991  18.3232  16.4319  15.6311  15.2362  14.9291    0.06720000   0.00018189  20156.366    54.529250   0.366863   1.752949    -651.329 0   0.116649   0.101821   0.038047   0.024923   0.027694   -19.1010   -20.9775   -21.7145   -22.0963   -22.4061     1.8765     2.6135     0.3818
160.240857   5.212693  19.2067  17.8995  17.2909  16.9519  16.7661    0.06890000   0.00024399  20664.035    73.146362   0.374700   1.790398    -143.661 0   0.177313   0.098649   0.072872   0.008269  -0.035052   -18.3360   -19.5646   -20.1474   -20.4218   -20.5643     1.2285     1.8114     0.2744
160.188351   4.979102  19.5419  17.7492  16.9305  16.5638  16.3140    0.06820000   0.00015641  20460.386    46.890538   0.378364   1.807901    -347.310 0   0.229864   0.168970   0.074442   0.033670   0.037742   -18.0311   -19.7629   -20.4871   -20.8130   -21.0669     1.7318     2.4560     0.3259
159.776558   4.803217  18.9615  17.6392  16.9337  16.5425  16.2667    0.06960000   0.00018040  20877.907    54.082559   0.386706   1.847761      70.211 0   0.272728   0.250275   0.128051   0.036026  -0.026700   -18.7167   -20.0165   -20.5998   -20.8990   -21.1120     1.2998     1.8831     0.2992
160.251842   5.116211  18.8103  17.4996  16.8926  16.5383  16.3537    0.06760000   0.00012072  20278.172    36.190946   0.389345   1.860372    -529.523 0   0.195325   0.124539   0.085462   0.005897  -0.048728   -18.7268   -19.9667   -20.5346   -20.8094   -20.9394     1.2399     1.8078     0.2747
159.696999   4.822191  19.0548  17.2127  16.3522  15.9653  15.6667    0.06920000   0.00016143  20752.533    48.395496   0.395008   1.887434     -55.162 0   0.259864   0.199097   0.075173   0.043895   0.048900   -18.6012   -20.3825   -21.1191   -21.4747   -21.7783     1.7813     2.5179     0.3556
159.553419   5.424567  19.0054  17.9124  17.5802  17.3161  17.2062    0.07200000   0.00008978  21581.999    26.915367   0.396271   1.893466     774.304 0   0.158606   0.031371   0.079882  -0.050232  -0.033613   -18.6114   -19.5772   -19.9579   -20.0919   -20.2184     0.9658     1.3465     0.1340
159.681091   5.546043  19.4246  17.7016  16.8148  16.2826  15.8999    0.06930000   0.00022858  20772.350    68.526560   0.410247   1.960247     -35.346 0   0.525916   0.453773   0.176075   0.101910   0.069571   -18.5006   -20.1515   -20.7606   -21.2186   -21.5690     1.6509     2.2600     0.4580
159.997344   4.788824  18.3199  16.6653  15.9116  15.5187  15.2363    0.05670000   0.00017473  17003.149    52.382736   0.411961   1.968439   -3804.546 1   0.195524   0.139236   0.064199   0.027377   0.032749   -18.8161   -20.4144   -21.0931   -21.4492   -21.7370     1.5983     2.2770     0.3561
159.760049   4.776627  19.9025  18.5044  17.7106  17.3045  16.9877    0.06980000   0.00012018  20936.966    36.029058   0.416488   1.990066     129.271 0   0.347411   0.321909   0.147258   0.062796   0.014861   -17.8386   -19.2112   -19.8304   -20.1520   -20.4209     1.3726     1.9917     0.3216
159.645015   4.825150  18.2889  16.7544  16.0641  15.6892  15.4366    0.06670000   0.00014490  19987.403    43.439927   0.417186   1.993402    -820.292 0   0.183829   0.116368   0.066697   0.019642   0.015673   -19.1862   -20.6532   -21.2938   -21.6217   -21.8703     1.4670     2.1077     0.3278
159.452331   5.244772  17.9777  16.0436  15.1708  14.7526  14.4611    0.07000000   0.00018247  20999.053    54.703130   0.417217   1.993550     191.358 0   0.257911   0.199259   0.071650   0.044284   0.050435   -19.7014   -21.5768   -22.3220   -22.7129   -23.0105     1.8754     2.6206     0.3908
159.430395   5.208747  19.3173  17.3873  16.4610  16.0125  15.6867    0.07030000   0.00016130  21080.596    48.356523   0.434910   2.078093     272.901 0   0.422394   0.331380   0.122505   0.085798   0.066124   -18.5144   -20.3534   -21.0708   -21.4826   -21.7887     1.8390     2.5564     0.4118
159.720756   4.752210  19.0579  17.1892  16.3345  15.9393  15.6580    0.06890000   0.00016258  20644.008    48.740258   0.451143   2.155655    -163.687 0   0.243390   0.186452   0.071059   0.040253   0.046401   -18.5509   -20.3627   -21.1020   -21.4664   -21.7538     1.8118     2.5511     0.3644
159.771517   4.734774  18.9764  17.1980  16.3557  15.9465  15.6171    0.06690000   0.00016654  20058.814    49.927436   0.454593   2.172139    -748.882 0   0.199053   0.158159   0.058183   0.034191   0.041379   -18.5238   -20.2613   -21.0037   -21.3889   -21.7255     1.7375     2.4798     0.3852
159.583089   5.538303  18.0662  17.0454  16.6815  16.3755  16.2962    0.07960000   0.00009325  23874.422    27.955647   0.456269   2.180151    3066.727 1   0.170136   0.058376   0.089147  -0.079328  -0.049819   -19.8053   -20.7143   -21.1090   -21.2465   -21.3553     0.9090     1.3037     0.1375
159.605733   4.798235  18.8001  17.5834  17.0868  16.7308  16.5380    0.06780000   0.00008328  20314.297    24.966716   0.461087   2.203171    -493.398 0   0.181849   0.109668   0.089042  -0.015534  -0.094691   -18.7121   -19.8566   -20.3326   -20.5840   -20.6976     1.1445     1.6205     0.2514
159.850432   4.714065  18.9219  16.9131  15.9902  15.5633  15.2320    0.07180000   0.00017879  21524.049    53.599894   0.465697   2.225198     716.354 0   0.398557   0.310249   0.113551   0.079509   0.064926   -18.9532   -20.8737   -21.5999   -21.9927   -22.3095     1.9205     2.6467     0.3929
160.313396   5.037920  20.0023  18.3018  17.5700  17.2614  17.0476    0.07420000   0.00013252  22249.697    39.728497   0.467427   2.233466    1442.002 1   0.064988   0.039740   0.018705   0.010851   0.010707   -17.6109   -19.2862   -19.9969   -20.2977   -20.5113     1.6753     2.3860     0.3007
159.526263   4.855226  18.9827  17.9962  17.5667  17.2656  17.1487    0.06810000   0.00008825  20421.083    26.456684   0.468723   2.239658    -386.612 0   0.154419   0.111498   0.099674  -0.066142  -0.074486   -18.5083   -19.4519   -19.8696   -20.0049   -20.1134     0.9436     1.3613     0.1353
160.082681   4.757684  18.5916  16.6816  15.7717  15.3339  15.0208    0.06810000   0.00017773  20408.551    53.282114   0.473765   2.263750    -399.144 0   0.356603   0.275296   0.099930   0.068481   0.061814   -19.1016   -20.9303   -21.6648   -22.0712   -22.3776     1.8287     2.5632     0.4064
160.134408   5.571773  19.6621  18.3083  17.6224  17.2441  17.0004    0.07530000   0.00015346  22589.152    46.006151   0.474637   2.267916    1781.457 1   0.253974   0.215263   0.116192   0.029788  -0.028009   -18.1509   -19.4660   -20.0529   -20.3447   -20.5307     1.3151     1.9019     0.2919
159.705649   4.707826  19.6793  17.7728  16.8787  16.4664  16.1539    0.06580000   0.00016014  19729.881    48.008764   0.498007   2.379583   -1077.814 1   0.316429   0.242800   0.087357   0.058086   0.057996   -17.9234   -19.7563   -20.4950   -20.8780   -21.1904     1.8329     2.5715     0.3830
159.497467   5.519431  20.0418  17.9452  17.0279  16.5639  16.1478    0.07210000   0.00022164  21602.295    66.446000   0.500336   2.390710     794.600 0   0.479947   0.378811   0.140502   0.098480   0.070611   -17.9025   -19.8980   -20.5770   -20.9990   -21.3872     1.9955     2.6745     0.4220
159.370498   5.307177  19.5380  17.9068  17.0606  16.5874  16.2404    0.07050000   0.00019547  21144.722    58.600432   0.509824   2.436049     337.027 0   0.435909   0.380497   0.157205   0.086758   0.052315   -18.3314   -19.9072   -20.5301   -20.9328   -21.2454     1.5758     2.1987     0.4028
159.752138   4.676679  19.9855  18.1561  17.2407  16.8223  16.5373    0.06870000   0.00016919  20609.412    50.721886   0.515471   2.463031    -198.283 0   0.369998   0.287058   0.105090   0.072147   0.062498   -17.7436   -19.4900   -20.2235   -20.6089   -20.8843     1.7465     2.4799     0.3855
159.758122   4.674494  19.3660  17.5403  16.6423  16.2392  15.9411    0.06750000   0.00019662  20241.897    58.945193   0.516329   2.467129    -565.798 0   0.336359   0.261053   0.097640   0.063481   0.058032   -18.3123   -20.0627   -20.7973   -21.1662   -21.4589     1.7504     2.4850     0.3689
160.292063   4.866913  18.3867  16.6506  15.8496  15.4633  15.1774    0.07660000   0.00016088  22954.419    48.230611   0.526950   2.517881    2146.724 1   0.198964   0.148284   0.062313   0.030537   0.037192   -19.4086   -21.0941   -21.8091   -22.1636   -22.4562     1.6854     2.4004     0.3545
160.304268   4.881374  18.8336  17.5465  16.9642  16.5768  16.3602    0.06770000   0.00011897  20281.709    35.666309   0.528493   2.525253    -525.986 0   0.202698   0.139756   0.092344   0.006315  -0.055717   -18.7175   -19.9416   -20.4765   -20.7779   -20.9325     1.2242     1.7590     0.3014
159.694782   4.679106  20.0913  18.3024  17.3853  16.9310  16.5607    0.06830000   0.00014268  20461.555    42.774388   0.528682   2.526154    -346.140 0   0.467180   0.386612   0.151174   0.095422   0.064370   -17.7435   -19.4518   -20.1335   -20.5320   -20.8713     1.7083     2.3900     0.3985
160.351204   4.957526  18.8671  17.2257  16.3970  15.9678  15.6748    0.06790000   0.00015636  20353.270    46.875549   0.531677   2.540467    -454.425 0   0.375618   0.322976   0.140502   0.071773   0.039694   -18.8633   -20.4521   -21.0983   -21.4588   -21.7197     1.5888     2.2350     0.3605
160.315073   4.887179  17.6545  15.7674  14.8711  14.4342  14.1228    0.06840000   0.00011754  20504.455    35.237606   0.534215   2.552592    -303.240 0   0.341400   0.263010   0.095416   0.064530   0.060346   -20.0577   -21.8664   -22.5951   -23.0011   -23.3083     1.8087     2.5374     0.4060
159.753323   4.654497  19.8616  18.0012  17.0969  16.6908  16.3578    0.06870000   0.00017542  20599.279    52.589593   0.536883   2.565340    -208.416 0   0.359677   0.280239   0.104249   0.069746   0.060513   -17.8571   -19.6381   -20.3664   -20.7380   -21.0618     1.7810     2.5093     0.3716
159.875106   4.639336  20.1944  18.1305  17.2192  16.7982  16.4722    0.06800000   0.00021488  20389.335    64.419403   0.540238   2.581371    -418.360 0   0.368815   0.285151   0.103537   0.071636   0.062936   -17.5112   -19.4914   -20.2211   -20.6102   -20.9275     1.9802     2.7099     0.3891
159.769537   4.647480  17.1699  15.1972  14.2756  13.8520  13.5478    0.06870000   0.00021367  20599.639    64.056655   0.540642   2.583301    -208.056 0   0.374180   0.290083   0.105853   0.073156   0.063077   -20.5634   -22.4520   -23.1893   -23.5802   -23.8743     1.8886     2.6260     0.3909
159.796188   4.641434  19.3457  17.3280  16.4324  16.0114  15.6857    0.07020000   0.00017073  21043.152    51.183566   0.542552   2.592430     235.457 0   0.336156   0.258325   0.093033   0.063107   0.060187   -18.4179   -20.3577   -21.0880   -21.4791   -21.8019     1.9399     2.6702     0.3911
159.337598   5.325020  19.7209  17.9299  17.0430  16.5776  16.2287    0.06390000   0.00016238  19159.256    48.680299   0.546090   2.609333   -1648.439 1   0.438020   0.368550   0.148563   0.088831   0.057954   -17.9183   -19.6398   -20.3067   -20.7124   -21.0304     1.7215     2.3884     0.4057
159.918430   4.628237  18.6389  17.3557  16.7537  16.3805  16.0959    0.05690000   0.00008280  17046.169    24.822816   0.553721   2.645797   -3761.526 1   0.214277   0.163928   0.101502   0.013102  -0.057303   -18.5409   -19.7738   -20.3133   -20.5981   -20.8123     1.2329     1.7724     0.2848
160.331284   4.870885  18.7688  17.0348  16.1933  15.8043  15.4931    0.06920000   0.00016125  20755.861    48.341534   0.556664   2.659860     -51.834 0   0.272706   0.208331   0.083326   0.045840   0.047562   -18.9000   -20.5697   -21.2862   -21.6377   -21.9506     1.6696     2.3861     0.3515
159.810713   4.622485  19.9895  18.2219  17.3691  16.9707  16.6597    0.06890000   0.00015945  20640.921    47.801907   0.559740   2.674555    -166.775 0   0.285334   0.219169   0.086480   0.049286   0.049663   -17.6612   -19.3627   -20.0828   -20.4440   -20.7554     1.7014     2.4215     0.3612
159.958194   4.616574  19.3588  17.4409  16.5891  16.1631  15.8232    0.07120000   0.00017841  21338.987    53.485972   0.570348   2.725246     531.292 0   0.252046   0.195163   0.070228   0.043122   0.049595   -18.3302   -20.1913   -20.9181   -21.3170   -21.6634     1.8610     2.5879     0.3989
159.289027   5.171566  19.6501  17.8103  16.9682  16.5695  16.2834    0.07060000   0.00017205  21159.022    51.579292   0.574772   2.746381     351.327 0   0.256985   0.196045   0.076105   0.042728   0.047356   -18.0254   -19.8043   -20.5265   -20.8918   -21.1825     1.7789     2.5010     0.3653
159.698015   4.619505  20.0480  18.2202  17.3956  17.0279  16.7054    0.06860000   0.00016240  20578.444    48.686295   0.584480   2.792767    -229.251 0   0.117536   0.101635   0.038331   0.024838   0.027670   -17.4221   -19.2340   -19.9953   -20.3495   -20.6749     1.8119     2.5732     0.3542
159.719453   4.612256  20.2202  18.2090  17.3044  16.9011  16.5689    0.06800000   0.00018338  20381.480    54.975941   0.585743   2.798805    -426.215 0   0.344943   0.265328   0.095599   0.065364   0.061081   -17.4615   -19.3931   -20.1279   -20.5010   -20.8289     1.9316     2.6665     0.3731
159.673775   4.624097  19.4444  17.6806  16.8278  16.4339  16.1423    0.06750000   0.00014926  20233.563    44.747022   0.587503   2.807214    -574.133 0   0.294643   0.227654   0.091271   0.051575   0.049458   -18.1922   -19.8890   -20.6054   -20.9596   -21.2491     1.6968     2.4132     0.3542
159.464603   5.611784  19.5309  17.7231  16.8945  16.4943  16.1355    0.07210000   0.00017373  21618.484    52.082944   0.588860   2.813697     810.789 0   0.169988   0.138839   0.051298   0.030913   0.036924   -18.1035   -19.8801   -20.6212   -21.0010   -21.3658     1.7767     2.5177     0.3798
159.714507   4.599058  18.4531  17.2845  16.9570  16.6797  16.6214    0.06870000   0.00007674  20589.956    23.006073   0.599755   2.865755    -217.739 0   0.164258   0.032968   0.082153  -0.060492  -0.031376   -19.0702   -20.1075   -20.4842   -20.6189   -20.7063     1.0373     1.4140     0.1347
159.579443   4.651015  19.6417  18.2521  17.4554  17.0554  16.7732    0.07060000   0.00010705  21179.318    32.092783   0.600666   2.870108     371.623 0   0.340645   0.319123   0.147075   0.060974   0.010179   -18.1175   -19.4856   -20.1102   -20.4241   -20.6555     1.3681     1.9927     0.3139
159.652971   4.616116  18.8415  17.8587  17.5322  17.2288  17.1330    0.06760000   0.00007806  20269.837    23.401799   0.602042   2.876685    -537.858 0   0.170792   0.048049   0.087675  -0.081642  -0.038989   -18.6711   -19.5311   -19.8973   -20.0313   -20.1698     0.8601     1.2262     0.1341
159.949368   4.580538  17.9185  15.9445  15.0433  14.6137  14.2978    0.07200000   0.00021264  21575.434    63.747868   0.604675   2.889267     767.739 0   0.334499   0.256966   0.092446   0.062681   0.060053   -19.8742   -21.7707   -22.5073   -22.9072   -23.2204     1.8965     2.6331     0.3998
159.931602   4.575233  18.5191  17.4746  17.0987  16.8010  16.6563    0.07160000   0.00007960  21475.363    23.863480   0.607778   2.904091     667.668 0   0.170446   0.053499   0.083957  -0.056826  -0.059971   -19.1006   -20.0281   -20.4345   -20.5914   -20.7329     0.9276     1.3339     0.1569
159.680633   4.597378  18.1184  16.2859  15.4437  15.0524  14.7474    0.06670000   0.00017747  19998.705    53.204168   0.610724   2.918166    -808.990 0   0.211925   0.165140   0.062066   0.035242   0.042603   -19.3848   -21.1705   -21.9096   -22.2741   -22.5864     1.7857     2.5248     0.3645
159.695022   4.590996  18.4520  16.8197  16.0252  15.6454  15.3629    0.06790000   0.00016056  20355.428    48.134677   0.612671   2.927473    -452.267 0   0.241324   0.178781   0.078969   0.035872   0.038256   -19.1441   -20.7139   -21.4086   -21.7453   -22.0302     1.5698     2.2644     0.3367
159.426317   5.618949  20.0424  18.3133  17.5425  17.1469  16.7976    0.07980000   0.00017996  23909.288    53.950651   0.620442   2.964605    3101.593 1   0.055953   0.055112   0.019734   0.015530   0.014571   -17.6991   -19.4274   -20.1628   -20.5542   -20.9026     1.7283     2.4637     0.3914
159.821389   4.558843  19.2005  17.2766  16.3454  15.8950  15.5450    0.06720000   0.00016776  20158.315    50.293183   0.622253   2.973255    -649.380 0   0.481476   0.391384   0.149767   0.098607   0.067967   -18.5885   -20.4223   -21.1119   -21.5112   -21.8305     1.8338     2.5234     0.3992
159.378272   4.783361  20.0074  18.2520  17.4240  17.0209  16.7512    0.06880000   0.00019840  20614.899    59.478824   0.626868   2.995308    -192.797 0   0.273397   0.208887   0.084096   0.045879   0.047230   -17.6495   -19.3404   -20.0436   -20.4085   -20.6795     1.6909     2.3941     0.3649
159.892808   4.550803  18.5058  16.8243  16.0028  15.5438  15.1884    0.07250000   0.00009577  21740.739    28.711124   0.629259   3.006735     933.044 1   0.388358   0.331619   0.141403   0.075845   0.044912   -19.3559   -20.9806   -21.6119   -22.0053   -22.3298     1.6248     2.2560     0.3934
160.008527   4.558601  19.1606  17.4633  16.6874  16.3183  16.0466    0.07270000   0.00014997  21791.554    44.959875   0.636895   3.043220     983.859 1   0.152668   0.111230   0.050425   0.024664   0.029139   -18.4958   -20.1516   -20.8667   -21.2101   -21.4862     1.6559     2.3710     0.3433
159.232579   5.080920  18.9217  17.6782  17.1625  16.8538  16.7216    0.06310000   0.00019700  18921.671    59.059114   0.638589   3.051312   -1886.024 1   0.126630   0.049684   0.054053   0.008757  -0.052408   -18.3999   -19.5665   -20.0865   -20.3499   -20.4210     1.1666     1.6866     0.2634
159.781882   4.538654  20.1076  18.3668  17.5297  17.1562  16.8743    0.06760000   0.00016095  20265.461    48.251596   0.646311   3.088211    -542.235 0   0.267186   0.203276   0.083620   0.043834   0.045261   -17.5014   -19.1783   -19.8957   -20.2294   -20.5127     1.6769     2.3943     0.3337
160.002974   4.526096  20.4035  18.1994  17.4100  17.0370  16.7354    0.06920000   0.00014882  20743.689    44.615114   0.667472   3.189322     -64.006 0   0.058336   0.057123   0.020517   0.016021   0.015158   -17.0510   -19.2539   -20.0067   -20.3752   -20.6759     2.2029     2.9557     0.3685
159.696494   4.525508  19.6703  17.8866  17.0195  16.6271  16.3021    0.06850000   0.00015866  20538.032    47.565071   0.675454   3.227461    -269.663 0   0.296868   0.228686   0.087899   0.052674   0.052417   -17.9793   -19.6948   -20.4211   -20.7783   -21.1030     1.7155     2.4418     0.3572
159.339879   4.710565  19.9406  18.2130  17.4158  17.0453  16.7220    0.06810000   0.00017956  20420.063    53.830734   0.703244   3.360250    -387.632 0   0.100414   0.087733   0.033468   0.022298   0.024052   -17.4964   -19.2113   -19.9543   -20.3136   -20.6387     1.7149     2.4579     0.3593
160.424616   4.735662  19.3495  18.4536  18.1004  17.8218  17.6831    0.06820000   0.00006874  20446.925    20.607734   0.711610   3.400225    -360.770 0   0.159315   0.077067   0.094462  -0.085027  -0.050052   -18.1530   -18.9666   -19.3372   -19.4363   -19.6100     0.8137     1.1842     0.0991
159.150704   5.193973  19.0797  17.3080  16.4882  16.1089  15.8272    0.06910000   0.00019629  20726.152    58.846262   0.712622   3.405058     -81.544 0   0.247899   0.186613   0.077246   0.039191   0.043087   -18.5579   -20.2683   -20.9787   -21.3200   -21.6056     1.7104     2.4208     0.3412
159.360141   5.686034  19.5081  18.2001  17.5158  17.1555  16.8791    0.08030000   0.00018639  24081.339    55.878316   0.714482   3.413947    3273.644 1   0.247595   0.206302   0.113360   0.027452  -0.030607   -18.4387   -19.7054   -20.2968   -20.5712   -20.7895     1.2667     1.8581     0.2744
160.295213   4.606045  19.0450  17.3747  16.5157  16.1252  15.7855    0.06840000   0.00015634  20498.939    46.869553   0.715184   3.417300    -308.756 0   0.341875   0.274077   0.112820   0.065552   0.049972   -18.6677   -20.2702   -20.9679   -21.3111   -21.6353     1.6025     2.3002     0.3432
159.934125   4.466740  19.2084  17.7465  17.0936  16.7452  16.5123    0.06800000   0.00015481  20395.810    46.410870   0.715972   3.421067    -411.885 0   0.131344   0.072471   0.048139   0.016101   0.006676   -18.2597   -19.6627   -20.2913   -20.6076   -20.8311     1.4030     2.0316     0.3164
159.155115   5.055063  18.4503  16.8892  16.1568  15.7727  15.5145    0.05990000   0.00015328  17947.495    45.952188   0.718933   3.435213   -2860.200 1   0.208186   0.143073   0.072880   0.025136   0.025458   -18.8394   -20.3354   -20.9976   -21.3339   -21.5925     1.4960     2.1582     0.3364
