198.804064  43.472966  18.1721  17.2620  16.9355  16.6819  16.5320    0.07460000   0.00008392  22373.271    25.158583   0.044612   0.259381   -3425.069 1   0.147884   0.025439   0.076886  -0.041220  -0.026880   -19.5357   -20.3234   -20.7013   -20.8368   -21.0011     0.7877     1.1656     0.1355
198.791959  43.429745  17.5958  17.2067  16.8395  16.4072  16.2479    0.08610000   0.00113121  25801.338   339.128226   0.055203   0.320959       2.998 0   0.034341   0.225597   0.104407  -0.085521  -0.060049   -20.2897   -20.8701   -21.1161   -21.3585   -21.5433     0.5804     0.8264     0.2424
198.941062  43.473622  19.5633  17.6372  16.7395  16.3377  15.9942    0.08590000   0.00015419  25748.395    46.224999   0.061913   0.359972     -49.945 0   0.302396   0.232071   0.083710   0.054591   0.056177   -18.6064   -20.4622   -21.2115   -21.5842   -21.9293     1.8558     2.6051     0.3727
198.753780  43.462251  18.6640  16.7922  15.9371  15.5617  15.2486    0.07470000   0.00016872  22405.709    50.580984   0.077480   0.450484   -3392.631 1   0.185594   0.149788   0.054799   0.032729   0.039544   -19.0632   -20.8992   -21.6593   -22.0126   -22.3326     1.8360     2.5961     0.3533
198.973276  43.459311  19.8506  18.0491  17.1680  16.7953  16.5092    0.08580000   0.00013892  25727.259    41.647168   0.082395   0.479062     -71.081 0   0.290212   0.223256   0.087373   0.050662   0.050665   -18.3044   -20.0389   -20.7841   -21.1201   -21.4062     1.7345     2.4798     0.3360
198.771622  43.512272  18.5537  17.4299  17.0567  16.7441  16.6446    0.08680000   0.00004251  26014.431    12.744177   0.086357   0.502096     216.090 0   0.171165   0.059518   0.087057  -0.066119  -0.059644   -19.5075   -20.5196   -20.9204   -21.0798   -21.1858     1.0122     1.4129     0.1594
198.978155  43.474328  18.7006  16.8292  15.9178  15.5053  15.1625    0.08560000   0.00016778  25656.598    50.299179   0.088068   0.512042    -141.742 0   0.377182   0.296680   0.111847   0.074764   0.060950   -19.5336   -21.3245   -22.0510   -22.4265   -22.7554     1.7909     2.5175     0.3754
199.004472  43.460088  18.7360  16.8812  15.9631  15.5605  15.2368    0.08700000   0.00016650  26090.998    49.915444   0.105049   0.610773     292.657 0   0.348607   0.269545   0.098637   0.066529   0.060555   -19.5050   -21.2807   -22.0279   -22.3984   -22.7161     1.7757     2.5229     0.3705
199.012567  43.460253  20.4770  18.6830  17.8259  17.4268  17.1208    0.08460000   0.00015238  25369.607    45.682375   0.110926   0.644945    -428.733 1   0.282983   0.217185   0.086398   0.048536   0.048922   -17.6373   -19.3655   -20.0919   -20.4531   -20.7595     1.7282     2.4545     0.3612
199.028567  43.452846  18.8625  16.7412  15.7033  15.2161  14.8429    0.08700000   0.00022243  26087.280    66.682836   0.122398   0.711648     288.940 0   0.641870   0.514779   0.187095   0.115974   0.086669   -19.6718   -21.6660   -22.3762   -22.7923   -23.1361     1.9942     2.7044     0.4161
199.036767  43.435332  19.1274  17.2376  16.3126  15.8955  15.5406    0.08570000   0.00016853  25695.781    50.524023   0.129756   0.754425    -102.559 0   0.380391   0.295408   0.108038   0.074827   0.063458   -19.0941   -20.8989   -21.6365   -22.0204   -22.3639     1.8048     2.5424     0.3839
199.036534  43.504176  19.9048  18.0267  17.1102  16.7140  16.4032    0.08670000   0.00015163  25996.413    45.457530   0.137483   0.799353     198.073 0   0.321832   0.248042   0.091216   0.059522   0.057531   -18.2834   -20.0877   -20.8474   -21.2119   -21.5207     1.8043     2.5640     0.3645
199.050181  43.454761  18.9738  17.2725  16.4251  16.0241  15.7238    0.08620000   0.00013298  25855.601    39.866401   0.138079   0.802815      57.260 0   0.311435   0.245045   0.102249   0.056257   0.047025   -19.1914   -20.8263   -21.5309   -21.8859   -22.1770     1.6349     2.3395     0.3550
198.728124  43.350350  19.7292  18.1070  17.4269  17.1248  16.9195    0.08270000   0.00013504  24799.702    40.483974   0.141405   0.822154    -998.639 1   0.051192   0.026777   0.013094   0.007472   0.005485   -18.0826   -19.6804   -20.3468   -20.6433   -20.8466     1.5978     2.2642     0.2965
198.663111  43.427432  20.0965  18.2970  17.4005  16.9871  16.6856    0.07470000   0.00016024  22389.790    48.038743   0.145434   0.845580   -3408.550 1   0.340159   0.265649   0.101198   0.064690   0.057143   -17.7853   -19.5103   -20.2423   -20.6192   -20.9132     1.7250     2.4570     0.3769
198.718643  43.323282  19.1876  17.5135  16.7211  16.3808  16.0752    0.09150000   0.00013602  27434.787    40.777770   0.166517   0.968163    1636.447 1   0.080779   0.066004   0.026593   0.017658   0.018442   -18.8769   -20.5363   -21.2892   -21.6206   -21.9270     1.6593     2.4123     0.3314
199.044891  43.575722  19.1761  18.0272  17.4546  17.1233  16.9155    0.09170000   0.00021224  27500.202    63.627951   0.180912   1.051855    1701.862 1   0.191109   0.157280   0.105018  -0.006450  -0.098505   -19.0035   -20.1186   -20.6389   -20.8588   -20.9745     1.1151     1.6354     0.2198
199.067033  43.586169  20.2596  18.4704  17.5777  17.1289  16.7929    0.08590000   0.00014046  25750.763    42.108849   0.199864   1.162049     -47.577 0   0.444880   0.375688   0.151232   0.090085   0.058547   -18.0526   -19.7726   -20.4408   -20.8285   -21.1329     1.7200     2.3883     0.3877
199.135387  43.477559  20.5204  18.6364  17.7494  17.3690  16.9822    0.08850000   0.00014709  26542.725    44.096473   0.201263   1.170183     744.385 1   0.280864   0.215762   0.078018   0.049340   0.053335   -17.6690   -19.4879   -20.2371   -20.5889   -20.9796     1.8189     2.5682     0.3517
198.803508  43.256651  18.1681  16.8981  16.2520  15.9053  15.6905    0.07400000   0.00016389  22197.083    49.132986   0.201993   1.174423   -3601.257 1   0.222874   0.184887   0.109169   0.015902  -0.059500   -19.5971   -20.8291   -21.3995   -21.6529   -21.7923     1.2320     1.8024     0.2534
198.904271  43.245302  19.8503  17.9219  17.0575  16.6406  16.3305    0.07510000   0.00015492  22501.493    46.443848   0.211597   1.230263   -3296.848 1   0.249124   0.192699   0.070042   0.042364   0.048854   -17.9733   -19.8453   -20.5870   -20.9763   -21.2928     1.8720     2.6137     0.3892
198.636519  43.312614  17.5924  16.2172  15.6003  15.2303  15.0755    0.07590000   0.00015466  22743.005    46.365902   0.215467   1.252768   -3055.335 1   0.197021   0.125546   0.083999   0.008777  -0.037505   -20.1992   -21.5029   -22.0783   -22.3730   -22.4816     1.3037     1.8791     0.2948
198.841065  43.236837  19.9120  18.1545  17.2614  16.8647  16.5867    0.08250000   0.00015026  24745.829    45.046815   0.218036   1.267705   -1052.511 1   0.310850   0.240818   0.092883   0.056455   0.053617   -18.1782   -19.8656   -20.6108   -20.9711   -21.2462     1.6875     2.4326     0.3603
198.581747  43.536810  18.7227  17.0094  16.1881  15.8255  15.5144    0.07570000   0.00018354  22687.754    55.023908   0.218119   1.268184   -3110.587 1   0.143743   0.115516   0.045879   0.026694   0.031151   -18.9917   -20.6767   -21.4284   -21.7718   -22.0874     1.6851     2.4367     0.3434
199.163564  43.499403  18.8920  17.7613  17.2247  16.8769  16.6926    0.08470000   0.00009525  25378.661    28.555232   0.224925   1.307757    -419.679 0   0.181336   0.156216   0.106527  -0.016453  -0.103854   -19.1048   -20.2104   -20.6973   -20.9221   -21.0190     1.1056     1.5925     0.2248
198.763331  43.679821  18.9838  17.5281  16.7425  16.3312  16.0309    0.09060000   0.00017200  27147.196    51.564303   0.236045   1.372411    1348.856 1   0.324269   0.278227   0.130460   0.055415   0.019523   -19.3027   -20.7123   -21.3502   -21.6864   -21.9508     1.4097     2.0475     0.3363
198.548477  43.524502  19.8629  18.0168  17.1536  16.7936  16.4584    0.07430000   0.00015358  22269.393    46.042126   0.236725   1.376363   -3528.947 1   0.161627   0.133518   0.049242   0.030098   0.035673   -17.8499   -19.6679   -20.4468   -20.7876   -21.1284     1.8180     2.5969     0.3409
198.789938  43.693142  18.0498  16.4634  15.6363  15.1957  14.8677    0.09110000   0.00015636  27305.007    46.875549   0.244055   1.418980    1506.667 1   0.373470   0.322928   0.141332   0.070804   0.037742   -20.2979   -21.8337   -22.4792   -22.8493   -23.1443     1.5359     2.1814     0.3701
198.911316  43.202214  19.4893  17.5373  16.6598  16.1239  15.7783    0.07430000   0.00015310  22264.896    45.898225   0.254966   1.482420   -3533.444 1   0.524902   0.448300   0.173597   0.102336   0.069907   -18.5867   -20.4621   -21.0649   -21.5296   -21.8427     1.8754     2.4782     0.4646
198.775991  43.704271  20.3359  18.5225  17.6003  17.1654  16.8658    0.09100000   0.00013517  27283.392    40.522947   0.257160   1.495179    1485.052 1   0.466184   0.399671   0.160228   0.093529   0.060286   -18.1232   -19.8701   -20.5529   -20.9211   -21.1874     1.7469     2.4296     0.3682
199.002282  43.694257  18.3503  16.3440  15.4009  14.9694  14.5949    0.09630000   0.00020010  28876.909    59.988471   0.261121   1.518208    3078.569 1   0.437834   0.343593   0.126838   0.089422   0.067497   -20.2038   -22.1158   -22.8422   -23.2363   -23.5888     1.9121     2.6384     0.3941
198.966109  43.704658  19.2107  17.9190  17.2702  16.8606  16.5970    0.09660000   0.00009390  28965.917    28.150512   0.261811   1.522218    3167.577 1   0.252310   0.224435   0.120525   0.028443  -0.038685   -19.1435   -20.4073   -20.9522   -21.2698   -21.4662     1.2638     1.8087     0.3175
198.594916  43.640645  19.0242  17.8696  17.3636  17.0597  17.0168    0.07560000   0.00018841  22663.980    56.483897   0.267756   1.556782   -3134.360 1   0.120406   0.044303   0.051352   0.008168  -0.053953   -18.6639   -19.7424   -20.2555   -20.5162   -20.4970     1.0785     1.5915     0.2607
199.233934  43.492121  18.2775  16.8914  16.2167  15.8347  15.5864    0.07490000   0.00016501  22462.669    49.468753   0.274071   1.593500   -3335.671 1   0.236390   0.181942   0.103032   0.024703  -0.021115   -19.5033   -20.8349   -21.4307   -21.7344   -21.9369     1.3317     1.9274     0.3037
199.232533  43.509749  19.0599  17.7913  17.2358  16.9290  16.7124    0.08480000   0.00017192  25435.232    51.540319   0.276049   1.605002    -363.109 0   0.135998   0.059895   0.056876   0.010472  -0.042013   -18.8941   -20.0866   -20.6391   -20.8995   -21.0636     1.1925     1.7450     0.2604
198.519398  43.300322  20.0460  18.3512  17.4828  16.9472  16.6429    0.08530000   0.00006281  25557.517    18.829964   0.291332   1.693862    -240.823 0   0.506883   0.449801   0.177431   0.098100   0.064871   -18.2917   -19.9295   -20.5255   -20.9818   -21.2528     1.6377     2.2337     0.4563
198.490549  43.316223  18.0472  16.1223  15.1942  14.7842  14.4709    0.07640000   0.00018103  22891.493    54.271429   0.301695   1.754110   -2906.848 1   0.357625   0.275985   0.100041   0.068719   0.061995   -19.9193   -21.7626   -22.5147   -22.8934   -23.2000     1.8433     2.5954     0.3787
198.657143  43.734798  19.1213  17.9995  17.3848  17.0221  16.7516    0.08580000   0.00021256  25725.131    63.723885   0.316668   1.841170     -73.209 0   0.212111   0.208458   0.119236   0.008967  -0.084179   -18.9556   -20.0737   -20.5992   -20.8516   -21.0290     1.1181     1.6436     0.2524
198.550427  43.697398  18.7275  17.3949  16.7627  16.3884  16.1442    0.08350000   0.00016919  25039.476    50.721886   0.330938   1.924135    -758.865 1   0.220060   0.162131   0.097714   0.016527  -0.034837   -19.2769   -20.5516   -21.1194   -21.4125   -21.6053     1.2747     1.8425     0.2931
198.598047  43.176502  18.9200  18.0233  17.6367  17.2405  17.1774    0.09120000   0.00004427  27343.381    13.271812   0.336752   1.957938    1545.040 1   0.113336   0.147287   0.101827  -0.081538  -0.064154   -19.1699   -20.1006   -20.4417   -20.6546   -20.7350     0.9307     1.2718     0.2128
199.178825  43.708633  20.3259  18.4049  17.5047  17.1098  16.7706    0.08690000   0.00014397  26043.690    43.161120   0.343786   1.998836     245.350 0   0.301384   0.231223   0.083009   0.054357   0.056248   -17.8680   -19.7188   -20.4708   -20.8371   -21.1782     1.8508     2.6028     0.3662
198.571853  43.166951  18.5883  16.9701  16.0632  15.5977  15.2860    0.09000000   0.00015557  26995.951    46.638713   0.355519   2.067057    1197.611 1   0.472598   0.426562   0.172691   0.092136   0.056877   -19.8532   -21.4253   -22.0784   -22.4633   -22.7398     1.5722     2.2252     0.3849
198.912420  43.812675  18.9914  17.1794  16.2930  15.9149  15.5885    0.07540000   0.00016300  22602.553    48.866171   0.360252   2.094573   -3195.788 1   0.293945   0.226090   0.085983   0.052043   0.052682   -18.8615   -20.6056   -21.3519   -21.6961   -22.0231     1.7441     2.4904     0.3442
199.366127  43.528905  19.8176  17.9758  17.0329  16.5782  16.2241    0.08680000   0.00014750  26014.011    44.219388   0.374900   2.179739     215.671 0   0.489078   0.406945   0.158318   0.098869   0.066686   -18.5615   -20.3212   -21.0154   -21.4107   -21.7326     1.7597     2.4539     0.3953
198.529653  43.776186  18.7764  17.6724  16.9418  16.3622  16.1993    0.08730000   0.00103281  26182.164   309.628649   0.401268   2.333048     383.824 0   0.313082   0.482891   0.203371   0.063833  -0.022033   -19.4392   -20.7130   -21.1641   -21.6042   -21.6812     1.2738     1.7249     0.4401
198.803697  43.853906  19.0157  17.1524  16.2402  15.8061  15.4950    0.07450000   0.00015980  22339.635    47.906835   0.401548   2.334676   -3458.706 1   0.355619   0.274569   0.099733   0.068239   0.061678   -18.8969   -20.6792   -21.4165   -21.8191   -22.1237     1.7822     2.5196     0.4026
199.064841  43.847913  19.9103  18.5041  17.7049  17.3370  16.9942    0.09270000   0.00014594  27799.005    43.751711   0.420640   2.445681    2000.665 1   0.327388   0.278598   0.129458   0.056986   0.023418   -18.4504   -19.8078   -20.4578   -20.7533   -21.0625     1.3574     2.0075     0.2954
198.605038  43.847101  20.0376  18.2310  17.3785  16.9699  16.6729    0.08550000   0.00015163  25635.103    45.457530   0.434084   2.523848    -163.237 0   0.254450   0.195625   0.072575   0.043010   0.048868   -18.0740   -19.8218   -20.5512   -20.9302   -21.2331     1.7478     2.4772     0.3790
199.087851  43.867319  19.4692  18.1065  17.4245  17.0144  16.7323    0.08740000   0.00009243  26213.343    27.709817   0.444785   2.586062     415.003 0   0.271926   0.237914   0.122959   0.036307  -0.019009   -18.6866   -20.0153   -20.5823   -20.9058   -21.1326     1.3287     1.8957     0.3234
199.043782  43.883319  19.0637  17.2032  16.2530  15.8445  15.4812    0.09260000   0.00016834  27764.349    50.467062   0.449156   2.611475    1966.009 1   0.424816   0.332678   0.122576   0.086269   0.066577   -19.3709   -21.1393   -21.8794   -22.2516   -22.5952     1.7684     2.5085     0.3722
199.042789  43.885240  19.3316  17.6952  16.7969  16.4342  16.0988    0.09110000   0.00013706  27317.299    41.089554   0.450777   2.620903    1518.958 1   0.354917   0.287757   0.119104   0.069098   0.049844   -18.9975   -20.5668   -21.2964   -21.6091   -21.9253     1.5692     2.2989     0.3127
199.069095  43.882348  18.8776  17.0763  16.1254  15.7221  15.3883    0.09130000   0.00016234  27369.313    48.668308   0.454038   2.639862    1570.972 1   0.407962   0.320407   0.119010   0.082419   0.064567   -19.5305   -21.2442   -21.9937   -22.3604   -22.6764     1.7137     2.4632     0.3667
199.505424  43.528739  20.1646  18.6108  17.7832  17.3312  16.9823    0.07350000   0.00010124  22025.872    30.350988   0.474403   2.758271   -3772.468 1   0.389106   0.336187   0.144415   0.075311   0.042591   -17.7489   -19.2498   -19.8857   -20.2686   -20.5847     1.5009     2.1367     0.3829
199.391935  43.173529  18.7667  17.2838  16.6217  16.2427  16.0197    0.07390000   0.00016638  22141.082    49.879469   0.477530   2.776449   -3657.258 1   0.209031   0.139354   0.081854   0.018480  -0.000416   -18.9574   -20.3706   -20.9752   -21.2908   -21.4949     1.4132     2.0178     0.3156
198.172389  43.519523  19.5515  18.2939  17.6391  17.2691  17.0079    0.09010000   0.00016855  27017.116    50.530019   0.503355   2.926602    1218.776 1   0.236146   0.210716   0.117435   0.021538  -0.054674   -18.6559   -19.8881   -20.4496   -20.7237   -20.9087     1.2322     1.7937     0.2741
199.249819  43.036658  18.8512  17.4644  16.7376  16.3444  16.1089    0.08220000   0.00013225  24650.255    39.647553   0.504610   2.933901   -1148.085 1   0.282361   0.250728   0.126781   0.039747  -0.014169   -19.1785   -20.5337   -21.1366   -21.4427   -21.6243     1.3552     1.9580     0.3062
199.087870  43.931334  19.3444  17.4521  16.4979  16.0890  15.7414    0.09170000   0.00014924  27495.285    44.741026   0.504774   2.934850    1696.945 1   0.421602   0.329986   0.121527   0.085487   0.066344   -19.0657   -20.8664   -21.6121   -21.9850   -22.3135     1.8007     2.5464     0.3729
199.485447  43.221533  19.4314  18.0847  17.4715  17.1167  16.9030    0.09550000   0.00010440  28642.981    31.298333   0.510299   2.966973    2844.641 1   0.189079   0.113742   0.078789   0.008819  -0.034488   -18.8558   -20.1271   -20.7054   -20.9902   -21.1606     1.2714     1.8496     0.2848
199.450039  43.158830  18.8869  17.6336  17.1006  16.7963  16.6107    0.09590000   0.00021143  28764.727    63.385119   0.520446   3.025970    2966.386 1   0.126005   0.051905   0.052598   0.010350  -0.045144   -19.3463   -20.5255   -21.0592   -21.3212   -21.4513     1.1792     1.7129     0.2621
199.417217  43.106899  19.8107  18.2400  17.4042  17.0519  16.7969    0.08300000   0.00013679  24868.624    41.008610   0.533310   3.100767    -929.716 1   0.294385   0.232501   0.105703   0.049804   0.034996   -18.2550   -19.7638   -20.4728   -20.7692   -21.0094     1.5088     2.2178     0.2964
199.563800  43.650136  19.0311  17.1920  16.3200  15.9093  15.5933    0.07350000   0.00017987  22042.810    53.923669   0.547121   3.181066   -3755.530 1   0.255619   0.197606   0.071172   0.043806   0.050062   -18.7490   -20.5300   -21.2756   -21.6589   -21.9812     1.7811     2.5267     0.3833
198.237883  43.094102  19.5408  18.0368  17.2906  16.8565  16.5484    0.07380000   0.00010609  22135.656    31.804982   0.577732   3.359045   -3662.684 1   0.317630   0.273479   0.129842   0.052951   0.015080   -18.2920   -19.7519   -20.3544   -20.7117   -20.9819     1.4598     2.0624     0.3572
198.660355  42.895125  20.9784  18.1531  17.3365  16.9563  16.6552    0.08770000   0.00014649  26281.006    43.916597   0.577782   3.359331     482.666 1   0.112334   0.099333   0.036837   0.024522   0.027012   -17.0464   -19.8587   -20.6128   -20.9807   -21.2843     2.8123     3.5664     0.3679
199.512692  43.118673  18.9355  17.5948  16.9929  16.6191  16.3643    0.09570000   0.00022538  28700.541    67.567224   0.580732   3.376488    2902.201 1   0.212290   0.155299   0.097300   0.012032  -0.049630   -19.3559   -20.6396   -21.1835   -21.4720   -21.6652     1.2837     1.8276     0.2885
199.641706  43.228298  18.2665  16.9195  16.2936  15.8339  15.6015    0.07590000   0.00009680  22761.143    29.019910   0.610879   3.551765   -3037.197 1   0.255540   0.218166   0.117211   0.030333  -0.028070   -19.5836   -20.8932   -21.4182   -21.7910   -21.9650     1.3096     1.8346     0.3728
198.485608  44.002139  19.8074  18.0515  17.1462  16.6700  16.2932    0.08530000   0.00017042  25566.241    51.090631   0.611412   3.554865    -232.099 0   0.494140   0.422327   0.166327   0.098329   0.065094   -18.5176   -20.2017   -20.8510   -21.2592   -21.6028     1.6841     2.3334     0.4082
