156.218790  37.396788  19.5353  18.0041  16.8572  16.5218  16.0745    0.09780000   0.00012699  29319.013    38.070644   0.056009   0.367246    -208.446 0   0.581476   0.464423   0.171634   0.111780   0.079679   -19.1961   -20.6102   -21.4643   -21.7399   -22.1551     1.4141     2.2683     0.2755
156.264588  37.445215  19.0851  17.3629  16.5143  16.0859  15.7503    0.09830000   0.00010359  29463.333    31.055501   0.064292   0.421559     -64.126 0   0.365692   0.297857   0.122561   0.072086   0.051130   -19.4416   -21.0960   -21.7693   -22.1472   -22.4618     1.6544     2.3277     0.3779
156.110588  37.411223  19.8334  18.3267  17.6022  17.2194  16.9250    0.09840000   0.00011229  29495.111    33.663695   0.067265   0.441051     -32.348 0   0.237648   0.172474   0.086873   0.029890   0.023212   -18.5464   -19.9879   -20.6268   -20.9526   -21.2403     1.4415     2.0804     0.3258
156.139511  37.508414  19.9768  18.0795  17.1537  16.7660  16.4603    0.09860000   0.00016340  29557.528    48.986088   0.072144   0.473046      30.069 0   0.344728   0.265484   0.096054   0.065363   0.060829   -18.5121   -20.3302   -21.0865   -21.4436   -21.7447     1.8181     2.5744     0.3570
156.115885  37.519843  18.8674  16.8373  15.8657  15.4541  15.1026    0.09870000   0.00022336  29577.824    66.961643   0.091883   0.602472      50.365 0   0.431401   0.338384   0.124908   0.087897   0.066979   -19.7339   -21.6709   -22.4291   -22.8036   -23.1342     1.9371     2.6952     0.3746
156.067818  37.390399  17.9723  16.3388  15.5003  15.1047  14.7824    0.10800000   0.00013418  32367.692    40.226152   0.107094   0.702211    2840.234 1   0.336941   0.270786   0.113307   0.063978   0.047700   -20.7094   -22.2768   -22.9578   -23.3041   -23.6101     1.5673     2.2484     0.3463
156.082848  37.518141  19.5608  18.3278  17.6803  17.3181  17.1091    0.09100000   0.00009851  27288.009    29.532555   0.108168   0.709254   -2239.450 1   0.227842   0.219875   0.121678   0.017242  -0.069444   -18.6600   -19.8850   -20.4343   -20.6921   -20.8144     1.2250     1.7743     0.2578
156.325825  37.442540  19.8386  17.7730  16.7688  16.3585  15.9939    0.10980000   0.00015235  32907.319    45.673381   0.112944   0.740570    3379.860 1   0.511028   0.406445   0.151552   0.103868   0.072806   -19.0511   -21.0121   -21.7614   -22.1240   -22.4575     1.9610     2.7103     0.3626
156.038621  37.448553  20.0969  18.3073  17.3589  16.9620  16.6199    0.10330000   0.00015452  30964.664    46.323931   0.115156   0.755070    1437.205 1   0.413244   0.332317   0.128363   0.084543   0.061577   -18.5854   -20.2940   -21.0385   -21.3916   -21.7107     1.7087     2.4531     0.3531
156.173921  37.561047  18.5144  16.5046  15.5091  15.0996  14.7799    0.09840000   0.00017114  29488.426    51.306481   0.115968   0.760395     -39.033 0   0.462397   0.364511   0.135148   0.094934   0.069189   -20.0901   -22.0020   -22.7682   -23.1375   -23.4314     1.9119     2.6781     0.3693
156.045651  37.491448  20.1169  18.4534  17.4839  17.0561  16.6718    0.10010000   0.00016418  30022.116    49.219926   0.118840   0.779231     494.658 0   0.492542   0.401410   0.153508   0.100396   0.068940   -18.5738   -20.1462   -20.8678   -21.2425   -21.5953     1.5724     2.2940     0.3747
156.176581  37.571038  18.0667  17.0395  16.2841  15.8949  15.6367    0.09870000   0.00118061  29581.751   353.937974   0.125827   0.825041      54.292 0   0.253765   0.393630   0.175552   0.039891  -0.053607   -20.3569   -21.5240   -22.0613   -22.3148   -22.4795     1.1671     1.7044     0.2535
156.056756  37.522523  19.8843  17.9845  16.9866  16.5720  16.2137    0.09900000   0.00016569  29692.704    49.672612   0.126890   0.832014     165.246 0   0.493101   0.389753   0.144672   0.100910   0.071652   -18.7853   -20.5817   -21.3345   -21.7054   -22.0344     1.7965     2.5493     0.3708
156.087215  37.581641  19.3915  17.5827  16.7139  16.3914  16.0928    0.09440000   0.00014365  28289.076    43.065187   0.156321   1.024990   -1238.383 1   0.172041   0.134276   0.053419   0.029385   0.035401   -18.8323   -20.6033   -21.3912   -21.6897   -21.9943     1.7710     2.5590     0.2985
155.984321  37.426496  19.5635  17.9905  17.3029  16.9576  16.7214    0.10880000   0.00018556  32611.723    55.629489   0.159339   1.044777    3084.265 1   0.070097   0.041832   0.020422   0.011357   0.010895   -18.8864   -20.4311   -21.0973   -21.4335   -21.6693     1.5447     2.2109     0.3362
156.002698  37.534509  19.3518  18.0867  17.4735  17.1567  16.9496    0.09210000   0.00017509  27611.935    52.490661   0.169062   1.108529   -1915.524 1   0.105840   0.049847   0.037375   0.013340  -0.008170   -18.7520   -19.9611   -20.5619   -20.8546   -21.0402     1.2091     1.8098     0.2928
156.246548  37.623104  18.6290  17.1556  16.3762  15.9908  15.7382    0.10710000   0.00015023  32099.378    45.037821   0.184659   1.210797    2571.919 1   0.307011   0.257253   0.123283   0.050478   0.017037   -20.0046   -21.4282   -22.0737   -22.3863   -22.6054     1.4236     2.0691     0.3126
155.947109  37.431234  19.1664  17.3142  16.3608  15.9563  15.5893    0.10770000   0.00016935  32290.046    50.769853   0.188294   1.234637    2762.588 1   0.433236   0.343965   0.129332   0.088888   0.065627   -19.6266   -21.3896   -22.1283   -22.4924   -22.8361     1.7629     2.5017     0.3641
155.963143  37.554805  19.8488  18.2513  17.4298  17.0441  16.7632    0.10720000   0.00013851  32150.043    41.524253   0.206449   1.353674    2622.584 1   0.301772   0.239428   0.107025   0.052492   0.037605   -18.8026   -20.3378   -21.0269   -21.3581   -21.6241     1.5352     2.2243     0.3312
156.380330  37.581258  18.8505  17.5650  16.9074  16.5389  16.3089    0.10250000   0.00018361  30739.220    55.044893   0.207047   1.357595    1211.761 1   0.240879   0.216408   0.118979   0.023527  -0.050819   -19.6191   -20.8802   -21.4403   -21.7134   -21.8690     1.2610     1.8212     0.2730
156.104981  37.650861  19.7421  18.2347  17.4090  16.9541  16.6909    0.10000000   0.00103425  29969.832   310.060350   0.214798   1.408418     442.374 0   0.390941   0.371031   0.161620   0.074041   0.029240   -18.8472   -20.3347   -20.9510   -21.3183   -21.5367     1.4875     2.1038     0.3673
155.919422  37.391250  19.2311  17.2844  16.2986  15.8654  15.4887    0.10880000   0.00017372  32625.214    52.079946   0.216608   1.420287    3097.755 1   0.492721   0.389763   0.144802   0.100854   0.071550   -19.6414   -21.4851   -22.2260   -22.6152   -22.9626     1.8437     2.5846     0.3893
156.358901  37.278877  19.3433  17.6218  16.6922  16.3270  15.9497    0.10920000   0.00015848  32745.431    47.511109   0.216972   1.422672    3217.972 1   0.387878   0.309355   0.119364   0.078062   0.059756   -19.4345   -21.0774   -21.8170   -22.1409   -22.4999     1.6430     2.3826     0.3239
155.904083  37.424908  19.7183  17.8559  16.9175  16.5438  16.1956    0.10780000   0.00015833  32327.820    47.466140   0.222863   1.461302    2800.361 1   0.361975   0.280422   0.102606   0.070024   0.061835   -19.0055   -20.7863   -21.5469   -21.8880   -22.2280     1.7808     2.5414     0.3411
155.900578  37.380589  19.8223  17.9159  16.9872  16.5859  16.2469    0.10630000   0.00016315  31880.829    48.911140   0.233850   1.533340    2353.371 1   0.377456   0.292128   0.106081   0.073869   0.063685   -18.8865   -20.7075   -21.4502   -21.8193   -22.1481     1.8211     2.5637     0.3691
155.881987  37.402088  19.5844  18.3501  17.6670  17.2898  17.0546    0.09890000   0.00016973  29658.198    50.883774   0.243341   1.595577     130.739 0   0.251143   0.251234   0.130576   0.029553  -0.052155   -18.8199   -20.0543   -20.6167   -20.8929   -21.0464     1.2344     1.7968     0.2762
155.970390  37.242574  19.3922  17.8610  17.0464  16.6626  16.3590    0.11040000   0.00014168  33084.496    42.474595   0.264137   1.731936    3557.038 1   0.326920   0.270829   0.123141   0.058535   0.032029   -19.3484   -20.8235   -21.4904   -21.8096   -22.0867     1.4751     2.1420     0.3192
156.476376  37.572652  19.2296  17.6522  16.7986  16.4145  16.0755    0.10980000   0.00013230  32909.417    39.662542   0.265022   1.737737    3381.959 1   0.350689   0.289365   0.124840   0.066936   0.043041   -19.4997   -21.0158   -21.7049   -22.0311   -22.3462     1.5161     2.2052     0.3262
155.855932  37.371559  19.8581  18.1427  17.3068  16.8875  16.5606    0.10740000   0.00015087  32184.219    45.229688   0.270412   1.773081    2656.761 1   0.200024   0.159033   0.058317   0.034387   0.041609   -18.6935   -20.3679   -21.1031   -21.4984   -21.8326     1.6744     2.4096     0.3954
156.305788  37.702419  19.3492  18.1126  17.5506  17.1951  17.0481    0.08660000   0.00008037  25967.123    24.094320   0.274775   1.801687   -3560.335 1   0.190763   0.129221   0.093267  -0.004829  -0.086168   -18.7054   -19.8804   -20.4065   -20.6639   -20.7296     1.1751     1.7011     0.2574
155.936561  37.249074  19.4902  17.5359  16.5830  16.1564  15.8173    0.10630000   0.00016036  31861.942    48.074719   0.277469   1.819352    2334.484 1   0.437687   0.343210   0.126549   0.089343   0.067576   -19.2788   -21.1386   -21.8749   -22.2643   -22.5816     1.8598     2.5961     0.3894
155.895213  37.251105  20.3147  18.3137  17.3700  16.9391  16.5731    0.10570000   0.00015043  31698.855    45.097779   0.300252   1.968739    2171.397 1   0.439871   0.345349   0.127550   0.089921   0.067623   -18.4231   -20.3296   -21.0555   -21.4488   -21.7925     1.9065     2.6324     0.3933
155.871395  37.259390  19.9291  18.0747  17.0737  16.6546  16.3005    0.10570000   0.00015015  31679.069    45.013838   0.309869   2.031794    2151.610 1   0.486707   0.385792   0.143708   0.099781   0.070836   -18.8555   -20.6090   -21.3679   -21.7431   -22.0683     1.7535     2.5124     0.3752
155.973878  37.166339  19.7870  18.1459  17.1410  16.6838  16.3698    0.10800000   0.00015423  32365.294    46.236991   0.324908   2.130403    2837.835 1   0.578998   0.547048   0.207127   0.112354   0.077576   -19.1368   -20.7459   -21.4109   -21.7733   -22.0526     1.6091     2.2741     0.3624
156.563868  37.576961  19.6102  18.2776  17.7160  17.3947  17.1730    0.09200000   0.00004462  27577.788    13.376739   0.329346   2.159508   -1949.670 1   0.141294   0.064413   0.058860   0.010514  -0.039815   -18.5267   -19.7824   -20.3385   -20.6114   -20.7828     1.2557     1.8118     0.2730
156.503796  37.656190  19.2917  17.5350  16.5702  16.1619  15.8505    0.11030000   0.00015505  33067.408    46.482821   0.330275   2.165596    3539.949 1   0.470374   0.394941   0.155973   0.095270   0.063216   -19.5672   -21.2485   -21.9743   -22.3219   -22.6013     1.6813     2.4071     0.3476
156.515186  37.658852  20.1681  18.1624  17.1775  16.7938  16.4572    0.10950000   0.00014706  32841.664    44.087479   0.338954   2.222507    3314.206 1   0.406488   0.317529   0.116814   0.081708   0.065194   -18.6342   -20.5510   -21.3352   -21.6838   -22.0038     1.9167     2.7009     0.3486
155.914174  37.171442  18.8616  16.9240  15.9661  15.5619  15.2537    0.10530000   0.00016717  31578.039    50.116305   0.347529   2.278729    2050.580 1   0.396152   0.308173   0.112696   0.078868   0.064788   -19.8242   -21.6739   -22.4363   -22.8067   -23.1008     1.8496     2.6120     0.3704
155.733407  37.434589  19.2890  18.0582  17.4328  17.1042  16.8940    0.10990000   0.00019892  32942.694    59.634716   0.357592   2.344714    3415.236 1   0.207335   0.161787   0.102711   0.008180  -0.073091   -19.3011   -20.4863   -21.0527   -21.2867   -21.4157     1.1853     1.7516     0.2341
155.991161  37.121394  19.7424  17.8417  16.8417  16.3847  16.0143    0.10830000   0.00018391  32462.727    55.134831   0.358166   2.348475    2935.268 1   0.554460   0.443153   0.164806   0.109317   0.076776   -19.1818   -20.9712   -21.6928   -22.0943   -22.4322     1.7894     2.5110     0.4015
155.726832  37.437075  20.4948  18.2900  17.1682  16.6313  16.1617    0.10710000   0.00013147  32112.269    39.413714   0.362745   2.378498    2584.811 1   0.889968   0.703349   0.236989   0.141561   0.115730   -18.7217   -20.7399   -21.3954   -21.8368   -22.2806     2.0182     2.6736     0.4415
155.837994  37.206257  20.2561  18.3842  17.4415  17.0622  16.7341    0.10680000   0.00013284  32013.637    39.824430   0.363939   2.386327    2486.179 1   0.357891   0.276940   0.101173   0.068926   0.061554   -18.4433   -20.2343   -21.0012   -21.3483   -21.6690     1.7909     2.5579     0.3471
156.077630  37.087212  18.9722  17.0166  16.0489  15.6115  15.2798    0.10710000   0.00016896  32114.068    50.652934   0.367874   2.412135    2586.609 1   0.472680   0.372775   0.138198   0.097103   0.070032   -19.8271   -21.6828   -22.4159   -22.8122   -23.1168     1.8557     2.5888     0.3963
156.414906  37.764136  19.3836  17.9044  17.0983  16.7047  16.4259    0.10930000   0.00016571  32775.110    49.678608   0.367907   2.412350    3247.652 1   0.326496   0.279328   0.130326   0.056347   0.021456   -19.3326   -20.7647   -21.4218   -21.7414   -21.9853     1.4320     2.0891     0.3196
156.029819  37.087338  19.9966  18.1285  17.1894  16.7701  16.4656    0.10740000   0.00013901  32187.217    41.674150   0.378246   2.480138    2659.759 1   0.377878   0.292852   0.106669   0.074063   0.063518   -18.7328   -20.5159   -21.2688   -21.6555   -21.9495     1.7831     2.5360     0.3867
155.852957  37.172436  19.7616  18.1010  17.2141  16.7923  16.4865    0.11100000   0.00014292  33286.256    42.846338   0.378666   2.482897    3758.798 1   0.414528   0.356251   0.148678   0.082288   0.049991   -19.0784   -20.6807   -21.3600   -21.7154   -21.9889     1.6023     2.2817     0.3554
155.753620  37.266180  18.9311  16.9418  15.9262  15.5144  15.1802    0.10700000   0.00016105  32067.000    48.281575   0.385537   2.527945    2539.542 1   0.508640   0.404805   0.151071   0.103495   0.072531   -19.9021   -21.7876   -22.5494   -22.9136   -23.2169     1.8855     2.6473     0.3642
155.854783  37.156934  20.2125  18.3932  17.4067  16.9709  16.6278    0.11000000   0.00015702  32981.367    47.073412   0.389012   2.550736    3453.909 1   0.529416   0.434598   0.165209   0.105158   0.072666   -18.7227   -20.4472   -21.1643   -21.5400   -21.8506     1.7245     2.4416     0.3757
155.795270  37.200924  20.5803  18.6435  17.7178  17.3061  17.0301    0.10510000   0.00013345  31503.391    40.007304   0.393440   2.579765    1975.932 1   0.345824   0.266465   0.096532   0.065664   0.060867   -18.0721   -19.9296   -20.6853   -21.0662   -21.3374     1.8574     2.6132     0.3808
156.539750  37.719735  19.6149  17.7369  16.7594  16.3755  16.0316    0.10870000   0.00016124  32594.635    48.338536   0.394010   2.583507    3067.177 1   0.413735   0.322887   0.118444   0.083432   0.065990   -19.1787   -20.9659   -21.7389   -22.0878   -22.4143     1.7872     2.5602     0.3489
156.598698  37.740615  21.5998  18.4767  17.3504  16.8419  16.4880    0.10940000   0.00016356  32788.001    49.034054   0.442487   2.901368    3260.543 1   0.854137   0.677644   0.229971   0.137186   0.111948   -17.6272   -20.5738   -21.2524   -21.6681   -21.9968     2.9466     3.6252     0.4157
155.931426  37.845651  18.7409  16.9134  16.0417  15.6572  15.3420    0.09200000   0.00013573  27589.570    40.690830   0.447593   2.934846   -1937.888 1   0.277338   0.212545   0.080703   0.047870   0.050836   -19.5321   -21.2948   -22.0346   -22.3863   -22.7045     1.7627     2.5026     0.3517
156.150866  37.894295  17.5176  16.3280  15.7569  15.3909  15.1921    0.09330000   0.00014982  27970.217    44.914906   0.449712   2.948740   -1557.242 1   0.200007   0.183563   0.112356   0.001037  -0.093171   -20.7272   -21.9004   -22.4003   -22.6550   -22.7596     1.1732     1.6730     0.2547
156.696230  37.674882  19.7723  18.2703  17.5003  17.1195  16.8772    0.11150000   0.00013646  33435.853    40.909679   0.467258   3.063789    3908.394 1   0.276818   0.216991   0.105205   0.042673   0.023342   -18.9187   -20.3609   -21.0191   -21.3374   -21.5603     1.4422     2.1004     0.3183
155.890939  37.030294  19.8170  17.9721  17.0292  16.6084  16.2925    0.10860000   0.00014366  32569.752    43.068185   0.475658   3.118864    3042.294 1   0.406107   0.318650   0.118207   0.081900   0.064522   -18.9670   -20.7244   -21.4669   -21.8514   -22.1499     1.7574     2.4999     0.3845
155.739766  37.772524  19.0895  17.8088  17.2181  16.9030  16.6363    0.09440000   0.00015661  28289.795    46.950497   0.480860   3.152974   -1237.663 1   0.125956   0.060562   0.048620   0.013770  -0.015054   -19.0882   -20.3035   -20.8823   -21.1625   -21.4004     1.2153     1.7941     0.2803
155.787620  37.820650  19.2021  17.2818  16.3433  15.9541  15.6127    0.09440000   0.00016433  28289.376    49.264895   0.489594   3.210241   -1238.083 1   0.358249   0.276653   0.100461   0.068911   0.061951   -19.2079   -21.0466   -21.8089   -22.1665   -22.5010     1.8387     2.6010     0.3576
155.596561  37.293053  20.7020  18.8149  17.8968  17.4798  17.1407    0.10780000   0.00013564  32321.524    40.663849   0.490324   3.215032    2794.066 1   0.372552   0.288846   0.105478   0.072751   0.062888   -18.0324   -19.8358   -20.5705   -20.9548   -21.2840     1.8034     2.5381     0.3843
156.715160  37.700926  19.4991  17.5414  16.5656  16.1601  15.8392    0.11120000   0.00015388  33335.722    46.132063   0.493381   3.235072    3808.264 1   0.456492   0.359105   0.132828   0.093612   0.068889   -19.3636   -21.2239   -21.9735   -22.3398   -22.6359     1.8603     2.6098     0.3663
155.591978  37.270334  20.0635  18.0798  16.9631  16.4313  16.0005    0.10780000   0.00013196  32322.124    39.560613   0.501256   3.286713    2794.665 1   0.842335   0.668068   0.227279   0.135554   0.110614   -19.1406   -20.9501   -21.6260   -22.0661   -22.4719     1.8094     2.4853     0.4401
156.742316  37.687965  19.4482  17.4425  16.4831  16.0568  15.7404    0.09580000   0.00016345  28711.543    49.001077   0.505598   3.315182    -815.915 1   0.458221   0.360756   0.133568   0.094007   0.068957   -19.1149   -21.0232   -21.7554   -22.1421   -22.4335     1.9082     2.6404     0.3867
156.744057  37.705358  19.0092  17.4099  16.6542  16.2688  16.0095    0.09690000   0.00017713  29057.054    53.102238   0.515364   3.379218    -470.404 1   0.226510   0.162174   0.078168   0.029926   0.030207   -19.3471   -20.8820   -21.5537   -21.8909   -22.1505     1.5350     2.2067     0.3372
156.830855  37.585290  19.1485  17.1682  16.2030  15.7886  15.4595    0.10330000   0.00015424  30961.366    46.239989   0.532588   3.492155    1433.907 1   0.441977   0.347724   0.128798   0.090527   0.067561   -19.5625   -21.4485   -22.1948   -22.5709   -22.8771     1.8860     2.6323     0.3761
155.885521  36.957218  20.0859  18.5078  17.7297  17.3118  17.0408    0.10960000   0.00014799  32854.855    44.366286   0.542464   3.556910    3327.396 1   0.273317   0.209709   0.095578   0.042618   0.035494   -18.5852   -20.0997   -20.7637   -21.1286   -21.3925     1.5145     2.1785     0.3649
