202.790198  -1.745764  19.0517  17.1149  16.1937  15.7818  15.4589    0.08390000   0.00017240  25151.778    51.684220   0.007494   0.043125     -83.852 0   0.362791   0.280455   0.102003   0.070107   0.062295   -19.1059   -20.9603   -21.7031   -22.0831   -22.3982     1.8545     2.5972     0.3800
202.795126  -1.730259  17.5388  15.7102  14.8062  14.4184  14.0973    0.08360000   0.00018256  25077.159    54.730111   0.011054   0.063609    -158.470 0   0.331446   0.256758   0.095827   0.062116   0.057700   -20.5769   -22.3308   -23.0739   -23.4280   -23.7446     1.7539     2.4970     0.3541
202.795956  -1.727285  17.2638  15.4758  14.6083  14.1658  13.8511    0.08360000   0.00016781  25058.093    50.308172   0.013910   0.080042    -177.537 0   0.381784   0.315583   0.130657   0.076092   0.050913   -20.9022   -22.6240   -23.3066   -23.6945   -23.9841     1.7218     2.4044     0.3879
202.788638  -1.701651  21.6739  19.8708  19.0398  18.7197  18.4619    0.08130000   0.00014647  24375.405    43.910601   0.036985   0.212826    -860.224 0   0.110856   0.086849   0.036625   0.021554   0.024022   -16.1843   -17.9634   -18.7442   -19.0492   -19.3095     1.7791     2.5599     0.3050
202.831384  -1.760479  19.2206  17.2754  16.3620  15.9553  15.6667    0.08170000   0.00017854  24479.643    53.524945   0.048644   0.279916    -755.987 0   0.307368   0.235837   0.084944   0.055821   0.056857   -18.8208   -20.6945   -21.4570   -21.8346   -22.1242     1.8737     2.6362     0.3776
202.739275  -1.741679  17.4573  16.3881  15.8536  15.5351  15.3496    0.07520000   0.00008653  22551.378    25.941041   0.048701   0.280245   -2684.252 1   0.176198   0.146543   0.104664  -0.023568  -0.103731   -20.2963   -21.3358   -21.8285   -22.0187   -22.1241     1.0395     1.5322     0.1903
202.791126  -1.685594  18.3228  16.3761  15.4387  15.0233  14.6795    0.08160000   0.00018012  24451.882    53.998618   0.053133   0.305745    -783.747 0   0.382534   0.296560   0.107980   0.075249   0.063943   -19.7939   -21.6547   -22.4035   -22.7862   -23.1187     1.8607     2.6095     0.3827
202.830309  -1.705088  20.6083  18.3903  17.5446  17.1389  16.8961    0.08130000   0.00014199  24360.955    42.567531   0.054053   0.311038    -874.674 0   0.233963   0.179998   0.068035   0.038568   0.045447   -17.3730   -19.5371   -20.2708   -20.6470   -20.8967     2.1640     2.8978     0.3762
202.735858  -1.723067  19.1917  17.3469  16.4346  16.0418  15.7273    0.08230000   0.00015367  24679.065    46.069107   0.054299   0.312456    -556.565 0   0.323314   0.248919   0.090916   0.059895   0.058046   -18.8844   -20.6548   -21.4091   -21.7709   -22.0836     1.7704     2.5247     0.3618
202.842346  -1.720459  19.0912  17.4426  16.6618  16.2776  15.9764    0.08300000   0.00014357  24871.802    43.041203   0.057372   0.330136    -363.828 0   0.160962   0.120921   0.051947   0.026601   0.031838   -18.8411   -20.4496   -21.1614   -21.5203   -21.8267     1.6086     2.3204     0.3589
202.775142  -1.679772  20.4725  18.9417  18.0766  17.7131  17.0908    0.08390000   0.00017342  25163.080    51.990008   0.060223   0.346545     -72.550 0   0.389587   0.314460   0.124033   0.078666   0.057695   -17.7119   -19.1676   -19.8422   -20.1604   -20.7617     1.4557     2.1303     0.3181
202.847617  -1.726000  19.5451  17.8291  16.9911  16.5935  16.3102    0.07530000   0.00015587  22588.342    46.728650   0.061008   0.351061   -2647.287 1   0.285191   0.219488   0.090239   0.048517   0.046783   -18.2992   -19.9494   -20.6582   -21.0141   -21.2956     1.6503     2.3590     0.3559
202.734732  -1.705285  19.1887  17.7013  16.9816  16.6102  16.3736    0.09120000   0.00015363  27332.288    46.057115   0.062741   0.361035    2096.659 1   0.220967   0.154009   0.081253   0.025221   0.018778   -19.0089   -20.4293   -21.0763   -21.3916   -21.6218     1.4204     2.0674     0.3154
202.725936  -1.700086  19.2581  18.1023  17.4806  17.1032  16.8813    0.08770000   0.00008836  26277.918    26.489662   0.072951   0.419787    1042.288 0   0.216048   0.251541   0.132516   0.015205  -0.081864   -18.8704   -20.0617   -20.5644   -20.8245   -20.9493     1.1913     1.6940     0.2601
202.866068  -1.730332  20.3026  18.2385  17.2313  16.9337  16.6719    0.08420000   0.00016618  25257.365    49.819511   0.078569   0.452111      21.735 0   0.338380   0.260240   0.093977   0.063689   0.060297   -17.8595   -19.8455   -20.6864   -20.9537   -21.2121     1.9860     2.8269     0.2673
202.743108  -1.673688  20.3070  18.4945  17.5999  17.1964  16.9118    0.08760000   0.00013578  26261.490    40.705820   0.078880   0.453904    1025.860 0   0.322270   0.250279   0.095619   0.059649   0.055333   -17.9041   -19.6446   -20.3846   -20.7521   -21.0324     1.7405     2.4804     0.3675
202.808249  -1.815990  18.9543  16.9805  16.0466  15.6220  15.3111    0.08560000   0.00015786  25671.018    47.325237   0.079989   0.460287     435.389 0   0.403642   0.314251   0.114942   0.080776   0.065390   -19.3063   -21.1907   -21.9253   -22.3158   -22.6113     1.8844     2.6190     0.3904
202.866358  -1.685471  20.2659  18.1513  17.2757  16.8705  16.5525    0.08440000   0.00014995  25290.462    44.953879   0.094738   0.545155      54.832 0   0.273295   0.210251   0.075844   0.047630   0.052416   -17.8151   -19.8667   -20.6079   -20.9849   -21.3077     2.0516     2.7927     0.3770
202.708843  -1.798404  19.3396  17.4644  16.5281  16.1200  15.7887    0.08740000   0.00016264  26202.850    48.758245   0.099085   0.570169     967.220 0   0.393996   0.306747   0.112411   0.078389   0.064459   -18.9383   -20.7262   -21.4682   -21.8422   -22.1596     1.7880     2.5299     0.3741
202.707511  -1.677536  19.3175  17.5602  16.7171  16.3175  16.0027    0.08000000   0.00015077  23974.163    45.199709   0.100942   0.580858   -1261.467 0   0.253263   0.193097   0.074978   0.041862   0.046895   -18.6480   -20.3451   -21.0701   -21.4366   -21.7564     1.6971     2.4221     0.3665
202.793491  -1.633881  19.4785  17.5845  16.6892  16.2804  15.9686    0.08540000   0.00015946  25600.717    47.804905   0.104897   0.603615     365.087 0   0.307898   0.236258   0.085162   0.055949   0.056890   -18.6840   -20.5063   -21.2505   -21.6301   -21.9429     1.8224     2.5666     0.3796
202.769929  -1.634247  19.8796  17.9713  17.1049  16.6968  16.4160    0.08220000   0.00015060  24652.144    45.148744   0.105917   0.609482    -583.486 0   0.254530   0.195783   0.072448   0.043078   0.048972   -18.1223   -19.9719   -20.7149   -21.0937   -21.3804     1.8496     2.5926     0.3787
202.755447  -1.847926  19.3136  17.4736  16.5312  16.1080  15.8255    0.08650000   0.00017071  25946.977    51.177571   0.114010   0.656054     711.348 0   0.386602   0.299791   0.109123   0.076280   0.064310   -18.9528   -20.7060   -21.4577   -21.8481   -22.1186     1.7532     2.5049     0.3904
202.889397  -1.679887  20.1748  18.1930  17.3322  16.9403  16.7194    0.08650000   0.00014331  25937.174    42.963257   0.117227   0.674566     701.544 0   0.270906   0.206900   0.081678   0.045634   0.048128   -17.9759   -19.8937   -20.6293   -20.9851   -21.2085     1.9178     2.6534     0.3559
202.874859  -1.656455  18.0994  16.1216  15.1577  14.7088  14.3622    0.08470000   0.00020790  25399.256    62.326852   0.119611   0.688286     163.627 0   0.492509   0.391831   0.146460   0.100898   0.071025   -20.2086   -22.0857   -22.8042   -23.2076   -23.5243     1.8771     2.5957     0.4033
202.689715  -1.811559  20.1004  18.3706  17.4422  17.0631  16.7218    0.08090000   0.00016777  24245.955    50.296181   0.122273   0.703604    -989.675 0   0.385782   0.307597   0.118782   0.077525   0.059520   -18.0220   -19.6736   -20.4132   -20.7510   -21.0743     1.6516     2.3912     0.3378
202.742540  -1.853621  20.0847  18.4195  17.5068  17.1152  16.8224    0.08480000   0.00014386  25435.082    43.128143   0.123608   0.711286     199.452 0   0.372636   0.302430   0.122508   0.074117   0.053532   -18.1060   -19.7010   -20.4338   -20.7770   -21.0492     1.5950     2.3278     0.3432
202.908154  -1.771779  19.5094  17.9483  17.1167  16.6985  16.4690    0.08560000   0.00013354  25652.371    40.034285   0.124683   0.717470     416.741 0   0.373690   0.356441   0.157980   0.069738   0.022201   -18.7213   -20.2651   -20.8983   -21.2282   -21.4102     1.5439     2.1770     0.3300
202.721329  -1.625130  20.1690  18.3046  17.4182  17.0088  16.7236    0.08290000   0.00015770  24858.821    47.277271   0.131568   0.757088    -376.809 0   0.303762   0.233747   0.087122   0.054739   0.054841   -17.9034   -19.6978   -20.4376   -20.8146   -21.0999     1.7944     2.5342     0.3770
202.902424  -1.668994  19.7779  17.9709  17.1142  16.7135  16.4462    0.08200000   0.00014913  24596.712    44.708049   0.133985   0.770995    -638.918 0   0.290690   0.223836   0.088483   0.050665   0.050075   -18.2577   -19.9978   -20.7192   -21.0820   -21.3487     1.7401     2.4615     0.3629
202.922657  -1.722109  20.3953  18.3605  17.4547  17.0343  16.6944    0.08500000   0.00017702  25493.241    53.069261   0.135701   0.780871     257.612 0   0.372459   0.288622   0.105265   0.072695   0.062963   -17.8215   -19.7725   -20.4949   -20.8827   -21.2129     1.9510     2.6734     0.3878
202.702575  -1.629714  19.6540  17.7688  16.9437  16.5748  16.2810    0.08260000   0.00014484  24756.561    43.421940   0.138336   0.796032    -479.068 0   0.157653   0.124928   0.049572   0.028080   0.033351   -18.2644   -20.1169   -20.8666   -21.2140   -21.5131     1.8525     2.6022     0.3474
202.710168  -1.857531  20.3998  18.6176  17.6315  17.2064  16.8537    0.08700000   0.00017213  26090.428    51.603276   0.142038   0.817337     854.798 0   0.516882   0.420156   0.159291   0.104033   0.071862   -18.0095   -19.6949   -20.4202   -20.7900   -21.1105     1.6855     2.4107     0.3698
202.913653  -1.806782  19.1759  18.1560  17.7428  17.4986  17.3595    0.07490000   0.00007924  22448.969    23.755554   0.142980   0.822757   -2786.661 1   0.114092   0.025328   0.053268  -0.006846  -0.042726   -18.4826   -19.4137   -19.8549   -20.0390   -20.1422     0.9311     1.3723     0.1841
202.650063  -1.693339  19.2160  17.2549  16.3523  15.9442  15.6121    0.08380000   0.00016392  25134.899    49.141980   0.145030   0.834552    -100.730 0   0.341777   0.262744   0.094599   0.064537   0.060802   -18.9180   -20.8000   -21.5345   -21.9125   -22.2409     1.8821     2.6165     0.3780
202.710798  -1.861970  17.8088  15.9617  14.9884  14.5657  14.2530    0.08790000   0.00019749  26340.035    59.206013   0.145440   0.836912    1104.405 0   0.473876   0.391039   0.152109   0.096757   0.065529   -20.5614   -22.3256   -23.0600   -23.4273   -23.7088     1.7643     2.4986     0.3673
202.726387  -1.875497  19.0779  17.0996  16.1441  15.7326  15.4214    0.08840000   0.00017942  26495.028    53.788763   0.150045   0.863413    1259.398 1   0.406287   0.316785   0.116145   0.081533   0.065431   -19.2370   -21.1258   -21.8807   -22.2576   -22.5527     1.8888     2.6437     0.3769
202.687744  -1.626080  20.1982  18.5464  17.6469  17.2677  16.9372    0.08850000   0.00015083  26545.873    45.217696   0.150632   0.866788    1310.243 1   0.354911   0.285553   0.116109   0.069281   0.052089   -18.0652   -19.6477   -20.3777   -20.7101   -21.0234     1.5824     2.3125     0.3324
202.643735  -1.795777  19.6441  17.7232  16.8289  16.4470  16.1562    0.08290000   0.00015395  24850.786    46.153049   0.155020   0.892038    -384.844 0   0.294893   0.226824   0.085946   0.052328   0.052982   -18.4195   -20.2723   -21.0257   -21.3740   -21.6654     1.8528     2.6063     0.3483
202.700826  -1.869740  20.1702  18.3290  17.4462  17.0329  16.7103    0.08360000   0.00019127  25049.848    57.341303   0.157370   0.905565    -185.781 0   0.281938   0.216566   0.078195   0.049601   0.053532   -17.8960   -19.6718   -20.4162   -20.8009   -21.1275     1.7758     2.5203     0.3847
202.677537  -1.856481  19.3281  17.5564  16.6400  16.2429  15.9384    0.08380000   0.00014022  25114.214    42.036898   0.161426   0.928904    -121.416 0   0.364760   0.288160   0.110726   0.071746   0.058413   -18.8289   -20.5240   -21.2629   -21.6210   -21.9122     1.6951     2.4341     0.3581
202.646324  -1.817882  19.8452  18.1310  17.2203  16.8169  16.5304    0.08150000   0.00015467  24436.923    46.368899   0.162195   0.933325    -798.707 0   0.349306   0.275093   0.106433   0.067466   0.056663   -18.2356   -19.8756   -20.6177   -20.9821   -21.2578     1.6400     2.3820     0.3644
202.634941  -1.793239  18.4889  16.6146  15.6582  15.2373  14.9302    0.08770000   0.00016419  26290.240    49.222924   0.162351   0.934227    1054.610 0   0.419375   0.328239   0.120918   0.084963   0.066136   -19.8430   -21.6261   -22.3752   -22.7602   -23.0484     1.7832     2.5322     0.3849
202.692626  -1.874201  18.9823  17.0550  16.0995  15.6793  15.3719    0.08720000   0.00019203  26145.020    57.569146   0.165677   0.953366     909.390 0   0.405167   0.315500   0.115413   0.081166   0.065505   -19.3229   -21.1605   -21.9159   -22.3019   -22.5936     1.8376     2.5930     0.3860
202.659402  -1.843371  19.8305  17.9933  17.0589  16.6286  16.3206    0.08490000   0.00016856  25447.733    50.533017   0.165736   0.953702     212.103 0   0.445341   0.368162   0.145290   0.091281   0.061573   -18.4355   -20.1955   -20.9070   -21.2833   -21.5616     1.7600     2.4715     0.3763
202.852257  -1.585585  19.0926  17.8203  17.1050  16.7259  16.4420    0.08150000   0.00015876  24438.542    47.595051   0.166012   0.955291    -797.088 0   0.273048   0.261217   0.132227   0.037194  -0.031820   -18.9120   -20.1725   -20.7588   -21.0428   -21.2577     1.2605     1.8468     0.2841
202.849358  -1.892880  19.0766  17.2976  16.4742  16.1116  15.8511    0.08800000   0.00013880  26377.809    41.611193   0.166032   0.955404    1142.179 0   0.214146   0.157699   0.067917   0.031734   0.037735   -19.0337   -20.7562   -21.4899   -21.8163   -22.0828     1.7226     2.4562     0.3264
202.638338  -1.815357  20.0562  18.1884  17.3490  16.9760  16.7016    0.08350000   0.00013144  25041.004    39.404721   0.168036   0.966940    -194.625 0   0.241487   0.182094   0.073957   0.038289   0.043437   -17.9697   -19.7781   -20.5093   -20.8467   -21.1262     1.8084     2.5397     0.3373
202.736156  -1.899161  19.2728  17.5175  16.6017  16.1976  15.9177    0.08550000   0.00016004  25620.683    47.978785   0.168659   0.970524     385.053 0   0.354947   0.279671   0.107695   0.069015   0.057486   -18.9393   -20.6193   -21.3631   -21.7285   -21.9969     1.6800     2.4238     0.3654
202.734207  -1.902047  20.2988  18.5549  17.6210  17.2477  16.9487    0.08950000   0.00015016  26829.326    45.016835   0.172006   0.989781    1593.697 1   0.371169   0.294038   0.113136   0.073511   0.058783   -18.0291   -19.6959   -20.4489   -20.7826   -21.0668     1.6668     2.4198     0.3337
202.771992  -1.911061  19.8203  18.0519  17.1599  16.7719  16.5047    0.08440000   0.00015185  25298.526    45.523485   0.173164   0.996445      62.896 0   0.316845   0.246080   0.095041   0.058099   0.054104   -18.3043   -20.0019   -20.7429   -21.0939   -21.3571     1.6976     2.4386     0.3511
202.710120  -1.583742  18.1350  16.1901  15.2553  14.8163  14.4840    0.08740000   0.00017469  26215.681    52.370744   0.173305   0.997257     980.052 0   0.434379   0.342810   0.127698   0.088921   0.066495   -20.1832   -22.0366   -22.7563   -23.1565   -23.4664     1.8533     2.5730     0.4002
202.906935  -1.873343  18.4379  16.4835  15.5426  15.1135  14.7904    0.08770000   0.00018374  26305.199    55.083866   0.179731   1.034236    1069.570 0   0.413633   0.322459   0.118063   0.083332   0.066125   -19.8882   -21.7514   -22.4880   -22.8823   -23.1882     1.8632     2.5997     0.3944
202.704387  -1.898849  19.6327  17.8606  16.9289  16.5465  16.2209    0.09130000   0.00016776  27366.045    50.293183   0.180663   1.039597    2130.415 1   0.361969   0.284042   0.107520   0.070703   0.059416   -18.7294   -20.4236   -21.1787   -21.5243   -21.8386     1.6942     2.4494     0.3456
202.962137  -1.687093  19.2218  17.2207  16.3114  15.8794  15.5503    0.08280000   0.00016683  24812.023    50.014376   0.181619   1.045098    -423.607 0   0.356069   0.274935   0.099871   0.068356   0.061719   -18.9215   -20.8414   -21.5757   -21.9762   -22.2986     1.9200     2.6542     0.4005
202.684932  -1.888328  19.1918  17.2595  16.2878  15.8670  15.5336    0.08820000   0.00017363  26453.806    52.052964   0.181668   1.045379    1218.177 0   0.470825   0.375085   0.140772   0.096863   0.068883   -19.1827   -21.0193   -21.7567   -22.1336   -22.4390     1.8366     2.5739     0.3769
202.961773  -1.664644  18.3775  16.7447  15.9592  15.5805  15.2896    0.08470000   0.00014595  25379.290    43.754709   0.188882   1.086895     143.661 0   0.186610   0.137836   0.059457   0.028637   0.034829   -19.6246   -21.2086   -21.9157   -22.2636   -22.5607     1.5840     2.2911     0.3479
202.976884  -1.728463  18.9871  17.2681  16.4030  16.0260  15.7117    0.08710000   0.00014568  26107.726    43.673765   0.189167   1.088532     872.096 0   0.314313   0.246209   0.099743   0.057269   0.050117   -19.2036   -20.8545   -21.5731   -21.9076   -22.2148     1.6509     2.3695     0.3345
202.929230  -1.888576  20.1998  18.4926  17.6860  17.3561  17.0736    0.08980000   0.00013688  26925.050    41.035592   0.206007   1.185438    1689.420 1   0.106667   0.082494   0.035248   0.020701   0.022915   -17.8498   -19.5328   -20.2921   -20.6075   -20.8922     1.6830     2.4424     0.3154
202.812175  -1.944877  19.7792  18.2215  17.3269  16.9326  16.6812    0.08880000   0.00015542  26631.373    46.593744   0.207670   1.195006    1395.744 1   0.418228   0.422997   0.178608   0.088410   0.034345   -18.5575   -20.1200   -20.7702   -21.0743   -21.2716     1.5625     2.2127     0.3041
202.683972  -1.923852  20.1749  18.4075  17.4576  17.0743  16.7382    0.08760000   0.00013317  26257.982    39.923362   0.212366   1.222028    1022.352 0   0.371439   0.289973   0.107724   0.072882   0.061599   -18.0854   -19.7713   -20.5390   -20.8874   -21.2122     1.6859     2.4536     0.3485
202.813372  -1.523619  19.7700  18.0081  17.0951  16.7031  16.3951    0.08160000   0.00014136  24468.641    42.378662   0.216512   1.245885    -766.989 0   0.349775   0.275674   0.106838   0.067621   0.056556   -18.3140   -20.0018   -20.7459   -21.0987   -21.3957     1.6878     2.4320     0.3528
202.984609  -1.836444  18.5711  16.8412  16.0074  15.6142  15.3419    0.07550000   0.00015469  22639.307    46.374895   0.219603   1.263674   -2596.323 1   0.255594   0.192789   0.080750   0.040575   0.043061   -19.2493   -20.9164   -21.6382   -21.9912   -22.2660     1.6671     2.3889     0.3530
202.831494  -1.515915  20.3821  18.4664  17.6377  17.2428  16.9508    0.08490000   0.00012822  25444.975    38.439389   0.226936   1.305872     209.345 0   0.197641   0.153499   0.059363   0.032738   0.039766   -17.6362   -19.5077   -20.2423   -20.6106   -20.9096     1.8716     2.6061     0.3683
202.811204  -1.504553  18.9910  17.2689  16.3736  15.9583  15.6859    0.08440000   0.00016137  25300.265    48.377509   0.235232   1.353605      64.635 0   0.362616   0.291636   0.117253   0.071459   0.053822   -19.1794   -20.8305   -21.5514   -21.9209   -22.1757     1.6511     2.3720     0.3695
202.882934  -1.957538  20.2569  18.5461  17.6901  17.2570  16.9338    0.08270000   0.00016332  24778.446    48.962104   0.238629   1.373152    -457.183 0   0.388789   0.325793   0.136317   0.077249   0.049258   -17.8925   -19.5403   -20.2068   -20.5809   -20.8761     1.6478     2.3143     0.3740
202.805403  -1.978251  18.6438  16.8173  15.8889  15.4849  15.1642    0.09020000   0.00016982  27037.622    50.910755   0.240260   1.382538    1801.993 1   0.381998   0.300204   0.112670   0.075943   0.061689   -19.6908   -21.4355   -22.1764   -22.5436   -22.8501     1.7447     2.4856     0.3673
202.922710  -1.942970  19.7467  18.1504  17.2651  16.8977  16.6717    0.08650000   0.00014165  25936.874    42.465602   0.244768   1.408481     701.245 0   0.315004   0.249378   0.105338   0.057315   0.045757   -18.4481   -19.9788   -20.7200   -21.0394   -21.2539     1.5307     2.2719     0.3194
203.029395  -1.678290  20.1297  18.3917  17.5727  17.1935  16.8746    0.07560000   0.00015354  22664.310    46.030134   0.248808   1.431729   -2571.320 1   0.130054   0.107233   0.041972   0.025506   0.029135   -17.5681   -19.2833   -20.0370   -20.3997   -20.7223     1.7152     2.4689     0.3627
202.817467  -1.992677  19.1556  17.2893  16.3671  15.9476  15.6477    0.08650000   0.00015127  25922.514    45.349605   0.255761   1.471736     686.884 0   0.365854   0.282664   0.102547   0.070847   0.062729   -19.0901   -20.8732   -21.6153   -22.0031   -22.2948     1.7831     2.5252     0.3878
203.043702  -1.724614  18.9033  17.7206  17.2521  16.9381  16.7622    0.08990000   0.00008738  26964.713    26.195865   0.256065   1.473487    1729.083 1   0.167826   0.070650   0.076994  -0.018324  -0.086191   -19.2073   -20.2928   -20.7676   -20.9863   -21.0944     1.0855     1.5604     0.2187
202.841970  -1.990014  19.1129  17.3751  16.4946  16.0750  15.7528    0.08780000   0.00014433  26319.589    43.269045   0.257129   1.479608    1083.960 0   0.382494   0.312337   0.126654   0.076716   0.053942   -19.1846   -20.8522   -21.5470   -21.9167   -22.2161     1.6676     2.3625     0.3697
202.798206  -2.002439  19.4920  17.7857  16.8989  16.5030  16.1714    0.08400000   0.00016334  25196.417    48.968100   0.264011   1.519214     -39.213 0   0.361872   0.292662   0.119259   0.071176   0.052194   -18.6884   -20.3255   -21.0389   -21.3867   -21.6994     1.6371     2.3505     0.3478
202.700010  -1.489613  20.0277  18.1575  17.3254  16.9371  16.7171    0.08620000   0.00013802  25829.219    41.377355   0.264059   1.519486     593.589 0   0.258232   0.194849   0.082699   0.040817   0.042345   -18.0843   -19.8911   -20.6110   -20.9574   -21.1790     1.8068     2.5268     0.3464
202.967280  -1.935211  19.0642  17.1669  16.2077  15.7865  15.4456    0.09010000   0.00018384  27015.647    55.113845   0.266065   1.531032    1780.018 1   0.455203   0.358512   0.132832   0.093383   0.068650   -19.3623   -21.1629   -21.8964   -22.2782   -22.5944     1.8006     2.5341     0.3818
203.056990  -1.779591  19.9903  18.3042  17.5206  17.1791  16.9192    0.07560000   0.00014695  22666.708    44.054502   0.272065   1.565557   -2568.922 1   0.111676   0.083261   0.036984   0.020597   0.023003   -17.6891   -19.3468   -20.0841   -20.4092   -20.6715     1.6577     2.3950     0.3251
202.685361  -1.991142  18.7852  16.9293  16.0439  15.6320  15.2726    0.08170000   0.00016168  24493.583    48.470445   0.272522   1.568184    -742.046 0   0.323604   0.248534   0.089601   0.059928   0.058721   -19.2725   -21.0533   -21.7798   -22.1620   -22.5202     1.7808     2.5073     0.3822
202.970319  -1.944957  19.7398  17.7498  16.7925  16.3499  16.0426    0.09000000   0.00017234  26990.945    51.666232   0.275347   1.584445    1755.315 1   0.452188   0.356160   0.132005   0.092746   0.068373   -18.6813   -20.5752   -21.3084   -21.7117   -21.9947     1.8940     2.6271     0.4033
203.064819  -1.720029  19.1266  17.3220  16.4741  16.1086  15.8255    0.08940000   0.00014239  26799.587    42.687448   0.277413   1.596332    1563.957 1   0.256675   0.194031   0.080242   0.041175   0.043974   -19.0607   -20.8026   -21.5367   -21.8632   -22.1491     1.7420     2.4761     0.3264
203.029026  -1.886189  20.3326  18.4868  17.5686  17.1410  16.8625    0.08420000   0.00013476  25230.683    40.400032   0.282596   1.626159      -4.947 0   0.363766   0.282886   0.104463   0.070697   0.061373   -17.8549   -19.6198   -20.3596   -20.7534   -21.0226     1.7649     2.5047     0.3938
202.578076  -1.545270  19.6239  17.6833  16.7755  16.3891  16.0907    0.08330000   0.00014532  24980.536    43.565840   0.285262   1.641499    -255.093 0   0.298216   0.229035   0.083662   0.053494   0.055118   -18.4746   -20.3461   -21.1085   -21.4647   -21.7647     1.8714     2.6338     0.3562
202.633477  -1.982581  19.5654  17.9625  17.1975  16.7993  16.5370    0.08800000   0.00014562  26391.300    43.655778   0.288683   1.661185    1155.670 0   0.255195   0.191066   0.089294   0.036764   0.032724   -18.5859   -20.1247   -20.7879   -21.1336   -21.3919     1.5388     2.2020     0.3457
203.038599  -1.883794  19.8636  18.4106  17.6592  17.2995  17.0537    0.08260000   0.00016840  24773.560    50.485050   0.289592   1.666411    -462.070 0   0.267188   0.211219   0.108093   0.038089   0.008258   -18.1643   -19.5614   -20.2097   -20.4993   -20.7153     1.3970     2.0453     0.2897
203.079632  -1.732588  19.0498  17.8086  17.1616  16.7974  16.5760    0.08980000   0.00015155  26907.632    45.433547   0.291657   1.678299    1672.002 1   0.228191   0.216323   0.120416   0.017355  -0.068015   -19.1213   -20.3506   -20.9017   -21.1628   -21.2989     1.2293     1.7804     0.2611
202.901339  -2.009033  20.0623  17.8857  17.0071  16.6244  16.3716    0.08670000   0.00014805  26006.306    44.384273   0.293213   1.687252     770.676 0   0.286086   0.219672   0.083505   0.050071   0.051802   -18.0901   -20.2003   -20.9427   -21.2920   -21.5465     2.1102     2.8526     0.3493
203.081169  -1.747929  18.8754  17.9295  17.5495  17.2939  17.1350    0.07550000   0.00007852  22620.750    23.539704   0.293278   1.687625   -2614.880 1   0.127969   0.026263   0.063757  -0.017039  -0.040129   -18.8174   -19.6616   -20.0791   -20.2539   -20.3897     0.8442     1.2617     0.1748
203.064074  -1.842417  20.1877  18.5418  17.6536  17.1965  16.8795    0.08240000   0.00012459  24701.699    37.351142   0.294910   1.697017    -533.930 0   0.453586   0.405240   0.166219   0.089290   0.053511   -18.0214   -19.6189   -20.2681   -20.6483   -20.9295     1.5976     2.2467     0.3802
202.956421  -1.981027  19.2558  17.4730  16.6076  16.2137  15.8914    0.08840000   0.00015775  26497.876    47.292260   0.295176   1.698546    1262.246 1   0.294529   0.226769   0.087578   0.051989   0.051899   -18.9474   -20.6624   -21.3886   -21.7469   -22.0691     1.7150     2.4412     0.3583
203.045625  -1.889829  20.0561  18.3761  17.4332  16.9435  16.5757    0.08430000   0.00014995  25280.539    44.953879   0.298699   1.718819      44.909 0   0.521087   0.454339   0.177143   0.100793   0.068303   -18.2701   -19.8834   -20.5491   -20.9625   -21.2978     1.6133     2.2790     0.4133
202.728655  -2.034706  21.0547  18.3655  17.4866  17.0685  16.7150    0.08710000   0.00013616  26108.535    40.819741   0.301941   1.737476     872.906 0   0.307463   0.235872   0.084806   0.055849   0.056944   -17.1291   -19.7467   -20.4746   -20.8637   -21.2183     2.6176     3.3454     0.3891
203.090156  -1.696924  18.3307  17.0081  16.3753  15.9729  15.7417    0.07580000   0.00009975  22729.155    29.904298   0.304979   1.754953   -2506.475 1   0.237138   0.204327   0.114699   0.022319  -0.048621   -19.5011   -20.7909   -21.3341   -21.6441   -21.8044     1.2898     1.8330     0.3100
203.039420  -1.913904  20.0297  18.0578  17.1772  16.6763  16.3527    0.08920000   0.00015675  26755.158    46.992468   0.306470   1.763537    1519.528 1   0.477928   0.404965   0.160244   0.096178   0.063362   -18.3977   -20.2966   -20.9325   -21.3693   -21.6601     1.8989     2.5348     0.4368
203.059207  -1.885866  18.9945  17.1742  16.2741  15.8764  15.6190    0.08280000   0.00016530  24828.901    49.555693   0.308572   1.775631    -406.728 0   0.330273   0.256444   0.096735   0.061857   0.056913   -19.1230   -20.8695   -21.6098   -21.9727   -22.2251     1.7465     2.4869     0.3628
203.094156  -1.795617  18.8484  16.9491  16.0434  15.6466  15.3809    0.08420000   0.00014685  25227.985    44.024522   0.311372   1.791740      -7.645 0   0.304079   0.233658   0.085663   0.054928   0.055671   -19.2794   -21.1083   -21.8660   -22.2321   -22.4985     1.8289     2.5866     0.3661
202.651447  -2.020096  20.0665  18.2804  17.3852  16.9618  16.6522    0.08540000   0.00015157  25601.436    45.439543   0.312772   1.799801     365.807 0   0.409319   0.338184   0.136376   0.083260   0.056259   -18.1974   -19.9124   -20.6058   -20.9760   -21.2586     1.7150     2.4084     0.3703
203.065530  -1.885314  18.4013  16.4288  15.5033  15.0860  14.7915    0.08650000   0.00016075  25934.596    48.191638   0.313882   1.806189     698.966 0   0.364391   0.281968   0.102755   0.070570   0.062310   -19.8429   -21.7330   -22.4793   -22.8644   -23.1506     1.8901     2.6364     0.3851
202.563660  -1.518799  19.2639  17.5137  16.6319  16.2290  15.9351    0.09070000   0.00015952  27199.031    47.822893   0.313949   1.806571    1963.401 1   0.328176   0.257010   0.100667   0.061422   0.054022   -19.0289   -20.7079   -21.4334   -21.7970   -22.0835     1.6790     2.4045     0.3637
202.650719  -2.027955  20.0374  18.1724  17.3359  16.9823  16.6080    0.08950000   0.00014175  26840.838    42.495581   0.320174   1.842394    1605.209 1   0.125782   0.108520   0.040426   0.026064   0.029417   -18.0451   -19.8929   -20.6613   -21.0005   -21.3782     1.8477     2.6161     0.3392
203.106802  -1.781682  20.0597  18.3285  17.4386  17.0259  16.7608    0.08070000   0.00014173  24185.277    42.489585   0.321646   1.850865   -1050.353 0   0.333442   0.261007   0.101150   0.062905   0.055290   -17.9809   -19.6397   -20.3698   -20.7442   -21.0017     1.6588     2.3888     0.3745
203.111219  -1.721293  19.5578  17.7313  16.8734  16.4982  16.2228    0.08690000   0.00013999  26051.305    41.967946   0.323631   1.862288     815.675 0   0.265031   0.201560   0.081655   0.043637   0.046037   -18.5998   -20.3628   -21.1008   -21.4380   -21.7158     1.7630     2.5010     0.3372
203.097152  -1.859491  19.4452  17.5895  16.7065  16.3143  16.0471    0.08130000   0.00014477  24386.707    43.400954   0.331895   1.909841    -848.922 0   0.292386   0.225049   0.087561   0.051323   0.051239   -18.5946   -20.3829   -21.1284   -21.4844   -21.7515     1.7884     2.5339     0.3560
203.078044  -1.905386  19.0695  17.6348  16.8938  16.3993  16.2180    0.08230000   0.00004194  24666.144    12.573296   0.334533   1.925018    -569.486 0   0.345402   0.344232   0.156391   0.061814   0.005613   -19.0287   -20.4623   -21.0154   -21.4153   -21.5404     1.4335     1.9867     0.3999
202.972463  -2.030670  20.0578  18.4492  17.5583  17.1758  16.8446    0.08790000   0.00016015  26347.740    48.011762   0.345426   1.987699    1112.110 0   0.363630   0.294339   0.119887   0.071653   0.052349   -18.2021   -19.7414   -20.4579   -20.7921   -21.1040     1.5393     2.2558     0.3343
202.962060  -2.037304  19.6452  17.7745  16.8598  16.4584  16.1311    0.08770000   0.00013908  26290.030    41.695135   0.345701   1.989285    1054.400 0   0.325431   0.250028   0.090244   0.060399   0.058872   -18.5927   -20.3880   -21.1429   -21.5145   -21.8403     1.7953     2.5502     0.3716
202.576828  -2.012950  19.3240  17.4489  16.5117  16.0962  15.7865    0.08630000   0.00015192  25875.057    45.544470   0.346068   1.991399     639.427 0   0.380059   0.294717   0.107434   0.074648   0.063651   -18.9335   -20.7232   -21.4732   -21.8559   -22.1546     1.7898     2.5397     0.3827
202.977249  -1.446619  17.5981  15.7756  14.9268  14.5311  14.2496    0.07530000   0.00018432  22587.683    55.257746   0.347978   2.002385   -2647.947 1   0.266802   0.203249   0.081323   0.044339   0.046945   -20.2278   -21.9867   -22.7136   -23.0723   -23.3564     1.7589     2.4858     0.3587
202.437145  -1.711072  18.0478  16.8579  16.2708  15.8963  15.6879    0.08880000   0.00007732  26627.626    23.179953   0.351678   2.023677    1391.996 1   0.205939   0.195802   0.115689   0.004988  -0.088798   -20.0766   -21.2564   -21.7634   -22.0272   -22.1418     1.1798     1.6867     0.2638
203.017067  -2.006657  20.2335  18.3914  17.5148  17.1116  16.8064    0.08410000   0.00014980  25223.008    44.908910   0.352572   2.028824     -12.621 0   0.307102   0.237281   0.090657   0.055504   0.053824   -17.8920   -19.6643   -20.3943   -20.7623   -21.0658     1.7723     2.5023     0.3680
203.038071  -1.988379  19.5292  17.5933  16.6429  16.1990  15.8293    0.09060000   0.00013833  27168.811    41.470291   0.353414   2.033668    1933.182 1   0.483478   0.389935   0.148008   0.099189   0.068914   -18.9165   -20.7589   -21.4673   -21.8624   -22.2018     1.8424     2.5508     0.3951
203.044898  -1.984769  19.9316  18.1249  17.3722  17.0358  16.9073    0.08460000   0.00016002  25376.592    47.972789   0.355767   2.047208     140.962 0   0.107729   0.072312   0.035683   0.018043   0.019399   -18.0075   -19.7788   -20.4948   -20.8136   -20.9435     1.7713     2.4874     0.3188
203.108282  -1.894507  19.7293  17.8057  16.8572  16.4012  16.0973    0.07990000   0.00019958  23946.402    59.832579   0.356155   2.049438   -1289.227 1   0.498971   0.424362   0.166338   0.099270   0.066232   -18.4580   -20.3070   -20.9975   -21.3864   -21.6573     1.8490     2.5395     0.3889
202.712542  -2.093412  20.1937  18.1459  17.2199  16.8223  16.4567    0.08390000   0.00016954  25159.662    50.826813   0.362691   2.087053     -75.967 0   0.355132   0.273880   0.099160   0.068058   0.061820   -17.9562   -19.9228   -20.6741   -21.0405   -21.3999     1.9665     2.7178     0.3665
202.831540  -1.377788  19.2669  17.7924  17.0298  16.6010  16.3422    0.09180000   0.00014324  27515.881    42.942272   0.363468   2.091521    2280.251 1   0.325982   0.289517   0.136290   0.054759   0.012144   -19.0711   -20.5091   -21.1185   -21.4658   -21.6820     1.4380     2.0474     0.3473
202.444545  -1.601955  19.2697  17.7751  17.0188  16.5930  16.3381    0.08310000   0.00016975  24917.520    50.889770   0.369413   2.125732    -318.110 0   0.314307   0.272631   0.130384   0.051478   0.011314   -18.8158   -20.2687   -20.8827   -21.2296   -21.4444     1.4529     2.0670     0.3469
203.143795  -1.608934  20.1231  18.3390  17.5062  17.1185  16.8653    0.08680000   0.00012361  26027.052    37.057346   0.378634   2.178790     791.422 0   0.267594   0.203576   0.084316   0.043770   0.044829   -18.0345   -19.7546   -20.4681   -20.8153   -21.0695     1.7201     2.4336     0.3472
203.168505  -1.726058  18.8748  17.3135  16.3941  15.9113  15.5230    0.08990000   0.00015085  26945.106    45.223692   0.380634   2.190302    1709.477 1   0.508586   0.442734   0.173879   0.099231   0.066225   -19.5765   -21.0720   -21.7225   -22.1307   -22.4860     1.4954     2.1460     0.4082
202.975612  -2.077832  19.5476  17.7502  16.8126  16.3867  16.0488    0.08670000   0.00015395  26002.289    46.153049   0.387635   2.230589     766.659 0   0.455624   0.381639   0.151664   0.092686   0.061288   -18.7744   -20.4978   -21.2054   -21.5723   -21.8788     1.7234     2.4310     0.3669
202.463841  -1.516785  19.9563  18.4919  17.6204  17.2142  16.8994    0.08670000   0.00017754  25983.012    53.225153   0.392600   2.259156     747.383 0   0.407656   0.372169   0.159406   0.078996   0.039142   -18.3177   -19.7466   -20.4053   -20.7311   -21.0061     1.4289     2.0877     0.3258
202.505923  -2.021343  19.4686  18.1243  17.3545  16.9588  16.7081    0.08590000   0.00015072  25743.628    45.184719   0.399208   2.297183     507.998 0   0.320229   0.333885   0.154719   0.055054  -0.010530   -18.7189   -20.0769   -20.6675   -20.9636   -21.1487     1.3580     1.9486     0.2960
202.443793  -1.944262  19.8493  18.0921  17.1888  16.7594  16.4434    0.08990000   0.00015897  26953.381    47.658007   0.400734   2.305963    1717.751 1   0.419544   0.349279   0.141103   0.085331   0.056583   -18.5130   -20.1999   -20.8951   -21.2687   -21.5559     1.6869     2.3821     0.3736
202.442976  -1.951287  19.0541  17.0520  16.1096  15.6940  15.3878    0.08630000   0.00015414  25879.734    46.210009   0.405078   2.330960     644.104 0   0.379039   0.294206   0.107511   0.074454   0.063398   -19.2024   -21.1196   -21.8753   -22.2579   -22.5530     1.9173     2.6730     0.3825
202.466655  -1.986360  19.4757  17.5016  16.5326  16.0717  15.7131    0.08190000   0.00015715  24554.261    47.112385   0.405556   2.333712    -681.368 0   0.519918   0.416237   0.155916   0.105116   0.073179   -18.8076   -20.6780   -21.3867   -21.7968   -22.1235     1.8704     2.5791     0.4101
202.433701  -1.938012  19.3424  17.5358  16.6167  16.1984  15.9229    0.08990000   0.00014253  26962.434    42.729419   0.406321   2.338115    1726.805 1   0.380865   0.301117   0.114571   0.075939   0.060483   -18.9812   -20.7081   -21.4406   -21.8203   -22.0803     1.7269     2.4594     0.3797
203.202185  -1.766589  19.6579  17.8508  16.9649  16.5703  16.2794    0.08440000   0.00016413  25289.652    49.204936   0.415034   2.388249      54.023 0   0.314740   0.244195   0.094234   0.057505   0.053966   -18.4646   -20.2011   -20.9371   -21.2949   -21.5823     1.7366     2.4725     0.3579
202.542621  -2.083176  19.7793  17.9626  17.0576  16.6422  16.3224    0.08630000   0.00015773  25863.335    47.286264   0.422872   2.433351     627.705 0   0.358695   0.281535   0.106908   0.069850   0.058908   -18.4568   -20.1964   -20.9267   -21.3051   -21.6139     1.7395     2.4699     0.3783
202.689452  -2.152226  19.3948  17.5233  16.5609  16.1124  15.7393    0.09000000   0.00015828  26992.923    47.451150   0.425143   2.446420    1757.293 1   0.494378   0.401527   0.153016   0.100791   0.069450   -19.0685   -20.8471   -21.5610   -21.9573   -22.2990     1.7786     2.4925     0.3963
202.621789  -2.130433  20.2965  18.5659  17.6606  17.2549  16.9608    0.09050000   0.00014568  27139.192    43.673765   0.425533   2.448666    1903.562 1   0.368580   0.291897   0.112467   0.072826   0.058468   -18.0530   -19.7069   -20.4328   -20.7989   -21.0786     1.6539     2.3798     0.3661
202.559865  -2.098552  20.3858  18.2983  17.3704  16.9218  16.6042    0.08490000   0.00016461  25449.562    49.348837   0.426026   2.451503     213.932 0   0.412959   0.321907   0.117854   0.083160   0.066075   -17.8478   -19.8442   -20.5681   -20.9820   -21.2825     1.9964     2.7203     0.4139
202.578614  -2.109824  19.5193  17.7113  16.8078  16.4054  16.0685    0.08720000   0.00014534  26137.825    43.571836   0.426083   2.451832     902.195 0   0.348875   0.271135   0.100842   0.066820   0.059572   -18.7296   -20.4599   -21.1931   -21.5615   -21.8911     1.7303     2.4635     0.3684
202.614087  -2.130371  19.8402  18.2184  17.3808  17.0307  16.7059    0.08540000   0.00013207  25594.331    39.593590   0.428539   2.465965     358.702 0   0.126444   0.108283   0.040658   0.025972   0.029367   -18.1408   -19.7445   -20.5144   -20.8499   -21.1780     1.6036     2.3736     0.3354
202.561111  -2.106348  20.0198  18.2198  17.3177  16.9302  16.6109    0.08730000   0.00013920  26163.787    41.731110   0.431978   2.485752     928.157 0   0.327109   0.255360   0.098932   0.061076   0.054774   -18.2098   -19.9381   -20.6838   -21.0334   -21.3464     1.7283     2.4739     0.3496
202.569354  -2.113469  19.8830  17.9895  17.1270  16.7437  16.4470    0.08640000   0.00015307  25916.578    45.889232   0.433848   2.496515     680.949 0   0.270491   0.206704   0.080471   0.045775   0.048821   -18.2674   -20.0972   -20.8334   -21.1820   -21.4818     1.8297     2.5660     0.3486
202.422911  -1.977385  19.9873  18.2447  17.4473  17.0767  16.7616    0.08650000   0.00012546  25921.405    37.611962   0.436005   2.508926     685.775 0   0.101517   0.087745   0.033769   0.022252   0.024089   -17.9940   -19.7229   -20.4663   -20.8254   -21.1423     1.7288     2.4723     0.3591
202.399964  -1.536100  19.9846  18.0593  17.1975  16.8820  16.5745    0.09100000   0.00013385  27296.043    40.127221   0.437466   2.517333    2060.414 1   0.112560   0.097350   0.036955   0.024043   0.026561   -18.1209   -20.0310   -20.8324   -21.1350   -21.4450     1.9101     2.7115     0.3026
202.400366  -1.534994  19.4792  17.9350  16.9574  16.3926  16.0645    0.09020000   0.00014927  27026.650    44.750020   0.437623   2.518235    1791.020 1   0.592943   0.709460   0.272916   0.133593   0.084601   -19.0663   -20.7270   -21.2681   -21.6936   -21.9727     1.6607     2.2018     0.4255
202.545566  -2.103784  18.1921  16.4085  15.4363  15.0232  14.6928    0.08630000   0.00015823  25874.847    47.436161   0.438191   2.521503     639.217 0   0.476916   0.388959   0.149508   0.097713   0.067128   -20.1622   -21.8579   -22.5906   -22.9519   -23.2518     1.6956     2.4284     0.3613
203.221456  -1.811673  18.7741  16.9617  16.1310  15.7209  15.4349    0.09060000   0.00013255  27162.276    39.737490   0.439466   2.528841    1926.646 1   0.238792   0.182634   0.070241   0.039137   0.045457   -19.4269   -21.1832   -21.9015   -22.2805   -22.5728     1.7562     2.4745     0.3790
202.543025  -2.105012  18.0811  16.3482  15.4190  14.9881  14.6759    0.08660000   0.00018088  25952.973    54.226460   0.440621   2.535487     717.343 0   0.467555   0.407939   0.164600   0.093014   0.058704   -20.2503   -21.9236   -22.6094   -22.9687   -23.2466     1.6733     2.3591     0.3593
202.501665  -2.077059  20.1510  18.3301  17.3939  16.9238  16.5690    0.08680000   0.00015839  26032.328    47.484127   0.443161   2.550102     796.698 0   0.498891   0.431025   0.169906   0.098329   0.065097   -18.2379   -19.9909   -20.6660   -21.0645   -21.3861     1.7530     2.4281     0.3985
202.549564  -2.119327  19.3094  17.3888  16.4026  15.9683  15.6125    0.08800000   0.00020907  26384.255    62.677609   0.449093   2.584236    1148.625 1   0.507853   0.402656   0.149761   0.103443   0.072728   -19.0946   -20.9100   -21.6433   -22.0313   -22.3564     1.8154     2.5487     0.3880
202.399395  -1.509446  19.4924  18.0315  17.2944  16.8986  16.6994    0.08210000   0.00016444  24607.505    49.297872   0.450915   2.594721    -628.125 0   0.247446   0.183895   0.093624   0.031477   0.018763   -18.5026   -19.8999   -20.5467   -20.8804   -21.0669     1.3973     2.0442     0.3337
202.415461  -1.478394  18.9885  17.2852  16.4624  16.0974  15.8332    0.08920000   0.00015102  26740.528    45.274657   0.454211   2.613687    1504.898 1   0.256426   0.192906   0.083452   0.039839   0.040750   -19.2174   -20.8571   -21.5705   -21.8919   -22.1570     1.6398     2.3531     0.3214
202.473984  -2.073540  20.3841  18.4856  17.5831  17.1861  16.8563    0.08310000   0.00014278  24921.327    42.804367   0.458933   2.640863    -314.302 0   0.318603   0.244580   0.088144   0.058647   0.058168   -17.7057   -19.5301   -20.2762   -20.6437   -20.9730     1.8245     2.5705     0.3675
202.344128  -1.878354  19.5274  17.5818  16.6356  16.2219  15.9018    0.08910000   0.00016390  26722.420    49.135984   0.465058   2.676104    1486.791 1   0.380610   0.294831   0.107202   0.074715   0.063870   -18.8002   -20.6600   -21.4186   -21.7998   -22.1091     1.8598     2.6184     0.3812
202.753214  -1.266292  19.5463  17.7477  16.9052  16.4145  16.1140    0.08680000   0.00015332  26013.921    45.964180   0.473608   2.725304     778.291 0   0.433816   0.390969   0.163241   0.085110   0.047902   -18.7775   -20.5333   -21.1481   -21.5606   -21.8239     1.7558     2.3705     0.4126
203.258614  -1.666082  19.2933  17.5344  16.7232  16.3268  16.0513    0.08150000   0.00014373  24447.266    43.089170   0.476055   2.739384    -788.364 0   0.238676   0.178983   0.074158   0.037188   0.042123   -18.6769   -20.3761   -21.0825   -21.4419   -21.7224     1.6992     2.4056     0.3594
203.124607  -1.400367  20.2414  18.3497  17.4912  17.0964  16.8153    0.08510000   0.00013883  25504.723    41.620187   0.477165   2.745773     269.094 0   0.269400   0.205869   0.079998   0.045564   0.048785   -17.8722   -19.7004   -20.4330   -20.7934   -21.0777     1.8282     2.5608     0.3604
202.320019  -1.846792  17.9941  16.6589  15.9896  15.5957  15.3780    0.08810000   0.00014190  26410.067    42.540550   0.480014   2.762166    1174.437 1   0.249511   0.208741   0.114091   0.028166  -0.029550   -20.1778   -21.4722   -22.0469   -22.3549   -22.5149     1.2944     1.8691     0.3080
203.253542  -1.614530  20.8000  18.4215  17.4118  16.8157  16.4748    0.08390000   0.00016731  25139.636    50.158276   0.481685   2.771785     -95.994 0   0.741464   0.594258   0.208275   0.123850   0.099247   -17.7363   -19.9675   -20.5913   -21.1029   -21.4192     2.2313     2.8550     0.5117
202.430954  -2.124945  19.5658  17.7553  16.8280  16.3690  16.0060    0.08630000   0.00016854  25858.359    50.527021   0.525867   3.026020     622.729 1   0.494333   0.422325   0.166280   0.098375   0.065157   -18.8060   -20.5445   -21.2157   -21.6068   -21.9366     1.7385     2.4097     0.3911
203.148993  -2.121483  19.4558  18.1401  17.5061  17.1685  16.9819    0.08860000   0.00016113  26559.903    48.305559   0.526159   3.027701    1324.273 1   0.130869   0.067486   0.049538   0.014865  -0.004037   -18.6098   -19.8621   -20.4782   -20.7811   -20.9488     1.2523     1.8684     0.3029
202.405760  -2.110164  20.1046  18.2055  17.3008  16.8607  16.5451    0.08730000   0.00014936  26174.040    44.777002   0.532858   3.066250     938.410 1   0.442661   0.368491   0.146645   0.090375   0.060244   -18.2406   -20.0655   -20.7484   -21.1322   -21.4177     1.8249     2.5078     0.3838
203.236788  -2.047198  20.4125  18.3668  17.3793  16.9161  16.5628    0.08760000   0.00015601  26253.815    46.770621   0.544543   3.133490    1018.185 1   0.562500   0.459612   0.172497   0.108907   0.076788   -18.0388   -19.9817   -20.6820   -21.0816   -21.4028     1.9428     2.6432     0.3996
202.244553  -1.803473  19.4538  17.8345  16.9378  16.4347  16.0369    0.08190000   0.00015071  24551.623    45.181721   0.546957   3.147383    -684.006 0   0.502695   0.438936   0.173129   0.098270   0.065017   -18.8123   -20.3678   -20.9987   -21.4270   -21.7915     1.5555     2.1864     0.4282
202.460591  -2.187206  19.1953  17.4202  16.4918  16.0719  15.7585    0.08950000   0.00014569  26823.960    43.676763   0.555208   3.194860    1588.330 1   0.445076   0.369807   0.146701   0.090964   0.060858   -19.2065   -20.9064   -21.6117   -21.9758   -22.2591     1.6998     2.4051     0.3642
202.518473  -2.225023  19.3685  17.4643  16.5612  16.1607  15.8450    0.08290000   0.00016007  24861.219    47.987779   0.555972   3.199256    -374.411 0   0.306471   0.235088   0.084405   0.055608   0.056881   -18.7066   -20.5394   -21.2919   -21.6636   -21.9805     1.8328     2.5852     0.3717
202.429776  -2.188137  19.2386  17.4876  16.5756  16.1747  15.8444    0.08710000   0.00015909  26119.898    47.693982   0.574626   3.306598     884.268 1   0.386205   0.308833   0.119927   0.077688   0.059032   -19.0240   -20.6976   -21.4207   -21.7794   -22.0910     1.6736     2.3967     0.3587
202.558658  -2.266985  19.9652  18.0638  17.1633  16.7486  16.4401    0.08420000   0.00013533  25242.585    40.570913   0.575903   3.313948       6.955 0   0.331901   0.256305   0.094425   0.062151   0.058523   -18.1905   -20.0163   -20.7549   -21.1373   -21.4422     1.8258     2.5644     0.3824
203.286771  -1.431494  20.3034  18.3118  17.2883  16.7075  16.3888    0.08710000   0.00015465  26111.324    46.362904   0.585638   3.369967     875.694 1   0.720345   0.575548   0.203214   0.121816   0.096499   -18.2933   -20.1401   -20.7913   -21.2907   -21.5841     1.8468     2.4980     0.4994
202.735782  -1.152538  18.1783  16.4418  15.6299  15.2434  14.9607    0.08670000   0.00016463  25978.785    49.354832   0.588402   3.385868     743.156 1   0.217980   0.162054   0.068147   0.033002   0.039251   -19.9060   -21.5866   -22.3046   -22.6559   -22.9449     1.6806     2.3986     0.3514
203.378267  -1.781486  19.8192  18.0719  17.1826  16.7300  16.4376    0.08310000   0.00014602  24914.882    43.775695   0.591647   3.404542    -320.748 0   0.431040   0.371951   0.153436   0.086082   0.052894   -18.3830   -20.0712   -20.7420   -21.1272   -21.3864     1.6882     2.3590     0.3852
202.432546  -2.214309  19.3661  17.9201  17.2454  16.8816  16.6798    0.09060000   0.00015896  27170.880    47.655009   0.593661   3.416132    1935.250 1   0.208732   0.139000   0.080928   0.019053   0.002415   -18.8049   -20.1811   -20.7977   -21.0997   -21.2848     1.3763     1.9929     0.3019
203.047001  -2.292544  18.7662  17.3882  16.6379  16.2373  15.9957    0.09040000   0.00015106  27103.457    45.286649   0.611467   3.518593    1867.827 1   0.301949   0.269422   0.131622   0.046617  -0.002111   -19.4906   -20.8361   -21.4486   -21.7642   -21.9570     1.3455     1.9580     0.3156
202.257453  -1.426260  20.0884  18.2461  17.3660  16.9842  16.7111    0.08410000   0.00015125  25217.312    45.343609   0.615380   3.541113     -18.317 0   0.284276   0.218236   0.085149   0.049223   0.050213   -18.0143   -19.7906   -20.5376   -20.8834   -21.1575     1.7763     2.5233     0.3459
