127.151099  30.432892  19.3150  17.6460  16.8162  16.4758  16.2005    0.04560000   0.00018135  13656.356    54.367362   0.010673   0.037802   -1434.297 0   0.132023   0.104527   0.042985   0.024690   0.028424   -17.3040   -18.9455   -19.7137   -20.0358   -20.3149     1.6415     2.4098     0.3221
127.131861  30.431326  16.1896  14.2474  13.3604  12.9445  12.6319    0.05040000   0.00021887  15094.610    65.615575   0.026286   0.093098       3.957 0   0.319402   0.245341   0.088692   0.058861   0.058112   -20.8349   -22.7030   -23.4334   -23.8194   -24.1313     1.8681     2.5985     0.3861
127.143729  30.405551  19.3251  17.3719  16.5414  16.1554  15.8625    0.04810000   0.00017371  14420.407    52.076948   0.027475   0.097311    -670.246 0   0.166049   0.135599   0.050514   0.030326   0.036126   -17.4182   -19.3409   -20.0863   -20.4522   -20.7509     1.9227     2.6682     0.3658
127.182861  30.404533  16.6357  14.7185  13.8327  13.4416  13.1811    0.05260000   0.00020295  15777.927    60.842879   0.029515   0.104537     687.274 0   0.281776   0.216180   0.081105   0.049138   0.051920   -20.4229   -22.2746   -23.0253   -23.3844   -23.6477     1.8516     2.6023     0.3591
127.129098  30.412076  20.2143  18.3301  17.5211  17.1504  16.8945    0.05260000   0.00016389  15774.300    49.132986   0.032609   0.115493     683.647 0   0.183643   0.136249   0.058415   0.028526   0.034713   -16.7462   -18.5830   -19.3142   -19.6550   -19.9171     1.8368     2.5680     0.3408
127.127135  30.447933  20.1540  18.2828  17.4707  17.1113  16.8884    0.05050000   0.00016874  15150.821    50.586979   0.036143   0.128008      60.168 0   0.194524   0.140929   0.062826   0.028362   0.034299   -16.7286   -18.5462   -19.2802   -19.6051   -19.8339     1.8176     2.5516     0.3249
127.113573  30.414212  18.1383  16.3379  15.4267  15.0112  14.6938    0.05360000   0.00019347  16072.114    58.000847   0.044057   0.156038     981.461 0   0.380707   0.304275   0.118511   0.076268   0.058336   -19.0817   -20.8056   -21.5311   -21.9043   -22.2038     1.7240     2.4494     0.3733
127.165375  30.379693  19.7474  17.8586  17.0110  16.6120  16.3151    0.05350000   0.00016470  16040.216    49.375818   0.048389   0.171384     949.563 0   0.220449   0.170527   0.064533   0.036379   0.043570   -17.3040   -19.1429   -19.8845   -20.2553   -20.5594     1.8389     2.5805     0.3708
127.108447  30.413687  18.9601  17.1239  16.3001  15.9196  15.6385    0.05520000   0.00017369  16555.019    52.070952   0.048427   0.171517    1464.366 0   0.205093   0.155360   0.062763   0.032344   0.039360   -18.1230   -19.9094   -20.6406   -20.9907   -21.2788     1.7865     2.5177     0.3501
127.135717  30.382417  20.0657  18.2528  17.5187  17.1881  16.9262    0.05150000   0.00014560  15424.892    43.649782   0.050944   0.180432     334.239 0   0.057413   0.041110   0.017148   0.011458   0.011699   -16.7181   -18.5147   -19.2249   -19.5498   -19.8119     1.7966     2.5067     0.3249
127.140627  30.374591  19.8345  18.1919  17.4297  17.0735  16.8402    0.04670000   0.00017489  14006.693    52.430703   0.056527   0.200207   -1083.960 0   0.125252   0.090002   0.041906   0.021417   0.024308   -16.8035   -18.4108   -19.1249   -19.4606   -19.6968     1.6073     2.3215     0.3357
127.110974  30.468604  19.3381  17.3005  16.4213  16.0103  15.6915    0.04650000   0.00018196  13944.906    54.550236   0.059934   0.212272   -1145.747 0   0.296710   0.227649   0.081568   0.053208   0.055738   -17.4882   -19.4567   -20.1898   -20.5724   -20.8938     1.9685     2.7017     0.3826
127.092232  30.443204  17.3296  15.5238  14.7966  14.4518  14.1718    0.05450000   0.00017163  16335.661    51.453380   0.062133   0.220063    1245.008 0   0.042212   0.031153   0.012270   0.008888   0.008828   -19.5882   -21.3829   -22.0912   -22.4326   -22.7126     1.7947     2.5031     0.3414
127.239326  30.421433  19.5464  18.1778  17.6837  17.4257  17.3084    0.05360000   0.00019004  16061.951    56.972559   0.066913   0.236989     971.298 0   0.089491   0.029394   0.033143   0.009232  -0.040928   -17.3824   -18.6909   -19.1887   -19.4228   -19.4899     1.3085     1.8064     0.2341
127.089633  30.402579  19.9720  18.4861  17.7353  17.3819  17.1177    0.04630000   0.00016406  13880.361    49.183951   0.067459   0.238924   -1210.292 0   0.146111   0.100095   0.049787   0.022163   0.025245   -16.6943   -18.1341   -18.8346   -19.1604   -19.4277     1.4399     2.1404     0.3258
127.098438  30.380916  18.0836  16.2338  15.4370  15.0575  14.7765    0.04760000   0.00016560  14267.543    49.645631   0.072320   0.256141    -823.110 0   0.144139   0.113639   0.046347   0.026166   0.030623   -18.6197   -20.4390   -21.1685   -21.5278   -21.8133     1.8193     2.5488     0.3593
127.239362  30.397521  19.2064  17.4400  16.6356  16.2734  16.0181    0.05450000   0.00016711  16328.196    50.098318   0.073261   0.259475    1237.543 0   0.194918   0.141700   0.062736   0.028605   0.034641   -17.8641   -19.5773   -20.3027   -20.6308   -20.8921     1.7132     2.4386     0.3281
127.143164  30.502492  19.2852  17.6477  16.8633  16.5105  16.2543    0.05050000   0.00015856  15138.290    47.535092   0.076261   0.270098      47.637 0   0.112466   0.085440   0.037216   0.021104   0.023613   -17.5153   -19.1258   -19.8620   -20.1987   -20.4574     1.6105     2.3467     0.3367
127.245314  30.457993  17.7906  16.2622  15.5525  15.1606  14.8826    0.05060000   0.00009255  15167.700    27.745792   0.077769   0.275440      77.047 0   0.217312   0.150376   0.078834   0.025084   0.020632   -19.1146   -20.5761   -21.2142   -21.5524   -21.8259     1.4615     2.0996     0.3381
127.254062  30.432621  18.8677  17.3714  16.8314  16.5263  16.3275    0.05310000   0.00009592  15926.175    28.756093   0.079430   0.281323     835.522 0   0.135546   0.060460   0.056287   0.011010  -0.038848   -18.0867   -19.5079   -20.0437   -20.3035   -20.4525     1.4212     1.9570     0.2598
127.078303  30.393185  19.9967  18.4028  17.6101  17.2518  16.9675    0.04680000   0.00015762  14024.561    47.253287   0.080206   0.284071   -1066.092 0   0.124693   0.096493   0.041083   0.023145   0.026403   -16.6715   -18.2372   -18.9745   -19.3149   -19.6025     1.5657     2.3030     0.3404
127.076286  30.466341  17.9508  16.3974  15.7294  15.3651  15.0413    0.05620000   0.00010620  16841.621    31.837959   0.083338   0.295164    1750.968 0   0.004120   0.002836   0.001059   0.000823   0.000816   -18.9745   -20.5266   -21.1929   -21.5569   -21.8807     1.5521     2.2183     0.3641
127.126249  30.510412  19.8689  18.1578  17.3996  17.0327  16.7943    0.04930000   0.00015962  14778.119    47.852872   0.088019   0.311743    -312.534 0   0.185709   0.129672   0.062057   0.025593   0.030169   -16.9479   -18.6029   -19.2935   -19.6240   -19.8669     1.6551     2.3456     0.3304
127.219573  30.502459  19.0599  17.2762  16.4504  16.0189  15.6913    0.05160000   0.00016359  15459.038    49.043048   0.089443   0.316786     368.385 0   0.210033   0.165534   0.060739   0.035560   0.043041   -17.8852   -19.6244   -20.3454   -20.7517   -21.0868     1.7392     2.4602     0.4063
127.095062  30.356370  17.9131  16.1684  15.3529  14.9885  14.6765    0.04570000   0.00020040  13695.389    60.078409   0.092044   0.326000   -1395.264 0   0.135787   0.109679   0.043749   0.025754   0.029732   -18.7095   -20.4281   -21.1776   -21.5241   -21.8400     1.7186     2.4682     0.3464
127.280987  30.427689  19.2841  17.8843  17.2248  16.8551  16.6858    0.04700000   0.00009499  14088.147    28.477286   0.102513   0.363076   -1002.506 0   0.216193   0.151015   0.090709   0.016130  -0.019037   -17.4849   -18.8196   -19.4187   -19.7139   -19.8480     1.3346     1.9338     0.2951
127.161104  30.323531  19.6598  17.8941  17.0971  16.7203  16.4447    0.04790000   0.00018121  14370.731    54.325391   0.104473   0.370018    -719.922 0   0.183946   0.138026   0.057958   0.029104   0.035447   -17.0923   -18.8121   -19.5290   -19.8769   -20.1589     1.7198     2.4367     0.3479
127.041583  30.397746  17.8786  16.8893  16.5987  16.3434  16.2745    0.05590000   0.00007194  16770.900    21.567069   0.108232   0.383334    1680.247 0   0.146906   0.022970   0.077493  -0.043607  -0.020873   -19.1738   -20.0392   -20.3843   -20.5185   -20.6101     0.8654     1.2105     0.1342
127.033070  30.425566  19.7305  18.1592  17.4280  17.0567  16.8339    0.04900000   0.00014399  14684.404    43.167116   0.111285   0.394147    -406.249 0   0.205403   0.139745   0.072359   0.024174   0.023973   -17.1186   -18.6242   -19.2880   -19.6112   -19.8338     1.5056     2.1695     0.3231
127.065534  30.352433  19.1202  17.2885  16.4606  16.0719  15.7406    0.04810000   0.00016960  14423.105    50.844801   0.112443   0.398249    -667.548 0   0.149885   0.125703   0.046385   0.028890   0.033752   -17.6069   -19.4144   -20.1630   -20.5342   -20.8704     1.8075     2.5561     0.3712
127.292045  30.384931  17.8366  15.9132  15.1128  14.7297  14.4541    0.05350000   0.00016220  16033.680    48.626337   0.120040   0.425154     943.027 0   0.146911   0.118475   0.046577   0.027226   0.031876   -19.1413   -21.0362   -21.7647   -22.1285   -22.4087     1.8950     2.6235     0.3637
127.023533  30.452152  17.6918  15.8789  15.0811  14.7080  14.4412    0.05130000   0.00016550  15388.017    49.615652   0.121898   0.431735     297.364 0   0.165651   0.123295   0.053486   0.026758   0.032147   -19.1918   -20.9623   -21.6903   -22.0367   -22.3089     1.7705     2.4985     0.3464
127.256251  30.521540  18.5009  16.8401  16.0532  15.6619  15.3617    0.04610000   0.00015945  13827.328    47.801907   0.123857   0.438673   -1263.325 0   0.190241   0.141780   0.059982   0.029514   0.035937   -18.2000   -19.8124   -20.5175   -20.8783   -21.1849     1.6123     2.3174     0.3608
127.251254  30.327635  17.9838  16.1342  15.3157  14.9427  14.6582    0.04630000   0.00017194  13874.365    51.546315   0.126424   0.447764   -1216.288 0   0.160162   0.127383   0.050060   0.028540   0.033969   -18.6965   -20.5133   -21.2545   -21.6060   -21.8959     1.8168     2.5580     0.3515
127.219957  30.551430  18.4300  16.6444  15.8009  15.4126  15.1230    0.05110000   0.00017616  15315.887    52.811439   0.133131   0.471519     225.234 0   0.257674   0.195291   0.079450   0.041834   0.045052   -18.5628   -20.2860   -21.0137   -21.3644   -21.6572     1.7232     2.4509     0.3507
127.103485  30.300573  19.2636  17.4051  16.5848  16.1660  15.8306    0.05670000   0.00015182  17002.070    45.514491   0.137084   0.485521    1911.417 0   0.195918   0.156278   0.057360   0.033872   0.040983   -17.8728   -19.6917   -20.4131   -20.8084   -21.1509     1.8189     2.5402     0.3953
127.118622  30.295553  18.6875  17.1732  16.3766  16.0018  15.7352    0.05040000   0.00016167  15103.184    48.467447   0.137650   0.487525      12.531 0   0.281754   0.221919   0.106256   0.044616   0.025522   -18.2993   -19.7538   -20.4347   -20.7479   -20.9954     1.4545     2.1354     0.3132
127.305854  30.348731  19.2587  17.4999  16.7082  16.3695  16.1161    0.05340000   0.00015392  16002.801    46.144055   0.147134   0.521113     912.149 0   0.108300   0.083639   0.035794   0.020894   0.023200   -17.6807   -19.4148   -20.1587   -20.4825   -20.7382     1.7341     2.4780     0.3238
127.009937  30.357956  19.1592  17.4212  16.6100  16.2510  15.9908    0.04800000   0.00016403  14386.500    49.174957   0.148731   0.526771    -704.153 0   0.190984   0.139046   0.061483   0.028318   0.034318   -17.6092   -19.2952   -20.0289   -20.3547   -20.6209     1.6861     2.4197     0.3258
127.334642  30.473350  19.4443  17.5199  16.6172  16.1638  15.8163    0.05000000   0.00016207  14985.036    48.587364   0.155535   0.550870    -105.617 0   0.430219   0.349772   0.136272   0.088552   0.061976   -17.6736   -19.5176   -20.2068   -20.6125   -20.9334     1.8440     2.5332     0.4057
127.284135  30.544134  18.6670  16.9954  16.2624  15.9376  15.6930    0.04730000   0.00015104  14174.757    45.280653   0.156715   0.555050    -915.896 0   0.061976   0.041373   0.018215   0.011392   0.011695   -17.9403   -19.5913   -20.3012   -20.6191   -20.8640     1.6510     2.3608     0.3180
127.335290  30.377222  18.5639  16.8922  16.0903  15.7147  15.4639    0.04770000   0.00015639  14294.584    46.884543   0.157733   0.558653    -796.069 0   0.225846   0.164617   0.074046   0.032276   0.036090   -18.2209   -19.8314   -20.5427   -20.8766   -21.1312     1.6105     2.3218     0.3338
127.255885  30.289519  19.0771  18.0324  17.7012  17.4747  17.4217    0.04770000   0.00008952  14308.554    26.837421   0.160364   0.567972    -782.099 0   0.115885   0.016474   0.058229  -0.021112  -0.017163   -17.5978   -18.5431   -18.9160   -19.0632   -19.1201     0.9453     1.3182     0.1472
127.134665  30.267533  19.5948  18.0812  17.2785  16.8990  16.6500    0.05620000   0.00014501  16851.424    43.472904   0.162202   0.574481    1760.771 0   0.308142   0.251763   0.117549   0.052554   0.027329   -17.6345   -19.0918   -19.7602   -20.0748   -20.2985     1.4572     2.1257     0.3145
127.143800  30.266386  17.5190  15.6745  14.8113  14.4026  14.0742    0.05510000   0.00019604  16506.243    58.771313   0.162383   0.575122    1415.590 0   0.248399   0.192348   0.069668   0.042287   0.048871   -19.6075   -21.3959   -22.1365   -22.5178   -22.8528     1.7884     2.5290     0.3813
126.986882  30.491045  18.4209  17.4495  17.0890  16.8398  16.7946    0.05310000   0.00007875  15912.564    23.608656   0.163710   0.579824     821.911 0   0.127245   0.022655   0.064690  -0.021666  -0.030562   -18.5252   -19.3920   -19.7945   -19.9574   -19.9937     0.8668     1.2693     0.1628
127.176726  30.260034  18.2815  16.7814  16.0312  15.6269  15.3425    0.05150000   0.00009831  15449.475    29.472597   0.168439   0.596572     358.822 0   0.297881   0.246393   0.119577   0.047675   0.015592   -18.7428   -20.1914   -20.8148   -21.1472   -21.3995     1.4486     2.0720     0.3324
127.358685  30.424684  16.9167  15.5434  14.8786  14.4819  14.2273    0.05140000   0.00018969  15413.619    56.867631   0.169541   0.600476     322.966 0   0.251472   0.207323   0.112804   0.029386  -0.023683   -20.0613   -21.3905   -21.9608   -22.2740   -22.4756     1.3292     1.8994     0.3133
127.210997  30.596517  17.4088  16.0489  15.3284  14.9404  14.6762    0.05000000   0.00008618  14984.377    25.836114   0.173712   0.615247    -106.276 0   0.289937   0.269724   0.133596   0.042801  -0.016731   -19.5688   -20.9085   -21.4929   -21.7901   -21.9948     1.3397     1.9241     0.2972
127.322469  30.311817  18.5340  17.3461  16.8978  16.6299  16.4896    0.04810000   0.00007244  14430.780    21.716966   0.180610   0.639680    -659.873 0   0.110580   0.031175   0.048444   0.002183  -0.052413   -18.1538   -19.2623   -19.7279   -19.9495   -20.0352     1.1085     1.5741     0.2216
126.983718  30.332184  18.3903  16.6118  15.7934  15.4176  15.1283    0.04710000   0.00018642  14133.056    55.887310   0.181215   0.641823    -957.597 0   0.192653   0.146173   0.059607   0.030769   0.037475   -18.3385   -20.0705   -20.8023   -21.1493   -21.4453     1.7320     2.4639     0.3470
127.366450  30.479784  18.6908  17.5106  17.1985  16.9787  16.8511    0.04690000   0.00008679  14050.103    26.018987   0.183656   0.650468   -1040.550 0   0.140120   0.020456   0.074635  -0.039224  -0.017558   -17.9927   -19.0533   -19.4195   -19.5255   -19.6748     1.0605     1.4268     0.1059
127.356600  30.511935  18.1823  17.1575  16.4903  16.0750  15.8206    0.04590000   0.00009946  13763.652    29.817358   0.187542   0.664231   -1327.001 0   0.221672   0.338540   0.158712   0.024691  -0.072266   -18.5406   -19.6823   -20.1696   -20.4509   -20.6084     1.1417     1.6290     0.2813
127.219827  30.245181  19.6546  17.8196  17.0344  16.7038  16.4350    0.05090000   0.00015901  15261.115    47.669999   0.189474   0.671073     170.462 0   0.079880   0.063308   0.026032   0.016970   0.017782   -17.1519   -18.9703   -19.7182   -20.0398   -20.3094     1.8184     2.5664     0.3215
127.304620  30.586614  20.0243  18.4759  17.7944  17.4915  17.3576    0.05130000   0.00014727  15381.781    44.150435   0.200650   0.710657     291.128 0   0.057440   0.029589   0.015116   0.008256   0.005448   -16.7511   -18.2716   -18.9386   -19.2347   -19.3658     1.5205     2.1876     0.2960
127.068845  30.621722  18.5723  16.6414  15.7841  15.3833  15.0657    0.04990000   0.00017395  14955.447    52.148898   0.209748   0.742879    -135.206 0   0.245754   0.190623   0.068862   0.041814   0.048588   -18.3568   -20.2326   -20.9681   -21.3419   -21.6662     1.8758     2.6113     0.3738
127.376381  30.538391  18.9369  17.0774  16.3077  15.9619  15.7140    0.04860000   0.00016096  14576.599    48.254594   0.215233   0.762305    -514.054 0   0.093711   0.070929   0.030665   0.018385   0.019894   -17.7566   -19.5933   -20.3228   -20.6563   -20.9057     1.8367     2.5662     0.3335
127.285633  30.620696  19.2864  17.6117  16.8441  16.4937  16.2377    0.04900000   0.00015844  14689.920    47.499117   0.220177   0.779816    -400.733 0   0.109285   0.081012   0.036158   0.020170   0.022425   -17.4666   -19.1130   -19.8357   -20.1702   -20.4284     1.6464     2.3692     0.3344
127.298909  30.193652  19.1049  17.8338  17.2097  16.8528  16.6040    0.04740000   0.00011223  14199.280    33.645708   0.262364   0.929234    -891.373 0   0.221370   0.180249   0.107458   0.015476  -0.058476   -17.6617   -18.8916   -19.4430   -19.7079   -19.8827     1.2300     1.7813     0.2649
127.010012  30.191763  18.6908  16.8724  16.0470  15.6578  15.3710    0.04850000   0.00018944  14549.797    56.792683   0.270196   0.956972    -540.856 0   0.214977   0.164150   0.064607   0.034512   0.041529   -18.1241   -19.8917   -20.6176   -20.9767   -21.2705     1.7676     2.4934     0.3591
127.310718  30.187142  18.2020  16.3612  15.5265  15.1413  14.8295    0.05210000   0.00016680  15630.549    50.005382   0.272827   0.966291     539.896 0   0.153017   0.125619   0.047578   0.028646   0.033679   -18.7071   -20.5205   -21.2771   -21.6434   -21.9602     1.8134     2.5701     0.3663
127.215445  30.155493  18.0150  16.2860  15.4913  15.1424  14.8421    0.05160000   0.00016269  15466.833    48.773235   0.276362   0.978811     376.180 0   0.100536   0.079800   0.033235   0.020349   0.022226   -18.8206   -20.5288   -21.2770   -21.6130   -21.9151     1.7083     2.4564     0.3360
127.410165  30.611379  18.5674  16.7257  15.8896  15.5191  15.2259    0.04900000   0.00017359  14702.302    52.040973   0.281745   0.997876    -388.351 0   0.192361   0.148239   0.058654   0.031548   0.038371   -18.2686   -20.0662   -20.8127   -21.1561   -21.4562     1.7976     2.5441     0.3434
127.373666  30.650204  19.3450  17.7581  17.0017  16.6727  16.5275    0.04710000   0.00014874  14127.060    44.591130   0.287496   1.018245    -963.593 0   0.107929   0.071592   0.035780   0.017845   0.019036   -17.2990   -18.8496   -19.5702   -19.8813   -20.0276     1.5506     2.2712     0.3111
127.032657  30.699117  19.1913  17.8021  17.0226  16.6260  16.3310    0.04660000   0.00018500  13959.716    55.461605   0.293193   1.038421   -1130.937 0   0.335447   0.319477   0.147892   0.059444   0.005589   -17.6570   -19.0302   -19.6381   -19.9463   -20.1874     1.3732     1.9811     0.3082
126.865789  30.585689  17.6829  16.6409  16.1627  15.8536  15.6795    0.04770000   0.00010255  14302.559    30.743717   0.300243   1.063390    -788.094 0   0.166663   0.125334   0.101133  -0.041971  -0.095113   -19.0428   -20.0434   -20.4974   -20.6634   -20.7844     1.0007     1.4547     0.1660
127.114044  30.748181  17.9492  16.2456  15.4503  15.0648  14.7890    0.04900000   0.00015981  14675.500    47.909833   0.322851   1.143465    -415.153 0   0.223445   0.165038   0.070888   0.033265   0.038735   -18.9179   -20.5631   -21.2643   -21.6121   -21.8934     1.6452     2.3463     0.3479
127.454978  30.649882  19.4626  17.9092  17.3034  17.0233  16.8083    0.04630000   0.00013653  13894.481    40.930664   0.336166   1.190622   -1196.172 0   0.050246   0.021772   0.012580   0.006818  -0.002797   -17.1078   -18.6327   -19.2293   -19.5037   -19.7090     1.5249     2.1215     0.2743
127.422307  30.687976  16.7886  14.8928  14.0548  13.6642  13.3801    0.04770000   0.00022464  14286.040    67.345378   0.343407   1.216269    -804.613 0   0.197572   0.155131   0.058660   0.033319   0.040402   -19.9680   -21.8213   -22.5629   -22.9281   -23.2193     1.8534     2.5949     0.3653
127.005615  30.755824  17.5907  16.6763  16.3283  16.0462  15.9152    0.04770000   0.00011007  14304.327    32.998156   0.354506   1.255580    -786.326 0   0.160153   0.074128   0.094054  -0.086129  -0.047939   -19.1284   -19.9568   -20.3247   -20.4267   -20.5959     0.8284     1.1963     0.1019
126.920025  30.130177  18.7013  17.4420  17.0112  16.7734  16.6422    0.05080000   0.00008368  15216.476    25.086633   0.363687   1.288096     125.823 0   0.106717   0.027203   0.046721   0.000250  -0.047425   -18.1019   -19.2817   -19.7320   -19.9234   -20.0069     1.1798     1.6301     0.1913
126.801236  30.226950  19.2016  17.4340  16.6238  16.2520  15.9724    0.05160000   0.00015238  15466.323    45.682375   0.370462   1.312092     375.670 0   0.171565   0.128474   0.054840   0.027629   0.033373   -17.7050   -19.4295   -20.1661   -20.5106   -20.7960     1.7245     2.4611     0.3446
127.229656  30.044300  18.7786  17.0907  16.3067  15.9700  15.7041    0.04870000   0.00016115  14585.503    48.311555   0.388096   1.374547    -505.150 0   0.097870   0.072132   0.032063   0.018504   0.020165   -17.9282   -19.5904   -20.3343   -20.6574   -20.9250     1.6622     2.4061     0.3231
127.435715  30.739055  19.2967  17.8848  17.1867  16.8249  16.6173    0.04680000   0.00019195  14038.471    57.545162   0.390407   1.382732   -1052.182 0   0.191239   0.121111   0.071052   0.018591   0.010143   -17.4381   -18.7799   -19.4279   -19.7372   -19.9364     1.3418     1.9898     0.3093
127.586482  30.606606  18.8479  17.8331  17.4483  17.1924  17.0449    0.04670000   0.00008521  13985.558    25.545315   0.407192   1.442180   -1105.095 0   0.128497   0.027057   0.063845  -0.016392  -0.041952   -17.7933   -18.7067   -19.1283   -19.3039   -19.4259     0.9134     1.3349     0.1757
127.122318  30.834409  16.9359  15.0536  14.2326  13.8403  13.5626    0.05020000   0.00019355  15038.339    58.024830   0.407854   1.444524     -52.314 0   0.189409   0.147232   0.057512   0.031555   0.038343   -19.9499   -21.7900   -22.5213   -22.8877   -23.1722     1.8401     2.5714     0.3663
127.637048  30.480627  18.8677  17.1953  16.4848  16.1559  15.9306    0.05020000   0.00015301  15058.725    45.871244   0.412899   1.462395     -31.928 0   0.073641   0.046600   0.022088   0.012591   0.012733   -17.9024   -19.5477   -20.2337   -20.5531   -20.7785     1.6454     2.3313     0.3194
127.637970  30.374602  18.8310  17.2052  16.4253  16.0763  15.8154    0.04870000   0.00015934  14606.638    47.768930   0.413787   1.465538    -484.015 0   0.127236   0.093530   0.042349   0.022184   0.025365   -17.9052   -19.4973   -20.2260   -20.5548   -20.8189     1.5921     2.3208     0.3288
127.496072  30.727827  17.4769  15.8340  15.0527  14.6499  14.3396    0.04840000   0.00017813  14517.869    53.402031   0.415722   1.472391    -572.783 0   0.177821   0.133701   0.056293   0.028493   0.034591   -19.2917   -20.8905   -21.5944   -21.9694   -22.2858     1.5988     2.3027     0.3750
126.659389  30.430344  18.0243  17.0128  16.6234  16.3572  16.2099    0.05020000   0.00007959  15056.806    23.860482   0.433477   1.535276     -33.847 0   0.143696   0.032519   0.071743  -0.024793  -0.048091   -18.8158   -19.7161   -20.1448   -20.3144   -20.4384     0.9003     1.3289     0.1697
126.763743  30.155251  19.2358  17.6307  16.8884  16.5344  16.2726    0.04800000   0.00014455  14388.809    43.335000   0.438609   1.553451    -701.844 0   0.091713   0.066045   0.029697   0.017209   0.018522   -17.4333   -19.0127   -19.7187   -20.0602   -20.3233     1.5794     2.2854     0.3415
127.126849  30.867303  19.7867  18.1575  17.4076  17.0437  16.8033    0.05030000   0.00013713  15090.773    41.110540   0.440354   1.559631       0.120 0   0.179527   0.121740   0.061314   0.023774   0.027045   -17.0891   -18.6605   -19.3500   -19.6763   -19.9200     1.5714     2.2609     0.3264
127.338249  30.861887  19.2972  17.8474  17.2109  16.8392  16.6125    0.04800000   0.00015651  14393.276    46.920518   0.459704   1.628166    -697.377 0   0.195146   0.122364   0.076691   0.015095  -0.007310   -17.4753   -18.8523   -19.4432   -19.7533   -19.9576     1.3770     1.9678     0.3101
127.500372  30.060421  18.5096  16.7656  15.9855  15.6319  15.3540    0.04850000   0.00015893  14530.641    47.646015   0.469246   1.661963    -560.012 0   0.099834   0.078696   0.032974   0.020100   0.021941   -18.1902   -19.9131   -20.6474   -20.9882   -21.2679     1.7229     2.4572     0.3407
127.696333  30.334402  19.0322  17.6671  16.9887  16.6603  16.4076    0.04990000   0.00017933  14970.436    53.761781   0.470064   1.664860    -120.217 0   0.050590   0.027871   0.013111   0.007728   0.006692   -17.7017   -19.0441   -19.7078   -20.0308   -20.2824     1.3424     2.0060     0.3230
127.012809  29.962167  18.9612  18.0176  17.7329  17.5307  17.3759    0.04980000   0.00008976  14938.149    26.909371   0.483292   1.711710    -152.504 0   0.110302   0.013399   0.054785  -0.021562  -0.009801   -17.8236   -18.6702   -18.9963   -19.1222   -19.2887     0.8467     1.1728     0.1259
126.591136  30.349460  19.6029  18.0558  17.5284  17.2389  17.0109    0.05000000   0.00016622  14997.597    49.831502   0.498548   1.765743     -93.056 0   0.114736   0.046914   0.045691   0.011652  -0.037256   -17.1995   -18.6788   -19.2050   -19.4605   -19.6396     1.4793     2.0055     0.2555
126.725838  30.758813  17.6634  16.1440  15.4539  15.0787  14.8354    0.05580000   0.00015816  16723.383    47.415175   0.500944   1.774227    1632.730 0   0.198964   0.129759   0.073163   0.020243   0.014007   -19.4412   -20.8914   -21.5249   -21.8472   -22.0842     1.4502     2.0837     0.3223
127.101555  29.924536  19.3732  18.1190  17.6149  17.3130  17.0720    0.04990000   0.00008270  14956.136    24.792836   0.506163   1.792713    -134.517 0   0.155058   0.065046   0.068327  -0.000910  -0.071503   -17.4652   -18.6294   -19.1368   -19.3694   -19.5398     1.1642     1.6716     0.2327
127.117594  30.934945  19.1945  17.6192  16.9506  16.6437  16.4231    0.05120000   0.00014803  15336.783    44.378278   0.508395   1.800620     246.130 0   0.041262   0.022043   0.010022   0.006170   0.005064   -17.5648   -19.1209   -19.7775   -20.0805   -20.3000     1.5561     2.2127     0.3030
126.633375  30.181031  18.0262  16.4261  15.5444  15.1270  14.7935    0.05140000   0.00016079  15396.441    48.203629   0.518498   1.836400     305.788 0   0.408742   0.350735   0.147025   0.080897   0.048917   -19.1091   -20.6512   -21.3292   -21.6805   -21.9820     1.5421     2.2201     0.3513
126.710335  30.073562  18.9643  17.7314  17.1591  16.8695  16.6355    0.05040000   0.00011477  15123.270    34.407180   0.526658   1.865302      32.617 0   0.108324   0.047016   0.040406   0.012718  -0.022956   -17.8491   -19.0207   -19.5864   -19.8483   -20.0466     1.1716     1.7373     0.2619
127.664533  30.742567  20.0143  18.2592  17.3676  16.9348  16.6025    0.04860000   0.00016288  14583.464    48.830196   0.535390   1.896227    -507.189 0   0.426556   0.358828   0.145764   0.086330   0.056046   -17.0121   -18.6994   -19.3780   -19.7514   -20.0534     1.6874     2.3659     0.3734
127.772225  30.327124  17.8459  16.8691  16.4685  16.2179  16.0892    0.05020000   0.00007970  15059.564    23.893459   0.535674   1.897235     -31.088 0   0.121784   0.027298   0.058624  -0.010136  -0.045020   -18.9723   -19.8546   -20.2865   -20.4684   -20.5622     0.8823     1.3142     0.1818
126.606271  30.174868  18.6909  17.6861  17.3247  17.0841  16.9403    0.05200000   0.00007808  15596.733    23.407795   0.542013   1.919684     506.080 0   0.117669   0.020186   0.058178  -0.016719  -0.027755   -18.1743   -19.0816   -19.4810   -19.6467   -19.7795     0.9073     1.3067     0.1657
127.292557  30.965689  17.7778  15.9969  15.2063  14.8234  14.5291    0.05070000   0.00017526  15191.773    52.541626   0.549330   1.945600     101.120 0   0.133131   0.105592   0.043274   0.024887   0.028690   -19.0520   -20.8054   -21.5336   -21.8981   -22.1963     1.7534     2.4816     0.3645
127.088423  30.990948  17.8871  16.7727  16.3416  16.0138  15.8414    0.04850000   0.00008012  14525.634    24.019372   0.566522   2.006489    -565.019 0   0.173537   0.092733   0.091018  -0.041821  -0.092065   -18.8864   -19.9200   -20.3494   -20.5443   -20.6665     1.0336     1.4630     0.1950
127.067634  30.988733  18.4232  17.6937  17.6275  17.4480  17.4578    0.04870000   0.00009306  14600.073    27.898686   0.566618   2.006832    -490.580 0   0.001408   0.000120   0.000312  -0.000138  -0.000043   -18.1871   -18.9154   -18.9817   -19.1608   -19.1511     0.7282     0.7946     0.1791
127.507828  29.943891  18.3408  17.1888  16.7529  16.4788  16.3221    0.05450000   0.00008329  16350.501    24.969714   0.568534   2.013617    1259.848 1   0.137466   0.039397   0.065351  -0.009296  -0.063116   -18.6722   -19.7262   -20.1880   -20.3875   -20.4903     1.0539     1.5158     0.1995
127.284693  31.024538  17.4402  16.0924  15.4801  15.1198  14.8687    0.04640000   0.00019110  13898.139    57.290339   0.605831   2.145714   -1192.514 0   0.203769   0.137371   0.089442   0.008734  -0.042573   -19.2836   -20.5650   -21.1293   -21.4089   -21.6087     1.2814     1.8458     0.2796
127.797810  30.726254  19.0153  17.3056  16.4489  16.0407  15.7698    0.05040000   0.00015298  15100.336    45.862250   0.624040   2.210205       9.683 0   0.306177   0.237846   0.094721   0.054866   0.050951   -17.9960   -19.6373   -20.3509   -20.7192   -20.9862     1.6414     2.3549     0.3683
127.716326  30.849351  18.5816  17.2612  16.7735  16.5312  16.3750    0.04880000   0.00019359  14641.834    58.036822   0.637116   2.256517    -448.819 0   0.082113   0.025032   0.029527   0.007984  -0.038829   -18.1353   -19.3986   -19.8908   -20.1115   -20.2209     1.2633     1.7555     0.2208
126.564688  30.050066  17.8819  16.3625  15.6601  15.2740  15.0098    0.04870000   0.00014996  14586.762    44.956877   0.638898   2.262831    -503.891 0   0.211419   0.143503   0.077575   0.023077   0.017162   -18.9384   -20.3899   -21.0264   -21.3580   -21.6163     1.4515     2.0880     0.3316
126.428600  30.284719  18.5570  17.1074  16.4928  16.0662  15.8230    0.05150000   0.00019455  15428.639    58.324623   0.648499   2.296834     337.986 0   0.212025   0.144952   0.088218   0.015226  -0.018529   -18.3814   -19.7640   -20.3218   -20.6754   -20.8849     1.3825     1.9404     0.3536
127.307861  31.070067  18.0652  16.2610  15.4404  15.0464  14.7691    0.04650000   0.00017727  13932.345    53.144209   0.654252   2.317212   -1158.308 0   0.234037   0.176796   0.071129   0.037099   0.043028   -18.6984   -20.4453   -21.1603   -21.5202   -21.8035     1.7470     2.4619     0.3600
127.567080  29.871145  19.7615  18.4413  17.7157  17.2743  16.9243    0.05420000   0.00009845  16246.533    29.514567   0.657289   2.327966    1155.880 1   0.311971   0.276541   0.132971   0.050129   0.005103   -17.4098   -18.6946   -19.2766   -19.6352   -19.9402     1.2848     1.8668     0.3586
127.499041  31.035519  17.0686  15.2548  14.4222  14.0295  13.7552    0.04990000   0.00017914  14952.029    53.704821   0.673415   2.385083    -138.624 0   0.236156   0.178429   0.071776   0.037515   0.043282   -19.8509   -21.6070   -22.3329   -22.6914   -22.9714     1.7561     2.4820     0.3584
126.811637  29.824860  18.7967  17.0784  16.2835  15.8917  15.5900    0.04000000   0.00016088  12001.142    48.230611   0.674610   2.389314   -3089.511 1   0.178775   0.136237   0.055965   0.029202   0.035454   -17.5835   -19.2592   -19.9739   -20.3389   -20.6469     1.6758     2.3904     0.3650
126.432740  30.126359  18.1446  16.5536  15.9096  15.5886  15.3530    0.05040000   0.00014087  15102.315    42.231764   0.697499   2.470382      11.662 0   0.041219   0.021520   0.009918   0.006044   0.004600   -18.6017   -20.1730   -20.8054   -21.1225   -21.3567     1.5713     2.2037     0.3171
126.360582  30.245730  19.5877  18.2738  17.6411  17.2481  17.0921    0.05570000   0.00008645  16685.069    25.917058   0.714753   2.531492    1594.416 1   0.215617   0.154749   0.094911   0.014107  -0.034904   -17.5296   -18.7827   -19.3555   -19.6677   -19.7747     1.2530     1.8259     0.3122
127.950928  30.190772  17.6421  16.6126  16.2825  16.0686  15.9243    0.04930000   0.00007857  14777.280    23.554693   0.720362   2.551358    -313.373 0   0.119006   0.017302   0.060528  -0.022283  -0.018449   -19.1080   -20.0358   -20.4091   -20.5402   -20.6883     0.9278     1.3011     0.1311
127.939102  30.159339  18.9326  17.8362  17.4560  17.1651  17.1290    0.04950000   0.00008206  14854.027    24.600969   0.721842   2.556599    -236.626 0   0.170768   0.054708   0.084908  -0.060163  -0.059010   -17.9040   -18.8843   -19.2947   -19.4405   -19.4778     0.9803     1.3907     0.1458
126.298079  30.327266  17.4420  16.2169  15.6392  15.3289  15.0914    0.03970000   0.00008932  11915.401    26.777462   0.751795   2.662687   -3175.252 1   0.134539   0.062178   0.054754   0.012305  -0.029843   -18.8719   -20.0246   -20.5949   -20.8628   -21.0581     1.1527     1.7230     0.2679
128.083477  30.455398  18.1435  16.9759  16.3121  15.8882  15.6144    0.04980000   0.00100552  14921.810   301.447312   0.794945   2.815511    -168.843 0   0.260912   0.294447   0.144582   0.034974  -0.050303   -18.7919   -19.9930   -20.5069   -20.8212   -21.0097     1.2011     1.7151     0.3143
126.365231  29.960913  18.0934  17.4314  17.4049  17.1186  17.0791    0.05030000   0.00003643  15076.593    10.921439   0.830840   2.942644     -14.060 0   0.117804   0.015570   0.060270  -0.024137  -0.013565   -18.7207   -19.2804   -19.3516   -19.5535   -19.6036     0.5598     0.6310     0.2019
128.030841  30.793590  18.0185  16.1699  15.3106  14.9152  14.6092    0.04990000   0.00018029  14963.931    54.049582   0.833539   2.952203    -126.722 0   0.250035   0.192333   0.071574   0.042079   0.048163   -18.9149   -20.7058   -21.4443   -21.8102   -22.1223     1.7909     2.5294     0.3659
128.085082  30.165165  18.6618  17.4564  16.8854  16.5351  16.3097    0.04880000   0.00003715  14635.958    11.137290   0.838134   2.968479    -454.695 0   0.197660   0.156861   0.103290   0.000072  -0.089757   -18.1706   -19.3352   -19.8527   -20.0997   -20.2353     1.1646     1.6820     0.2471
127.513118  31.212425  19.0964  17.8271  17.1753  16.8147  16.5600    0.04630000   0.00008261  13865.491    24.765855   0.840792   2.977894   -1225.162 1   0.232526   0.199154   0.113362   0.020222  -0.052808   -17.6563   -18.8922   -19.4582   -19.7257   -19.9073     1.2359     1.8019     0.2675
126.897402  29.617043  18.1125  17.3056  17.0825  16.9269  16.7969    0.03870000   0.00007754  11613.180    23.245907   0.842463   2.983811   -3477.473 1   0.095226   0.011235   0.043160  -0.014967  -0.008587   -18.0849   -18.8079   -19.0629   -19.1604   -19.2967     0.7229     0.9779     0.0975
128.161396  30.362389  17.8967  16.4244  15.7077  15.3031  14.9771    0.04800000   0.00018826  14397.593    56.438928   0.864153   3.060633    -693.060 0   0.280143   0.226061   0.112894   0.042128   0.011691   -18.9608   -20.3790   -20.9826   -21.3164   -21.6120     1.4182     2.0218     0.3338
126.769885  31.229698  17.7315  16.2020  15.4465  15.0373  14.7072    0.04910000   0.00008319  14717.291    24.939735   0.870112   3.081738    -373.362 0   0.317042   0.263473   0.122816   0.054689   0.025763   -19.2291   -20.7050   -21.3199   -21.6609   -21.9621     1.4759     2.0908     0.3411
126.472520  29.788399  18.2267  17.0725  16.7218  16.4839  16.3702    0.05560000   0.00007035  16664.653    21.090399   0.873292   3.093001    1574.000 1   0.136997   0.024476   0.070876  -0.029003  -0.030768   -18.8040   -19.8457   -20.2428   -20.3808   -20.4928     1.0417     1.4388     0.1380
127.761572  31.141248  17.8885  17.1567  16.8162  16.5626  16.4860    0.04950000   0.00007834  14845.393    23.485741   0.880859   3.119802    -245.260 0   0.145269   0.022088   0.076971  -0.042853  -0.019405   -18.9226   -19.5312   -19.9266   -20.0603   -20.1604     0.6086     1.0040     0.1338
127.802259  31.128574  18.3803  16.5815  15.7346  15.3362  15.0441    0.05080000   0.00016030  15219.594    48.056731   0.891905   3.158922     128.941 0   0.253095   0.192911   0.075027   0.041792   0.046804   -18.5693   -20.3079   -21.0369   -21.4021   -21.6992     1.7386     2.4676     0.3652
126.124035  30.491849  18.8067  17.5992  17.1459  16.8647  16.6928    0.03980000   0.00018416  11932.040    55.209779   0.897363   3.178254   -3158.613 1   0.136906   0.042729   0.063845  -0.004974  -0.066359   -17.4993   -18.6126   -19.0870   -19.2994   -19.4099     1.1133     1.5877     0.2124
128.108866  30.049671  18.9894  17.8212  17.3611  17.0498  16.9043    0.05010000   0.00008625  15015.945    25.857100   0.899769   3.186776     -74.708 0   0.166715   0.065954   0.077041  -0.022013  -0.084550   -17.8649   -18.9323   -19.4035   -19.6158   -19.6987     1.0674     1.5386     0.2122
127.766777  31.191218  17.4748  16.0637  15.3782  14.9954  14.7492    0.04860000   0.00009754  14574.680    29.241756   0.924311   3.273699    -515.973 0   0.236927   0.177412   0.098843   0.025164  -0.008129   -19.3619   -20.7135   -21.3205   -21.6296   -21.8425     1.3516     1.9585     0.3091
127.827047  31.162698  17.6396  15.7598  14.8906  14.4856  14.2141    0.04950000   0.00017697  14844.703    53.054271   0.931947   3.300741    -245.950 0   0.276017   0.211445   0.080579   0.047487   0.050507   -19.3022   -21.1174   -21.8558   -22.2277   -22.5022     1.8152     2.5536     0.3719
128.164494  30.794085  19.5007  18.2641  17.8570  17.5842  17.4988    0.04950000   0.00009417  14851.838    28.231456   0.938662   3.324525    -238.815 0   0.146383   0.039765   0.070660  -0.018832  -0.061544   -17.3115   -18.4415   -18.8795   -19.0628   -19.1055     1.1300     1.5680     0.1833
126.068685  30.483056  19.2690  17.5815  16.6821  16.2543  15.9508    0.06370000   0.00017398  19085.088    52.157892   0.944421   3.344921    3994.435 1   0.435807   0.381045   0.157549   0.086681   0.052073   -18.3611   -19.9939   -20.6698   -21.0267   -21.2956     1.6327     2.3086     0.3569
126.239744  29.889150  17.4910  15.8466  15.1328  14.7586  14.5013    0.04900000   0.00014719  14685.124    44.126452   0.960671   3.402475    -405.529 0   0.155233   0.102653   0.053809   0.021692   0.023853   -19.3079   -20.8997   -21.5647   -21.9068   -22.1662     1.5918     2.2568     0.3421
128.290205  30.550906  17.8414  16.9195  16.3485  16.2502  16.1188    0.04600000   0.00007828  13780.020    23.467754   0.980461   3.472568   -1310.633 1   0.003379   0.000800   0.000715   0.000339  -0.001535   -18.6631   -19.5824   -20.1533   -20.2512   -20.3808     0.9193     1.4902     0.0979
127.797790  31.242277  19.3117  17.9145  17.3476  17.0448  16.8499    0.04830000   0.00008893  14474.969    26.660543   0.981579   3.476528    -615.684 0   0.113248   0.049546   0.043283   0.012740  -0.024864   -17.3925   -18.7260   -19.2866   -19.5589   -19.7162     1.3335     1.8941     0.2723
127.859270  31.237340  19.7152  18.1034  17.3905  17.0248  16.8055    0.04920000   0.00016466  14745.082    49.363826   1.008171   3.570711    -345.571 0   0.167031   0.106768   0.059185   0.020792   0.020695   -17.0830   -18.6346   -19.2999   -19.6272   -19.8464     1.5515     2.2169     0.3273
