212.755287  40.207746  18.9627  17.5601  16.9152  16.5157  16.2598    0.08080000   0.00017814  24212.288    53.405028   0.013984   0.077114    -126.962 0   0.221463   0.157936   0.092854   0.018255  -0.016099   -18.9927   -20.3318   -20.9116   -21.2365   -21.4580     1.3391     1.9189     0.3249
212.806151  40.210452  18.9942  17.0199  16.1206  15.6935  15.3775    0.08110000   0.00018547  24325.969    55.602507   0.025220   0.139071     -13.281 0   0.342925   0.263917   0.095341   0.064876   0.060734   -19.0695   -20.9648   -21.6956   -22.0922   -22.4040     1.8953     2.6260     0.3966
212.737593  40.222709  19.4058  18.2979  17.6795  17.3205  17.2055    0.08020000   0.00020316  24036.910    60.905836   0.031857   0.175665    -302.341 0   0.186860   0.247801   0.131660   0.000307  -0.094700   -18.4959   -19.6647   -20.1670   -20.3946   -20.4146     1.1688     1.6711     0.2276
212.764385  40.243388  19.0708  17.8612  17.3949  17.0731  16.9184    0.08180000   0.00009099  24529.678    27.278116   0.037509   0.206835     190.428 0   0.167250   0.070316   0.076462  -0.017119  -0.085663   -18.8572   -19.9699   -20.4423   -20.6705   -20.7567     1.1127     1.5851     0.2282
212.722717  40.211202  20.1319  18.3410  17.4535  17.0364  16.7368    0.08110000   0.00016464  24306.753    49.357830   0.039086   0.215529     -32.498 0   0.331223   0.256668   0.095939   0.062065   0.057584   -17.9201   -19.6365   -20.3632   -20.7465   -21.0416     1.7163     2.4431     0.3832
212.834405  40.228348  20.1767  18.2218  17.2591  16.6951  16.3717    0.08160000   0.00005365  24476.046    16.083865   0.051355   0.283185     136.795 0   0.604204   0.513356   0.190896   0.111297   0.081914   -18.1617   -20.0258   -20.6660   -21.1504   -21.4444     1.8641     2.5043     0.4844
212.820353  40.257322  19.1746  17.9271  17.3467  17.0109  16.8383    0.09280000   0.00009950  27809.918    29.829350   0.062114   0.342512    3470.667 1   0.182646   0.104568   0.080322   0.000627  -0.063722   -19.0412   -20.2106   -20.7668   -21.0229   -21.1311     1.1694     1.7256     0.2561
212.884093  40.194886  19.0839  17.7735  17.0970  16.7019  16.4715    0.08190000   0.00016797  24551.923    50.356139   0.085240   0.470032     212.673 0   0.259492   0.236205   0.124223   0.030958  -0.035958   -18.9390   -20.2261   -20.7906   -21.0925   -21.2559     1.2871     1.8516     0.3018
212.855996  40.264238  19.0015  17.5983  16.9550  16.6008  16.4428    0.08090000   0.00017248  24253.839    51.708203   0.085419   0.471020     -85.411 0   0.181499   0.106614   0.071142   0.013401  -0.011025   -18.9166   -20.2449   -20.8528   -21.1492   -21.2828     1.3283     1.9361     0.2965
212.799577  40.291892  19.2518  17.8974  17.2623  16.8916  16.6995    0.08110000   0.00017996  24307.113    53.950651   0.087644   0.483293     -32.138 0   0.209396   0.143634   0.090013   0.012267  -0.031216   -18.6784   -19.9670   -20.5485   -20.8415   -20.9901     1.2886     1.8701     0.2930
212.703698  40.087313  19.3707  18.1204  17.6410  17.2762  17.1045    0.08250000   0.00008315  24728.741    24.927743   0.130607   0.720196     389.490 1   0.178862   0.103274   0.088911  -0.022247  -0.097524   -18.5875   -19.7622   -20.2272   -20.4809   -20.5773     1.1747     1.6397     0.2536
212.980058  40.173980  19.2512  18.1918  17.6450  17.2869  17.0944    0.08140000   0.00009396  24393.603    28.168499   0.161055   0.888099      54.352 0   0.178440   0.194423   0.117154  -0.011915  -0.102228   -18.6773   -19.7527   -20.2222   -20.4512   -20.5534     1.0754     1.5449     0.2290
213.041014  40.299342  19.0549  17.8027  17.0702  16.6977  16.4761    0.09230000   0.00015353  27676.240    46.027136   0.224377   1.237270    3336.990 1   0.270835   0.313653   0.150522   0.041768  -0.044350   -19.2373   -20.5323   -21.1017   -21.3654   -21.5009     1.2950     1.8644     0.2637
212.560963  40.021202  18.7922  16.9786  16.1300  15.7129  15.4138    0.08220000   0.00014913  24651.334    44.708049   0.246380   1.358598     312.084 0   0.265681   0.203666   0.076592   0.045309   0.049805   -19.2209   -20.9724   -21.6940   -22.0798   -22.3834     1.7516     2.4731     0.3858
213.043496  40.356837  19.0190  17.2015  16.2173  15.7863  15.4596    0.09280000   0.00015625  27805.780    46.842572   0.255148   1.406950    3466.530 1   0.514814   0.434104   0.168212   0.101900   0.069128   -19.5289   -21.2657   -21.9840   -22.3487   -22.6427     1.7368     2.4551     0.3647
213.184785  40.165305  20.3830  18.4493  17.5392  17.1293  16.8615    0.08180000   0.00016799  24518.256    50.362135   0.316780   1.746799     179.006 0   0.324226   0.248862   0.089416   0.060072   0.058953   -17.7020   -19.5603   -20.3110   -20.6915   -20.9582     1.8583     2.6090     0.3806
212.361966  40.248374  21.6234  18.8788  17.7964  17.2168  16.7439    0.08130000   0.00016423  24369.260    49.234915   0.317092   1.748523      30.009 0   0.848574   0.673025   0.228630   0.136394   0.111307   -16.9725   -19.5416   -20.1796   -20.6670   -21.1148     2.5691     3.2071     0.4874
213.057354  40.471144  19.9018  18.5037  17.7500  17.3418  17.1070    0.08160000   0.00014912  24476.016    44.705051   0.342059   1.886197     136.765 0   0.305349   0.272173   0.132244   0.047795   0.000138   -18.1378   -19.5027   -20.1165   -20.4402   -20.6273     1.3649     1.9787     0.3238
212.320115  40.134737  19.3387  17.4953  16.5785  16.1518  15.8538    0.08060000   0.00015477  24169.478    46.398879   0.353647   1.950098    -169.772 0   0.385825   0.303202   0.113586   0.076909   0.062140   -18.7545   -20.5152   -21.2424   -21.6324   -21.9157     1.7608     2.4880     0.3900
213.105818  40.475327  19.2670  17.4054  16.5050  16.0942  15.7830    0.08180000   0.00014532  24515.558    43.565840   0.369664   2.038415     176.308 0   0.322331   0.247663   0.089543   0.059613   0.058439   -18.8161   -20.6030   -21.3453   -21.7262   -22.0362     1.7869     2.5292     0.3809
213.090416  40.520755  19.9924  18.5164  17.6090  17.1236  16.8180    0.08110000   0.00009641  24312.509    28.902991   0.396617   2.187042     -26.741 0   0.487029   0.498140   0.199255   0.098759   0.055684   -18.2154   -19.7026   -20.3111   -20.6960   -20.9585     1.4871     2.0956     0.3849
213.130515  40.503433  18.2666  16.5462  15.6443  15.2230  14.9237    0.08180000   0.00015910  24512.261    47.696980   0.403088   2.222726     173.010 0   0.418480   0.351449   0.143425   0.084595   0.054862   -19.9126   -21.5660   -22.2599   -22.6223   -22.8919     1.6534     2.3472     0.3625
213.391922  40.152472  19.0486  17.4512  16.6431  16.1986  15.9639    0.08170000   0.00011997  24485.879    35.966101   0.475365   2.621279     146.628 0   0.362486   0.313942   0.139471   0.067403   0.033617   -19.0480   -20.5968   -21.2304   -21.6029   -21.8038     1.5489     2.1825     0.3724
212.773099  40.688936  19.8002  18.3892  17.6375  17.2164  16.8912    0.09290000   0.00016642  27855.576    49.891461   0.482401   2.660074    3516.326 1   0.326989   0.287878   0.135202   0.055303   0.014570   -18.5436   -19.9155   -20.5145   -20.8557   -21.1402     1.3719     1.9709     0.3412
212.231017  39.934083  18.9091  17.7928  17.2262  16.8436  16.6547    0.07980000   0.00007561  23928.415    22.667308   0.495881   2.734408    -410.836 1   0.191284   0.206036   0.119885  -0.001810  -0.098224   -18.9678   -20.0988   -20.5793   -20.8402   -20.9327     1.1311     1.6115     0.2609
213.253319  40.557951  19.6510  18.2897  17.5067  17.0611  16.7960    0.08190000   0.00016089  24542.240    48.233609   0.507702   2.799593     202.989 0   0.367022   0.374168   0.165513   0.070430   0.013724   -18.4794   -19.8479   -20.4222   -20.7727   -20.9811     1.3684     1.9428     0.3505
212.082175  40.132583  19.6911  17.6814  16.8236  16.3997  16.1231    0.07960000   0.00015641  23873.253    46.890538   0.533156   2.939952    -465.997 1   0.229917   0.179454   0.065229   0.038843   0.046160   -18.2401   -20.1994   -20.9429   -21.3405   -21.6244     1.9592     2.7028     0.3975
212.064811  40.217305  18.1913  16.5137  15.8039  15.4841  15.2492    0.07980000   0.00014137  23936.809    42.381660   0.541371   2.985250    -402.441 1   0.046801   0.028942   0.012529   0.008068   0.008048   -19.5411   -21.2008   -21.8942   -22.2096   -22.4444     1.6597     2.3531     0.3153
213.374150  40.501280  19.1842  17.7883  16.9970  16.5978  16.3170    0.09160000   0.00013300  27455.473    39.872397   0.545241   3.006590    3116.223 1   0.338661   0.318958   0.147278   0.060473   0.008509   -19.1406   -20.5168   -21.1364   -21.4488   -21.6776     1.3762     1.9958     0.3124
212.072023  40.061803  18.1814  16.8002  16.1533  15.7885  15.5558    0.07940000   0.00017971  23808.348    53.875703   0.554961   3.060189    -530.902 1   0.213284   0.147748   0.090266   0.014586  -0.023519   -19.7065   -21.0222   -21.6116   -21.9007   -22.0953     1.3157     1.9051     0.2891
212.641752  40.754989  20.1091  18.2660  17.3778  16.9567  16.6356    0.08140000   0.00016333  24390.215    48.965102   0.557612   3.074806      50.965 0   0.318160   0.244346   0.088307   0.058541   0.057985   -17.9591   -19.7284   -20.4606   -20.8519   -21.1724     1.7693     2.5014     0.3913
213.213196  40.654637  19.2814  17.5685  16.7216  16.3440  16.0258    0.08040000   0.00015563  24089.733    46.656700   0.559952   3.087709    -249.517 0   0.288879   0.222704   0.090569   0.049743   0.047915   -18.7306   -20.3773   -21.0921   -21.4289   -21.7452     1.6467     2.3615     0.3368
212.221865  39.829701  20.1662  18.5404  17.7062  17.2077  16.9163    0.08090000   0.00011341  24265.411    33.999463   0.565255   3.116952     -73.839 0   0.451320   0.417874   0.172346   0.087691   0.049881   -18.0217   -19.6141   -20.2028   -20.6166   -20.8702     1.5924     2.1810     0.4138
213.100880  40.731415  18.9216  17.1956  16.3108  15.9185  15.5724    0.08170000   0.00016931  24490.975    50.757861   0.581379   3.205867     151.725 0   0.355583   0.286880   0.117304   0.069430   0.051442   -19.1681   -20.8254   -21.5406   -21.8850   -22.2131     1.6573     2.3725     0.3444
213.165207  40.713703  18.9155  17.6352  16.9618  16.6178  16.3739    0.08250000   0.00016466  24720.227    49.363826   0.588812   3.246852     380.976 1   0.238488   0.214648   0.118623   0.022457  -0.053370   -19.1023   -20.3587   -20.9361   -21.1840   -21.3520     1.2565     1.8338     0.2478
211.961537  40.056230  19.2774  17.8613  17.1227  16.5414  16.4445    0.08320000   0.00014371  24957.542    43.083174   0.638091   3.518589     618.292 1   0.298138   0.260582   0.128205   0.045671  -0.000141   -18.7973   -20.1758   -20.7820   -21.2808   -21.3319     1.3785     1.9848     0.4988
