258.885286  57.421953  18.9808  17.2845  16.5042  16.1102  15.8300    0.03080000   0.00015704   9237.535    47.079408   0.027760   0.058723     543.853 0   0.206498   0.151671   0.065647   0.030575   0.036764   -16.8505   -18.4920   -19.1862   -19.5452   -19.8316     1.6415     2.3357     0.3589
258.811894  57.382201  19.6278  17.9570  17.2171  16.8266  16.5416    0.02580000   0.00014238   7732.397    42.684450   0.029793   0.063021    -961.285 0   0.179047   0.125073   0.059787   0.025216   0.029849   -15.7675   -17.3843   -18.0589   -18.4148   -18.7045     1.6168     2.2914     0.3559
258.891683  57.450284  19.8818  18.1670  17.4042  17.0249  16.7180    0.03020000   0.00014451   9047.257    43.323008   0.050722   0.107294     353.575 0   0.089246   0.073644   0.029582   0.019278   0.020485   -15.7752   -17.4744   -18.1931   -18.5621   -18.8702     1.6992     2.4179     0.3690
258.812081  57.457403  19.1943  17.9596  17.3843  17.0932  16.8631    0.02830000   0.00009598   8481.039    28.774080   0.052438   0.110924    -212.643 0   0.097641   0.041420   0.034541   0.012193  -0.020358   -16.3432   -17.5217   -18.0901   -18.3588   -18.5564     1.1785     1.7469     0.2688
258.763564  57.445919  19.5533  18.0627  17.3669  17.0003  16.7616    0.02690000   0.00016776   8066.246    50.293183   0.056935   0.120437    -627.436 0   0.205722   0.137216   0.075657   0.021710   0.015512   -15.9814   -17.4035   -18.0377   -18.3504   -18.5829     1.4221     2.0563     0.3127
258.851172  57.350301  16.5018  14.6457  13.8271  13.4156  13.0915    0.03440000   0.00019064  10323.113    57.152434   0.057341   0.121296    1629.432 0   0.164216   0.134597   0.050019   0.030194   0.035903   -19.5138   -21.3403   -22.0743   -22.4660   -22.7958     1.8265     2.5605     0.3917
258.920975  57.461835  19.4612  17.7525  17.0039  16.6315  16.4352    0.02800000   0.00015398   8392.120    46.162043   0.069286   0.146563    -301.561 0   0.199761   0.137341   0.068504   0.025192   0.027764   -16.1336   -17.7799   -18.4597   -18.7888   -18.9876     1.6463     2.3260     0.3291
258.820327  57.329454  18.8152  17.1395  16.3975  16.0182  15.7526    0.02630000   0.00014772   7871.351    44.285342   0.078768   0.166622    -822.331 0   0.154281   0.107128   0.052155   0.023235   0.026942   -16.5973   -18.2258   -18.9128   -19.2632   -19.5325     1.6285     2.3156     0.3504
258.724741  57.462446  17.7085  16.7330  16.3108  16.0731  15.8918    0.02970000   0.00007157   8915.138    21.456146   0.083540   0.176715     221.457 0   0.097567   0.021719   0.041471  -0.001247  -0.038271   -17.9129   -18.8126   -19.2546   -19.4495   -19.5938     0.8997     1.3416     0.1950
258.988173  57.376643  19.5488  17.9283  17.2544  16.9629  16.7529    0.02720000   0.00017915   8166.017    53.707819   0.084833   0.179450    -527.665 0   0.035943   0.018361   0.008282   0.005197   0.003707   -15.8189   -17.4218   -18.0856   -18.3740   -18.5825     1.6029     2.2667     0.2884
258.852034  57.322523  16.4252  14.4828  13.5752  13.1306  12.8123    0.02960000   0.00020011   8858.987    59.991469   0.085070   0.179953     165.306 0   0.396460   0.308845   0.113250   0.079039   0.064617   -19.4953   -21.3501   -22.0621   -22.4725   -22.7763     1.8548     2.5668     0.4104
258.697776  57.447759  19.4093  17.5770  16.8773  16.5008  16.2306    0.02710000   0.00016577   8136.157    49.696596   0.087259   0.184583    -557.524 0   0.007622   0.006767   0.002393   0.002028   0.001782   -15.9220   -17.7534   -18.4488   -18.8249   -19.0949     1.8314     2.5268     0.3761
258.882144  57.502482  17.6370  15.8330  15.0371  14.6287  14.3350    0.02950000   0.00016114   8840.730    48.308557   0.097583   0.206420     147.048 0   0.173473   0.133179   0.054381   0.028884   0.034905   -18.0456   -19.8093   -20.5264   -20.9093   -21.2090     1.7637     2.4808     0.3829
258.785759  57.310478  17.2895  15.5501  14.7794  14.3894  14.1022    0.03090000   0.00016232   9268.114    48.662312   0.101451   0.214603     574.432 0   0.133531   0.101542   0.043940   0.023799   0.027523   -18.4545   -20.1619   -20.8750   -21.2448   -21.5358     1.7074     2.4205     0.3699
258.869118  57.522768  18.0187  16.2361  15.4400  15.0366  14.7382    0.03360000   0.00016847  10063.763    50.506035   0.116330   0.246077    1370.082 0   0.164424   0.129854   0.051262   0.028850   0.034501   -17.9392   -19.6872   -20.4047   -20.7857   -21.0898     1.7480     2.4655     0.3810
258.628720  57.430501  18.9833  18.3237  18.2113  18.1180  18.1091    0.03060000   0.00008523   9182.913    25.551311   0.116869   0.247217     489.231 0   0.009436   0.000836   0.002085  -0.000868  -0.000407   -16.6367   -17.2877   -17.4014   -17.4917   -17.5011     0.6510     0.7646     0.0903
258.947549  57.301886  17.2137  15.4361  14.6527  14.2578  13.9393    0.02660000   0.00016856   7987.460    50.533017   0.120010   0.253863    -706.221 0   0.108811   0.094331   0.035892   0.023493   0.025775   -18.1781   -19.9412   -20.6662   -21.0487   -21.3694     1.7631     2.4881     0.3825
258.621154  57.357123  19.8026  18.2126  17.4837  17.1236  16.8665    0.02880000   0.00014666   8645.655    43.967562   0.128852   0.272565     -48.027 0   0.127166   0.086984   0.043067   0.020449   0.022789   -15.7812   -17.3310   -18.0160   -18.3535   -18.6129     1.5498     2.2348     0.3375
259.075327  57.374915  19.0375  17.3885  16.6558  16.3078  16.0681    0.03260000   0.00014630   9784.476    43.859637   0.130128   0.275264    1090.795 0   0.113101   0.075921   0.037801   0.018609   0.020141   -16.8031   -18.4149   -19.1095   -19.4383   -19.6795     1.6118     2.3064     0.3288
258.650176  57.493095  17.8137  16.1574  15.4382  15.0708  14.7912    0.02940000   0.00015171   8811.110    45.481514   0.133991   0.283437     117.429 0   0.050793   0.037721   0.015129   0.010670   0.010689   -17.7388   -19.3820   -20.0786   -20.4416   -20.7212     1.6432     2.3398     0.3629
258.920229  57.535282  17.8448  15.9935  15.1924  14.7884  14.4740    0.02940000   0.00017805   8810.271    53.378047   0.134748   0.285037     116.589 0   0.125672   0.108687   0.040376   0.026110   0.029456   -17.7826   -19.6169   -20.3497   -20.7394   -21.0571     1.8343     2.5671     0.3897
259.099955  57.422709  17.2686  15.6331  14.8390  14.3981  14.2395    0.02920000   0.00010732   8768.420    32.173727   0.140113   0.296385      74.738 0   0.269726   0.205754   0.092679   0.041968   0.037095   -18.5094   -20.0809   -20.7619   -21.1521   -21.3058     1.5715     2.2526     0.3902
258.656883  57.305450  17.0345  15.1608  14.3249  13.8936  13.5608    0.02810000   0.00018520   8434.451    55.521563   0.142382   0.301186    -259.231 0   0.237861   0.184997   0.067012   0.040203   0.047391   -18.6062   -20.4271   -21.1450   -21.5495   -21.8895     1.8208     2.5388     0.4045
258.980308  57.271657  17.5754  16.4115  16.0003  15.7602  15.6247    0.03040000   0.00010482   9110.393    31.424245   0.154999   0.327876     416.712 0   0.115272   0.027314   0.053510  -0.005118  -0.046737   -18.1147   -19.1906   -19.6280   -19.8095   -19.9034     1.0759     1.5133     0.1815
259.146251  57.418465  18.6505  16.9410  16.1636  15.7834  15.4883    0.03030000   0.00016045   9085.121    48.101700   0.164584   0.348151     391.439 0   0.146533   0.111118   0.047765   0.025269   0.029737   -17.0636   -18.7377   -19.4517   -19.8094   -20.1090     1.6741     2.3881     0.3577
259.148374  57.452564  17.8393  16.8174  16.4854  16.2468  16.0961    0.03230000   0.00008550   9672.774    25.632255   0.171412   0.362595     979.092 0   0.136417   0.021177   0.072037  -0.033492  -0.021704   -18.0327   -18.9394   -19.3222   -19.4553   -19.6178     0.9067     1.2895     0.1331
258.711334  57.570314  16.7868  15.6094  15.0834  14.7839  14.5545    0.02690000   0.00009887   8058.961    29.640480   0.177340   0.375134    -634.721 0   0.149479   0.063043   0.065244   0.003248  -0.064507   -18.6916   -19.7826   -20.3108   -20.5483   -20.7100     1.0910     1.6192     0.2375
258.530167  57.477410  18.3969  16.8173  16.1735  15.8508  15.5655    0.02690000   0.00014059   8058.841    42.147822   0.181680   0.384315    -634.841 0   0.009270   0.005234   0.002075   0.001482   0.001407   -16.9413   -18.5169   -19.1575   -19.4796   -19.7649     1.5756     2.2162     0.3221
258.503316  57.374088  17.5952  15.9170  15.1072  14.6934  14.3804    0.03110000   0.00016125   9330.051    48.341534   0.185135   0.391622     636.369 0   0.270258   0.205915   0.085906   0.044241   0.044517   -18.2996   -19.9134   -20.6032   -20.9754   -21.2886     1.6139     2.3036     0.3721
258.619957  57.249871  18.3898  17.3212  16.7885  16.5261  16.3617    0.02840000   0.00008208   8514.735    24.606965   0.197595   0.417981    -178.946 0   0.000475   0.000159   0.000097   0.000069  -0.000164   -17.0660   -18.1343   -18.6670   -18.9293   -19.0935     1.0683     1.6009     0.2624
259.031326  57.238295  17.6661  15.9255  15.1639  14.7792  14.4979    0.02720000   0.00015567   8165.867    46.668692   0.197643   0.418083    -527.815 0   0.135549   0.100414   0.044929   0.023334   0.027031   -17.8012   -19.5066   -20.2127   -20.5759   -20.8609     1.7055     2.4116     0.3631
258.492825  57.486880  18.5572  17.5915  17.2613  17.0576  16.9205    0.03040000   0.00007430   9112.971    22.274580   0.203893   0.431303     419.290 0   0.102844   0.012139   0.049059  -0.018308  -0.008657   -17.1204   -17.9954   -18.3625   -18.4989   -18.6456     0.8750     1.2421     0.1363
259.182275  57.515595  19.6780  17.9921  17.3043  16.9709  16.7350    0.03150000   0.00014000   9456.294    41.970944   0.213122   0.450826     762.612 0   0.027450   0.016752   0.006753   0.004736   0.004710   -16.0304   -17.7056   -18.3834   -18.7148   -18.9507     1.6752     2.3530     0.3314
259.236372  57.425210  18.4835  17.5728  17.2093  16.9939  16.8962    0.02800000   0.00007386   8397.367    22.142671   0.213501   0.451626    -296.315 0   0.109280   0.016595   0.052583  -0.015673  -0.020317   -17.0209   -17.8389   -18.2384   -18.3855   -18.4786     0.8180     1.2175     0.1471
258.931764  57.622401  17.3051  15.6312  14.9275  14.5896  14.3374    0.03310000   0.00014874   9909.730    44.591130   0.220442   0.466310    1216.048 0   0.042557   0.028489   0.011683   0.008038   0.008129   -18.5196   -20.1794   -20.8663   -21.2006   -21.4529     1.6598     2.3467     0.3343
259.240471  57.480002  17.0554  15.6680  14.9731  14.5782  14.2990    0.02840000   0.00010429   8499.536    31.265355   0.226893   0.479956    -194.146 0   0.271266   0.227558   0.117959   0.036894  -0.009487   -18.6712   -20.0149   -20.6002   -20.9141   -21.1469     1.3437     1.9290     0.3138
258.486862  57.277127  19.0572  17.5670  16.8885  16.5591  16.3372    0.02710000   0.00013202   8113.793    39.578600   0.231177   0.489018    -579.889 0   0.066763   0.037227   0.018888   0.010165   0.008660   -16.3332   -17.7939   -18.4541   -18.7747   -18.9951     1.4607     2.1208     0.3207
258.827414  57.658789  17.5378  15.6970  14.8671  14.4447  14.1338    0.02810000   0.00010857   8434.241    32.548467   0.251502   0.532012    -259.440 0   0.207664   0.162678   0.060787   0.034800   0.042175   -18.0727   -19.8685   -20.5965   -20.9930   -21.3112     1.7958     2.5238     0.3964
258.373653  57.342108  17.7337  16.0540  15.3023  14.9237  14.6519    0.02790000   0.00015811   8354.137    47.400186   0.260280   0.550580    -339.545 0   0.157992   0.111694   0.052846   0.024159   0.028421   -17.8195   -19.4529   -20.1458   -20.4957   -20.7717     1.6334     2.3263     0.3499
258.723526  57.673352  16.9496  15.1984  14.4630  14.0834  13.7972    0.02750000   0.00016707   8235.119    50.086326   0.273426   0.578388    -458.563 0   0.025334   0.021702   0.007865   0.006406   0.005837   -18.4529   -20.2005   -20.9220   -21.3002   -21.5858     1.7476     2.4691     0.3781
258.607591  57.154795  18.9747  17.6237  16.9646  16.6470  16.3951    0.02960000   0.00016009   8874.187    47.993775   0.282261   0.597078     180.505 0   0.044991   0.023040   0.011050   0.006483   0.004433   -16.5943   -17.9234   -18.5705   -18.8835   -19.1334     1.3290     1.9762     0.3130
258.555712  57.148896  18.2126  16.6547  15.9695  15.6492  15.4291    0.02940000   0.00014548   8813.748    43.613807   0.300843   0.636384     120.067 0   0.046997   0.026561   0.012094   0.007376   0.006747   -17.3361   -18.8736   -19.5443   -19.8599   -20.0793     1.5375     2.2082     0.3156
258.430155  57.188415  18.3099  17.1627  16.5479  16.2228  15.9860    0.02900000   0.00009359   8681.420    28.057576   0.311491   0.658908     -12.262 0   0.200930   0.198195   0.116915   0.001931  -0.093225   -17.3919   -18.5364   -19.0699   -19.2800   -19.4217     1.1445     1.6780     0.2101
258.423544  57.148860  19.0671  17.4625  16.8002  16.4715  16.2706    0.02840000   0.00014719   8503.703    44.126452   0.342790   0.725118    -189.978 0   0.054484   0.029840   0.014318   0.008258   0.007003   -16.4427   -18.0227   -18.6695   -18.9921   -19.1918     1.5800     2.2267     0.3226
258.803352  57.760588  16.6013  15.2543  14.8549  14.6452  14.4848    0.02930000   0.00010034   8795.131    30.081175   0.353782   0.748369     101.450 0   0.107032   0.023483   0.048214  -0.004365  -0.040301   -19.0214   -20.2849   -20.7090   -20.8661   -20.9906     1.2635     1.6876     0.1571
258.295493  57.209688  17.2370  16.3363  15.8965  15.6598  15.4959    0.02810000   0.00007312   8421.020    21.920825   0.354346   0.749561    -272.661 0   0.007573   0.001521   0.001617   0.000495  -0.003019   -18.1734   -19.0681   -19.5080   -19.7436   -19.9039     0.8946     1.3345     0.2356
258.995235  57.752710  17.6765  16.6207  16.2937  16.1654  15.8724    0.03320000   0.00007584   9948.733    22.736260   0.355114   0.751186    1255.051 0   0.072106   0.007539   0.027545  -0.009550  -0.004440   -18.1911   -19.1823   -19.5293   -19.6205   -19.9186     0.9912     1.3382     0.0912
258.220836  57.281660  18.7544  17.3323  16.6928  16.3287  16.0185    0.02760000   0.00012467   8277.030    37.375126   0.357141   0.755474    -416.652 0   0.224427   0.169062   0.100221   0.018831  -0.034066   -16.8551   -18.2219   -18.7925   -19.0752   -19.3325     1.3667     1.9374     0.2827
258.158747  57.322403  17.4973  15.8146  15.0029  14.5685  14.2157    0.02660000   0.00009386   7969.113    28.138520   0.377415   0.798360    -724.568 0   0.184900   0.148686   0.054849   0.032459   0.039226   -17.9706   -19.6171   -20.3349   -20.7469   -21.1065     1.6465     2.3643     0.4120
258.354577  57.132959  18.8985  17.6670  17.1441  16.8758  16.6516    0.02890000   0.00022279   8673.236    66.790762   0.379584   0.802948     -20.446 0   0.099298   0.036060   0.037993   0.010577  -0.040788   -16.6650   -17.8333   -18.3581   -18.5990   -18.7718     1.1683     1.6931     0.2409
259.208748  57.082111  18.9467  17.6529  17.0188  16.6885  16.4729    0.03160000   0.00009007   9477.369    27.002307   0.380747   0.805408     783.687 0   0.104107   0.052296   0.035558   0.013636   0.000899   -16.8453   -18.0873   -18.7046   -19.0130   -19.2159     1.2420     1.8594     0.3084
259.558529  57.506974  18.0408  16.7808  16.2072  15.8995  15.7027    0.02850000   0.00009368   8554.578    28.084557   0.398917   0.843845    -139.104 0   0.117960   0.051770   0.046121   0.012694  -0.027359   -17.5324   -18.7262   -19.2941   -19.5684   -19.7252     1.1938     1.7618     0.2743
259.120294  57.781633  18.6711  16.9927  16.2589  15.8992  15.6476    0.03070000   0.00015568   9191.337    46.671690   0.403261   0.853033     497.655 0   0.108393   0.075345   0.035898   0.018776   0.020563   -17.0622   -18.7076   -19.4019   -19.7445   -19.9979     1.6454     2.3397     0.3426
258.437063  57.768457  18.8795  17.7643  17.3719  17.1737  17.0720    0.02870000   0.00010882   8595.440    32.623415   0.421663   0.891959     -98.242 0   0.093990   0.016347   0.040413  -0.006425  -0.025332   -16.6635   -17.7011   -18.1176   -18.2689   -18.3517     1.0376     1.4540     0.1514
259.581195  57.548348  18.2706  17.1448  16.7559  16.5250  16.4276    0.03220000   0.00007701   9641.865    23.087017   0.422692   0.894136     948.184 0   0.109491   0.021754   0.050811  -0.008358  -0.035284   -17.5677   -18.6058   -19.0238   -19.1955   -19.2660     1.0381     1.4560     0.1717
259.473842  57.126799  18.8375  17.5959  17.1226  16.8328  16.6929    0.02850000   0.00008429   8546.333    25.269506   0.441355   0.933616    -147.348 0   0.134170   0.047617   0.060353   0.002315  -0.065166   -16.7519   -17.9069   -18.3930   -18.6247   -18.6972     1.1550     1.6411     0.2318
259.376292  57.068120  18.5220  16.8891  16.1195  15.7130  15.4326    0.02800000   0.00009306   8399.795    27.898686   0.445115   0.941570    -293.887 0   0.249749   0.185810   0.084741   0.036550   0.035672   -17.1228   -18.6918   -19.3603   -19.7186   -19.9981     1.5690     2.2375     0.3583
258.027636  57.503996  17.3723  15.6020  14.8570  14.4846  14.1955    0.02820000   0.00016251   8451.089    48.719272   0.448861   0.949492    -242.592 0   0.026645   0.023062   0.008351   0.006807   0.006182   -18.0650   -19.8317   -20.5620   -20.9328   -21.2213     1.7667     2.4970     0.3709
259.677288  57.397370  19.2522  18.1437  17.7304  17.5290  17.4197    0.03190000   0.00007981   9563.529    23.926436   0.450373   0.952691     869.848 0   0.074461   0.014486   0.027193  -0.000133  -0.025706   -16.5023   -17.5508   -17.9768   -18.1509   -18.2346     1.0485     1.4745     0.1741
259.366488  57.048608  18.4921  17.1825  16.7073  16.4563  16.3827    0.02820000   0.00014536   8439.517    43.577832   0.456873   0.966442    -254.164 0   0.081543   0.023345   0.029638   0.006837  -0.038862   -17.0001   -18.2515   -18.7330   -18.9612   -18.9891     1.2514     1.7329     0.2282
258.062843  57.208147  19.3469  17.9940  17.4889  17.2148  16.9525    0.02920000   0.00008952   8765.991    26.837421   0.464307   0.982166      72.310 0   0.128260   0.047964   0.056017   0.006720  -0.058267   -16.2896   -17.5622   -18.0754   -18.3002   -18.4975     1.2726     1.7858     0.2248
258.469003  57.830059  18.0290  16.9087  16.4243  16.1474  15.9557    0.03030000   0.00007684   9075.797    23.036052   0.467845   0.989651     382.115 0   0.127094   0.042970   0.056986   0.003235  -0.062041   -17.6657   -18.7019   -19.2003   -19.4234   -19.5498     1.0362     1.5346     0.2231
259.733228  57.371893  16.6021  15.2713  14.6096  14.2602  14.0003    0.03160000   0.00007921   9472.422    23.746561   0.481704   1.018968     778.741 0   0.227415   0.175478   0.102986   0.020279  -0.036574   -19.3132   -20.5921   -21.1813   -21.4480   -21.6510     1.2789     1.8681     0.2667
259.139987  57.869054  16.8576  15.7068  15.1916  14.9078  14.6814    0.02740000   0.00007298   8207.838    21.878854   0.488869   1.034123    -485.844 0   0.134656   0.051966   0.059121   0.005726  -0.060630   -18.6248   -19.6929   -20.2153   -20.4457   -20.6057     1.0681     1.5905     0.2304
257.907289  57.440173  18.1348  16.4743  15.6850  15.2432  14.8807    0.03040000   0.00015722   9121.245    47.133370   0.504236   1.066630     427.564 0   0.168743   0.138372   0.050908   0.030882   0.036836   -17.6087   -19.2389   -19.9407   -20.3625   -20.7309     1.6301     2.3320     0.4218
257.916904  57.511098  18.4422  17.3507  16.9073  16.6499  16.4572    0.03020000   0.00008349   9041.231    25.029672   0.508673   1.076015     347.549 0   0.115236   0.031810   0.051903   0.000138  -0.053766   -17.2408   -18.2488   -18.7123   -18.9180   -19.0568     1.0081     1.4716     0.2056
257.957506  57.589514  16.3791  14.4441  13.6066  13.1606  12.8615    0.03000000   0.00019718   8997.881    59.113077   0.509760   1.078316     304.199 0   0.245966   0.190781   0.068903   0.041860   0.048625   -19.4342   -21.3140   -22.0296   -22.4486   -22.7544     1.8798     2.5954     0.4190
259.174687  56.927745  17.6210  16.1900  15.5397  15.1961  14.9532    0.02830000   0.00016994   8489.073    50.946730   0.512152   1.083375    -204.608 0   0.145137   0.081373   0.054362   0.016518   0.005599   -17.9640   -19.3312   -19.9545   -20.2602   -20.4922     1.3672     1.9905     0.3058
259.784577  57.324987  17.6944  16.5971  16.0827  15.8187  15.6176    0.03060000   0.00008191   9164.026    24.556000   0.514694   1.088753     470.344 0   0.088098   0.029690   0.032019   0.009729  -0.038945   -18.0043   -19.0432   -19.5599   -19.8016   -19.9540     1.0389     1.5556     0.2417
257.989506  57.141665  18.6584  17.4706  16.9211  16.6009  16.3930    0.03100000   0.00007433   9297.164    22.283573   0.530272   1.121705     603.482 0   0.188381   0.141021   0.099832  -0.008288  -0.098185   -17.1475   -18.2879   -18.7962   -19.0083   -19.1263     1.1404     1.6488     0.2121
259.755536  57.173511  17.7172  16.2960  15.5926  15.2106  14.9095    0.02800000   0.00009472   8387.324    28.396342   0.545134   1.153144    -306.358 0   0.257414   0.203479   0.107787   0.033774  -0.002862   -17.9353   -19.3025   -19.9103   -20.2182   -20.4827     1.3673     1.9750     0.3080
258.002281  57.716852  20.4775  19.8440  19.3895  19.3137  18.8416    0.03310000   0.00001147   9933.383     3.438619   0.547783   1.158745    1239.702 0   0.001570   0.000160   0.000346  -0.000112  -0.000143   -15.3062   -15.9383   -16.3930   -16.4683   -16.9404     0.6321     1.0868     0.0753
259.405909  56.936907  17.0340  15.8491  15.4487  15.2140  15.2276    0.02720000   0.00011152   8150.218    33.432855   0.560203   1.185020    -543.464 0   0.099661   0.019876   0.043665  -0.004732  -0.033384   -18.3974   -19.5025   -19.9267   -20.1130   -20.0707     1.1051     1.5293     0.1863
257.957554  57.110927  16.9279  15.1550  14.3665  13.9224  13.5694    0.03030000   0.00016318   9090.037    48.920133   0.560858   1.186404     396.356 0   0.159208   0.131409   0.048766   0.029717   0.035139   -18.7989   -20.5440   -21.2498   -21.6749   -22.0333     1.7451     2.4510     0.4251
257.765435  57.375463  18.8909  17.6002  17.2089  16.9885  16.9167    0.02990000   0.00018013   8958.728    54.001615   0.580461   1.227871     265.047 0   0.111208   0.023090   0.051731  -0.007781  -0.038168   -16.7803   -17.9829   -18.4028   -18.5637   -18.6051     1.2026     1.6225     0.1609
259.863086  57.219319  19.0821  17.4292  16.6171  16.2024  15.8544    0.02710000   0.00019339   8127.793    57.976863   0.581595   1.230270    -565.888 0   0.327215   0.264451   0.114844   0.060505   0.042007   -16.5688   -18.1589   -18.8214   -19.1818   -19.5113     1.5901     2.2526     0.3604
258.940158  57.993988  18.6519  17.5461  17.1435  16.9042  16.7308    0.02720000   0.00008312   8162.389    24.918749   0.588995   1.245924    -531.292 0   0.113114   0.025003   0.052593  -0.006593  -0.042231   -16.7929   -17.8106   -18.2408   -18.4209   -18.5587     1.0177     1.4479     0.1801
258.527826  57.993594  17.1674  15.3025  14.5061  14.1057  13.7769    0.03170000   0.00017789   9514.573    53.330080   0.610044   1.290450     820.892 0   0.109407   0.097963   0.036022   0.024323   0.026619   -18.6297   -20.4832   -21.2177   -21.6064   -21.9375     1.8535     2.5879     0.3887
259.942775  57.124278  17.4911  16.5573  16.1937  15.9668  15.8533    0.03000000   0.00007548   9002.618    22.628335   0.657363   1.390545     308.936 0   0.114008   0.018386   0.055840  -0.016628  -0.023842   -18.1902   -19.0284   -19.4294   -19.5839   -19.6902     0.8382     1.2392     0.1544
257.934078  56.943705  17.3652  15.7201  15.0986  14.7522  14.5013    0.02720000   0.00015305   8149.798    45.883236   0.673706   1.425115    -543.883 0   0.001321   0.000747   0.000297   0.000212   0.000201   -17.9678   -19.6124   -20.2334   -20.5797   -20.8306     1.6445     2.2656     0.3463
257.833873  56.991339  18.2035  16.8605  16.3127  15.9791  15.7004    0.03110000   0.00008063   9327.952    24.172266   0.683848   1.446570     634.271 0   0.170028   0.088029   0.071389   0.005156  -0.049469   -17.5911   -18.8521   -19.3832   -19.6506   -19.8747     1.2610     1.7922     0.2674
258.031443  57.942868  19.2005  17.9019  17.4469  17.1733  16.9841    0.03040000   0.00007471   9116.449    22.397495   0.690708   1.461081     422.767 0   0.112841   0.038779   0.047542   0.007732  -0.052978   -16.4871   -17.7117   -18.1754   -18.4092   -18.5377     1.2245     1.6883     0.2338
259.406085  58.059215  18.4381  17.1363  16.6731  16.4069  16.1977    0.03350000   0.00008353  10030.666    25.041664   0.719295   1.521551    1336.984 1   0.125795   0.040386   0.056926   0.001664  -0.061681   -17.4813   -18.6977   -19.1774   -19.3884   -19.5342     1.2164     1.6961     0.2109
259.452194  58.055269  17.1215  15.8921  15.4283  15.1744  15.0035    0.03330000   0.00007727   9984.828    23.164963   0.726625   1.537057    1291.146 1   0.110763   0.032862   0.048013   0.003742  -0.053525   -18.7698   -19.9213   -20.4003   -20.6099   -20.7235     1.1515     1.6305     0.2096
259.833152  57.900284  17.4027  15.8363  15.0599  14.6423  14.3033    0.02900000   0.00010051   8697.729    30.132140   0.726860   1.537554       4.047 0   0.330258   0.273225   0.123138   0.059831   0.034090   -18.4284   -19.9378   -20.5641   -20.9184   -21.2317     1.5094     2.1357     0.3543
260.238702  57.282054  18.0705  16.8936  16.3569  16.0796  15.8654    0.02730000   0.00008423   8196.536    25.251519   0.763039   1.614086    -497.146 0   0.108097   0.042040   0.042426   0.011230  -0.039493   -17.3855   -18.4963   -19.0334   -19.2795   -19.4430     1.1108     1.6479     0.2461
259.534300  56.730667  19.7096  17.9241  17.1711  16.8141  16.5998    0.02770000   0.00014863   8317.892    44.558153   0.772836   1.634809    -375.790 0   0.101872   0.074303   0.033498   0.018880   0.020691   -15.7853   -17.5432   -18.2554   -18.5978   -18.8139     1.7579     2.4701     0.3424
257.755003  56.900080  19.2600  17.9990  17.6174  17.3475  17.1912    0.02830000   0.00007511   8494.829    22.517412   0.774489   1.638306    -198.852 0   0.148549   0.037222   0.072706  -0.025104  -0.055534   -16.3284   -17.4781   -17.8951   -18.0672   -18.1931     1.1497     1.5668     0.1721
260.228139  57.097969  17.3929  15.4756  14.5967  14.1156  13.7457    0.02750000   0.00017098   8235.868    51.258514   0.808537   1.710330    -457.813 0   0.435278   0.352547   0.136353   0.089690   0.063145   -18.4195   -20.2541   -20.9168   -21.3513   -21.6946     1.8346     2.4973     0.4344
258.780031  58.240512  17.6765  16.2495  15.5572  15.1537  14.8663    0.03110000   0.00016533   9317.250    49.564687   0.833768   1.763701     623.568 0   0.261154   0.210969   0.111467   0.034175  -0.007094   -18.2092   -19.5860   -20.1788   -20.5050   -20.7511     1.3768     1.9696     0.3262
259.682176  58.135109  16.3396  14.5587  13.7520  13.3264  13.0208    0.02910000   0.00018047   8720.693    54.103545   0.857130   1.813121      27.011 0   0.176585   0.139734   0.053888   0.030565   0.036856   -19.3377   -21.0818   -21.8026   -22.2049   -22.5168     1.7440     2.4649     0.4023
257.754570  56.758269  17.0209  15.7762  15.3362  15.0908  14.8939    0.02990000   0.00008345   8974.767    25.017681   0.874130   1.849082     281.085 0   0.119187   0.034764   0.053922   0.000654  -0.057086   -18.6583   -19.8186   -20.2777   -20.4699   -20.6090     1.1603     1.6194     0.1921
257.266825  57.162332  17.8799  16.8193  16.5033  16.3028  16.1381    0.02800000   0.00008864   8397.247    26.573603   0.882859   1.867546    -296.435 0   0.118666   0.015181   0.061188  -0.025487  -0.012014   -17.6338   -18.5910   -18.9530   -19.0668   -19.2450     0.9571     1.3191     0.1138
257.999602  56.636165  18.3325  17.1010  16.6485  16.3817  16.2632    0.02750000   0.00009300   8242.194    27.880699   0.894659   1.892507    -451.487 0   0.111168   0.033251   0.048198   0.003893  -0.053824   -17.1558   -18.3094   -18.7769   -18.9994   -19.0601     1.1536     1.6210     0.2225
260.472588  57.220223  18.9257  17.4949  16.9492  16.6995  16.5076    0.02610000   0.00009598   7836.755    28.774080   0.898374   1.900366    -856.927 1   0.074035   0.027700   0.023336   0.009848  -0.023054   -16.4198   -17.8043   -18.3456   -18.5818   -18.7408     1.3845     1.9258     0.2362
257.197231  57.168925  17.7616  16.5900  16.1760  15.9259  15.7409    0.02990000   0.00010053   8971.019    30.138136   0.917196   1.940180     277.338 0   0.112416   0.027669   0.051096  -0.002809  -0.047821   -17.9108   -18.9977   -19.4351   -19.6313   -19.7713     1.0869     1.5243     0.1962
257.139315  57.476671  18.2924  16.8606  16.2776  15.9881  15.7639    0.02960000   0.00007768   8869.600    23.287878   0.919462   1.944973     175.918 0   0.079379   0.034274   0.024655   0.010605  -0.009826   -17.3110   -18.6977   -19.2711   -19.5465   -19.7503     1.3867     1.9601     0.2755
257.551572  56.802910  18.4267  16.6575  15.9073  15.5368  15.2699    0.02700000   0.00016495   8090.319    49.450766   0.920939   1.948099    -603.362 0   0.094919   0.072766   0.031153   0.018804   0.020382   -17.0053   -18.7523   -19.4609   -19.8191   -20.0875     1.7470     2.4556     0.3582
259.544935  56.566255  18.7297  18.6050  17.6509  17.6404  17.4999    0.02930000   0.00007173   8774.536    21.504113   0.922573   1.951554      80.854 0  -0.109692   0.514654   0.130765   0.019665  -0.166495   -16.6763   -17.4254   -17.9956   -17.8950   -17.8493     0.7490     1.3193    -0.1006
260.386440  56.988850  17.6451  15.7961  14.9886  14.5985  14.3086    0.03010000   0.00016111   9015.389    48.299563   0.931574   1.970595     321.707 0   0.158272   0.126432   0.049494   0.028442   0.033764   -18.0877   -19.9049   -20.6355   -21.0045   -21.2997     1.8172     2.5477     0.3690
257.649249  56.727943  18.7698  17.6673  17.2194  16.9764  16.7779    0.02980000   0.00008198   8932.226    24.576986   0.934901   1.977632     238.545 0   0.095919   0.025098   0.039198   0.003372  -0.044022   -16.8788   -17.9105   -18.3725   -18.5797   -18.7308     1.0317     1.4937     0.2072
260.115506  56.767809  18.1010  17.1147  16.8015  16.5915  16.5562    0.02890000   0.00011422   8656.717    34.242295   0.938137   1.984478     -36.964 0   0.119027   0.015555   0.061328  -0.025160  -0.013029   -17.4822   -18.3651   -18.7240   -18.8476   -18.8950     0.8828     1.2418     0.1235
257.582328  56.757265  17.3263  15.4983  14.6959  14.3112  14.0234    0.03290000   0.00016947   9852.499    50.805828   0.939494   1.987348    1158.818 1   0.142620   0.113990   0.045704   0.026381   0.030766   -18.5638   -20.3632   -21.0973   -21.4627   -21.7548     1.7994     2.5335     0.3654
258.442573  58.334821  17.6771  16.4587  15.9737  15.6853  15.5537    0.03010000   0.00011948   9020.185    35.819203   0.951979   2.013757     326.504 0   0.135925   0.048845   0.061111   0.002057  -0.065887   -18.0334   -19.1647   -19.6620   -19.8913   -19.9550     1.1313     1.6286     0.2293
257.973577  56.571314  18.3298  17.2979  16.9562  16.7640  16.6619    0.02840000   0.00006925   8515.845    20.760628   0.957894   2.026271    -177.837 0   0.084003   0.009986   0.035111  -0.011049  -0.008525   -17.2096   -18.1674   -18.5343   -18.6803   -18.7849     0.9579     1.3247     0.1460
260.584336  57.612178  17.7373  16.2897  15.6128  15.2632  15.0464    0.02670000   0.00014431   8009.345    43.263050   0.960926   2.032684    -684.336 0   0.133419   0.077357   0.048094   0.017160   0.012302   -17.7171   -19.1086   -19.7563   -20.0749   -20.2869     1.3915     2.0392     0.3187
259.895020  56.630066  16.8130  14.9215  14.0958  13.6805  13.3604    0.02740000   0.00022022   8210.326    66.020295   0.962474   2.035958    -483.355 0   0.191344   0.152821   0.056433   0.033176   0.040151   -18.7261   -20.5791   -21.3084   -21.7004   -22.0275     1.8530     2.5823     0.3920
260.097951  56.716933  18.4340  17.3245  16.9894  16.7841  16.6056    0.03100000   0.00007579   9283.613    22.721270   0.966892   2.045303     589.932 0   0.124581   0.017531   0.064911  -0.027108  -0.016618   -17.3081   -18.3105   -18.6930   -18.8063   -18.9953     1.0025     1.3849     0.1133
257.147463  57.810142  17.1067  15.9759  15.9235  15.7504  15.6846    0.02960000   0.00007314   8875.985    21.926820   0.997389   2.109814     182.304 0   0.055035   0.005516   0.017826  -0.006328  -0.003171   -18.4724   -19.5536   -19.6183   -19.7673   -19.8362     1.0813     1.1460     0.1489
257.148869  57.829968  18.8836  17.7872  17.5874  17.4090  17.3333    0.02960000   0.00008090   8884.469    24.253210   1.004870   2.125641     190.788 0   0.105218   0.012888   0.050702  -0.018571  -0.010193   -16.7456   -17.7497   -17.9873   -18.0964   -18.1805     1.0041     1.2417     0.1091
260.689324  57.225848  18.8081  17.0746  16.2310  15.7614  15.4164    0.02680000   0.00009268   8024.155    27.784765   1.011827   2.140358    -669.526 0   0.411050   0.352491   0.147379   0.081514   0.049560   -16.9238   -18.5987   -19.2372   -19.6409   -19.9540     1.6749     2.3134     0.4037
259.156028  58.411886  16.7927  14.9939  14.1976  13.8012  13.5973    0.02960000   0.00016223   8873.437    48.635330   1.018683   2.154860     179.756 0   0.226358   0.166922   0.072331   0.033548   0.038497   -18.9577   -20.6970   -21.3988   -21.7564   -21.9652     1.7394     2.4411     0.3576
260.830169  57.333640  18.6325  17.2964  16.7441  16.4407  16.2906    0.02670000   0.00021143   8009.405    63.385119   1.073811   2.271473    -684.276 0   0.111772   0.046526   0.043436   0.012102  -0.032333   -16.8002   -18.0711   -18.6203   -18.8924   -18.9980     1.2709     1.8201     0.2721
260.800024  57.204337  18.6296  17.0161  16.2415  15.8387  15.5643    0.02670000   0.00016147   7996.604    48.407488   1.074401   2.272721    -697.077 0   0.255323   0.191224   0.088063   0.037413   0.034563   -16.9467   -18.4961   -19.1675   -19.5197   -19.7912     1.5494     2.2208     0.3521
256.866939  57.641008  16.8078  15.6997  15.2659  15.0107  14.8633    0.02970000   0.00019068   8911.121    57.164426   1.088921   2.303436     217.439 0   0.113083   0.029908   0.050854  -0.000648  -0.051300   -18.8292   -19.8541   -20.3088   -20.5125   -20.6093     1.0249     1.4797     0.2037
260.675792  56.898900  19.1253  17.7124  16.9731  16.6223  16.4039    0.02610000   0.00016776   7838.553    50.293183   1.111282   2.350737    -855.128 1   0.263286   0.210231   0.109814   0.035723  -0.000355   -16.4095   -17.7693   -18.4082   -18.6849   -18.8672     1.3598     1.9987     0.2767
257.756583  56.429085  20.3710  20.2404  20.2327  20.0044  20.0341    0.03020000   0.00007925   9057.809    23.758552   1.139546   2.410526     364.128 0  -0.443297   0.287087   0.769230   0.402138   0.002814   -14.7534   -15.6144   -16.1043   -15.9655   -15.5364     0.8610     1.3508    -0.1388
260.816468  56.997529  20.0516  18.2621  17.5516  17.2098  16.9237    0.02820000   0.00016099   8455.736    48.263588   1.140116   2.411731    -237.945 0   0.010132   0.007429   0.002729   0.002172   0.002103   -15.3692   -17.1560   -17.8618   -18.2030   -18.4890     1.7868     2.4926     0.3412
260.970632  57.255121  18.8670  17.1605  16.4410  16.0854  15.8514    0.02700000   0.00015029   8092.328    45.055809   1.157001   2.447449    -601.354 0   0.093389   0.061997   0.030008   0.016071   0.016916   -16.5634   -18.2386   -18.9261   -19.2677   -19.5026     1.6751     2.3626     0.3417
260.915832  57.103174  18.9770  17.8767  17.5477  17.3729  17.2651    0.02780000   0.00007862   8334.380    23.569683   1.158091   2.449755    -359.301 0   0.091685   0.010173   0.040656  -0.014448  -0.006453   -16.5156   -17.5344   -17.8938   -18.0135   -18.1293     1.0188     1.3783     0.1197
260.720278  56.815368  19.9575  18.2549  17.5512  17.2000  17.0372    0.02670000   0.00016581   8013.752    49.708587   1.172522   2.480282    -679.929 0   0.126559   0.077326   0.044161   0.017917   0.016852   -15.4900   -17.1434   -17.8139   -18.1389   -18.3006     1.6534     2.3239     0.3250
260.802262  56.874041  18.2449  16.8180  16.2036  15.8718  15.6374    0.02740000   0.00018411   8225.646    55.194789   1.183266   2.503009    -468.036 0   0.117943   0.059495   0.042971   0.014409  -0.002577   -17.2208   -18.5892   -19.1871   -19.4903   -19.7078     1.3685     1.9663     0.3032
260.686111  56.757307  18.9122  17.9307  17.5897  17.4426  17.3419    0.02610000   0.00007860   7830.099    23.563687   1.187439   2.511836    -863.582 1   0.061757   0.006363   0.021477  -0.007442  -0.003869   -16.4210   -17.3471   -17.7032   -17.8214   -17.9257     0.9261     1.2822     0.1182
260.899375  56.980161  18.3354  16.6064  15.8218  15.4676  15.2000    0.02920000   0.00015741   8760.715    47.190331   1.188033   2.513092      67.034 0   0.124557   0.094223   0.041231   0.022572   0.025753   -17.2974   -18.9961   -19.7277   -20.0632   -20.3340     1.6987     2.4303     0.3355
260.496098  58.239320  19.0202  17.6956  17.3452  17.1731  17.0484    0.02890000   0.00009259   8652.910    27.757784   1.219241   2.579107     -40.772 0   0.085725   0.011541   0.035839  -0.009383  -0.013100   -16.5297   -17.7802   -18.1548   -18.2817   -18.4027     1.2504     1.6251     0.1269
260.287437  58.366864  17.8379  16.8419  16.6674  16.5539  16.4701    0.02840000   0.00003498   8507.720    10.486740   1.235838   2.614215    -185.961 0   0.078655   0.008490   0.031711  -0.010899  -0.005400   -17.6961   -18.6220   -18.8197   -18.8906   -18.9799     0.9258     1.1236     0.0709
261.174779  57.164866  16.9758  15.6760  15.1033  14.7801  14.5567    0.03050000   0.00011577   9146.218    34.706973   1.280088   2.707820     452.537 0   0.149410   0.071915   0.061602   0.010735  -0.035054   -18.7556   -19.9779   -20.5403   -20.8126   -20.9902     1.2223     1.7847     0.2723
261.092042  56.947300  18.4351  17.4312  16.9943  16.7645  16.6751    0.02860000   0.00008563   8586.686    25.671228   1.296707   2.742974    -106.996 0   0.008947   0.001912   0.001902   0.000707  -0.003783   -17.0367   -18.0336   -18.4705   -18.6991   -18.7840     0.9969     1.4338     0.2286
261.039483  56.874483  18.4290  16.9400  16.2509  15.8785  15.6358    0.02720000   0.00010804   8141.704    32.389577   1.298427   2.746612    -551.978 0   0.205784   0.136237   0.077359   0.020347   0.010110   -17.1085   -18.5280   -19.1582   -19.4736   -19.7060     1.4195     2.0497     0.3154
261.220639  57.664373  18.7937  17.7523  17.3785  17.2010  17.0992    0.02880000   0.00010555   8623.500    31.643094   1.307114   2.764989     -70.181 0   0.075051   0.010572   0.028545  -0.005897  -0.013740   -16.7380   -17.7149   -18.1067   -18.2497   -18.3437     0.9769     1.3687     0.1431
261.081799  56.876298  18.7051  17.1022  16.3543  15.9888  15.7572    0.02760000   0.00014674   8259.702    43.991545   1.318514   2.789103    -433.980 0   0.194928   0.132722   0.067033   0.024368   0.026876   -16.8749   -18.4156   -19.0978   -19.4207   -19.6548     1.5407     2.2229     0.3228
261.115967  56.897880  18.9936  17.7541  17.4467  17.2001  17.4971    0.03160000   0.00012227   9462.829    36.655624   1.326944   2.806937     769.148 1   0.135302   0.019508   0.072161  -0.034835  -0.017504   -16.8296   -17.9533   -18.3133   -18.4529   -18.1733     1.1237     1.4838     0.1396
260.153398  56.256178  18.6106  17.4970  17.1968  16.9922  16.9458    0.03350000   0.00008248  10045.476    24.726882   1.350840   2.857485    1351.794 1   0.127223   0.017349   0.067058  -0.030060  -0.014845   -17.3102   -18.3140   -18.6639   -18.7714   -18.8330     1.0037     1.3536     0.1075
261.321132  56.951923  17.2274  16.0063  15.5126  15.2621  15.0853    0.02500000   0.00008611   7500.537    25.815129   1.411259   2.985291   -1193.144 1   0.088102   0.027955   0.032595   0.008708  -0.041202   -18.0169   -19.1779   -19.6762   -19.9028   -20.0297     1.1610     1.6593     0.2266
259.647074  56.061150  18.4572  16.7272  15.9604  15.5542  15.2615    0.03020000   0.00016556   9055.321    49.633639   1.414472   2.992088     361.640 0   0.168219   0.125854   0.053995   0.027231   0.032798   -17.2787   -18.9664   -19.6613   -20.0408   -20.3390     1.6876     2.3826     0.3794
261.278554  56.878322  17.9684  15.9765  15.0125  14.5008  14.0803    0.02840000   0.00015343   8506.191    45.997157   1.415405   2.994062    -187.490 0   0.603360   0.482902   0.177591   0.113356   0.082077   -18.0903   -19.9618   -20.6205   -21.0679   -21.4571     1.8714     2.5301     0.4475
259.646698  56.057130  16.6859  15.8333  15.3344  15.0432  14.7919    0.02970000   0.00008977   8892.714    26.912369   1.418237   3.000052     199.032 0   0.105548   0.209623   0.115199  -0.045305  -0.079511   -18.9435   -19.9002   -20.3047   -20.4354   -20.6525     0.9567     1.3612     0.1307
258.537628  58.818398  16.4535  15.0167  14.3009  13.9421  13.6689    0.02980000   0.00010082   8929.019    30.225076   1.420455   3.004742     235.337 0   0.248028   0.190555   0.102722   0.030172  -0.002489   -19.3472   -20.7265   -21.3545   -21.6408   -21.8813     1.3793     2.0073     0.2862
258.533203  58.822742  17.8406  17.0694  16.5828  16.4697  16.4522    0.02940000   0.00008409   8820.674    25.209548   1.425045   3.014452     126.992 0   0.002935   0.000441   0.000637   0.000004  -0.000765   -17.6640   -18.4327   -18.9195   -19.0320   -19.0487     0.7687     1.2555     0.1125
259.604870  56.017911  17.5566  16.2967  15.7507  15.4427  15.2392    0.03010000   0.00008838   9038.143    26.495657   1.449072   3.065277     344.462 0   0.149214   0.068023   0.063159   0.007932  -0.049254   -18.1672   -19.3459   -19.8870   -20.1398   -20.2861     1.1787     1.7198     0.2528
256.624256  58.232006  17.8136  17.1003  16.9023  16.7725  16.6458    0.02250000   0.00008322   6737.056    24.948728   1.451312   3.070016   -1956.625 1   0.007780   0.000654   0.001723  -0.000774  -0.000207   -17.1112   -17.8174   -18.0165   -18.1438   -18.2710     0.7062     0.9052     0.1273
261.383079  56.920301  18.6180  17.6915  17.3638  17.1611  17.0957    0.03100000   0.00007504   9290.838    22.496426   1.453174   3.073956     597.157 0   0.105424   0.013018   0.050817  -0.018486  -0.010534   -17.1049   -17.9390   -18.3045   -18.4379   -18.5113     0.8341     1.1996     0.1334
261.541606  57.523071  18.5027  17.4642  17.0250  16.7799  16.5788    0.02800000   0.00007622   8402.913    22.850181   1.459090   3.086470    -290.769 0   0.135708   0.037291   0.064962  -0.010072  -0.060420   -17.0281   -17.9682   -18.4350   -18.6051   -18.7559     0.9401     1.4070     0.1701
260.963082  58.321874  17.5578  15.8619  15.0905  14.7004  14.4159    0.02920000   0.00016182   8768.750    48.512416   1.463698   3.096218      75.068 0   0.185106   0.135081   0.059633   0.027867   0.033800   -18.1355   -19.7814   -20.4774   -20.8357   -21.1261     1.6459     2.3418     0.3583
259.773505  56.006881  18.7327  17.1259  16.4438  16.0854  15.8570    0.03080000   0.00015005   9231.839    44.983858   1.487800   3.147200     538.157 0   0.148215   0.091416   0.053042   0.019201   0.017696   -17.0403   -18.5903   -19.2340   -19.5586   -19.7855     1.5500     2.1937     0.3246
261.029652  56.493806  18.9263  17.8794  17.4237  17.1659  17.0200    0.02850000   0.00008909   8558.055    26.708510   1.491326   3.154660    -135.626 0   0.114054   0.031674   0.051015   0.000692  -0.053472   -16.6430   -17.6075   -18.0825   -18.2900   -18.3817     0.9645     1.4396     0.2075
260.948395  56.396718  17.7609  16.7886  16.3881  16.1824  16.0313    0.02590000   0.00008410   7760.128    25.212546   1.519739   3.214763    -933.554 1   0.085950   0.014911   0.034941  -0.004422  -0.023716   -17.5712   -18.4725   -18.8930   -19.0593   -19.1911     0.9013     1.3218     0.1663
261.639835  57.156355  17.3478  16.1258  15.6878  15.3942  15.1985    0.03960000   0.00016186  11862.668    48.524407   1.528172   3.232602    3168.986 1   0.156972   0.053713   0.072728  -0.017193  -0.076437   -18.9887   -20.1074   -20.5644   -20.7681   -20.9046     1.1187     1.5758     0.2037
261.544982  56.906248  18.6396  17.2655  16.6825  16.3659  16.2059    0.03020000   0.00007765   9058.979    23.278884   1.540134   3.257904     365.297 0   0.100558   0.044211   0.035607   0.012566  -0.016452   -17.0287   -18.3464   -18.9208   -19.2144   -19.3454     1.3178     1.8921     0.2936
261.156369  56.477144  17.7224  16.7768  16.5515  16.3629  16.2967    0.02830000   0.00007794   8488.444    23.365824   1.555747   3.290932    -205.238 0   0.095238   0.011334   0.043133  -0.014815  -0.008907   -17.8127   -18.6744   -18.9315   -19.0621   -19.1342     0.8617     1.1188     0.1307
261.158881  56.477454  17.9904  17.1124  17.1609  17.1645  17.3063    0.02850000   0.00003464   8534.522    10.384811   1.556647   3.292835    -159.160 0   0.006990   0.000620   0.001546  -0.000644  -0.000302   -17.4718   -18.3434   -18.2959   -18.2901   -18.1486     0.8716     0.8241    -0.0058
261.158111  58.347234  19.6801  18.1925  17.5489  17.2169  16.9926    0.02750000   0.00013359   8244.952    40.049274   1.562242   3.304672    -448.729 0   0.106407   0.056112   0.036177   0.014279   0.005773   -15.8035   -17.2408   -17.8644   -18.1745   -18.3903     1.4373     2.0610     0.3101
261.258662  58.299158  17.5272  15.7790  15.0088  14.6295  14.3238    0.02950000   0.00017253   8858.777    51.723193   1.578184   3.338392     165.096 0   0.109281   0.089153   0.036080   0.022214   0.024589   -18.0912   -19.8193   -20.5364   -20.9018   -21.2099     1.7281     2.4452     0.3654
260.570412  58.683055  17.4070  16.3447  15.9413  15.6782  15.5263    0.02900000   0.00007531   8706.722    22.577370   1.579466   3.341106      13.041 0   0.128422   0.030994   0.062278  -0.011007  -0.051037   -18.2223   -19.1872   -19.6219   -19.8117   -19.9235     0.9649     1.3996     0.1898
260.857967  58.586237  18.9369  17.8727  17.4972  17.3156  17.1700    0.02780000   0.00008598   8330.573    25.776156   1.602994   3.390876    -363.109 0   0.071729   0.010439   0.026496  -0.004793  -0.014413   -16.5357   -17.5386   -17.9302   -18.0805   -18.2165     1.0029     1.3945     0.1503
261.492303  56.636846  17.1737  15.3164  14.5067  14.1045  13.8137    0.02950000   0.00017790   8854.730    53.333078   1.622580   3.432307     161.049 0   0.168720   0.134711   0.051851   0.029847   0.035746   -18.5041   -20.3274   -21.0543   -21.4345   -21.7312     1.8233     2.5501     0.3802
259.530982  55.808408  17.2386  15.9445  15.3430  15.0319  14.8208    0.02930000   0.00016845   8781.401    50.500040   1.641570   3.472476      87.719 0   0.085937   0.039231   0.027326   0.011451  -0.005515   -18.3630   -19.6104   -20.2000   -20.4953   -20.6894     1.2474     1.8370     0.2952
261.721170  56.848794  17.4013  15.7699  14.8682  14.4253  14.0750    0.02780000   0.00009908   8326.076    29.703437   1.648737   3.487636    -367.606 0   0.456966   0.390561   0.157272   0.091979   0.059024   -18.4565   -20.0215   -20.6900   -21.0676   -21.3849     1.5650     2.2334     0.3776
261.756462  56.885587  17.7524  15.9790  15.1564  14.7680  14.4803    0.02810000   0.00017296   8433.132    51.852104   1.654666   3.500179    -260.550 0   0.216020   0.163423   0.065777   0.034040   0.040849   -17.8665   -19.5873   -20.3122   -20.6689   -20.9634     1.7208     2.4458     0.3567
259.794763  58.982895  18.8020  17.3861  16.9926  22.0495  16.5206    0.03010000   0.00024855   9018.387    74.513415   1.657078   3.505281     324.705 0   0.003838   0.000331   0.000850  -0.000370  -0.000131   -16.7764   -18.1888   -18.5828   -13.5247   -19.0538     1.4124     1.8064    -5.0581
261.571702  58.176774  18.5447  17.1640  16.5890  16.2739  16.0526    0.02780000   0.00017949   8320.110    53.809748   1.659796   3.511031    -373.571 0   0.131302   0.061170   0.052634   0.012841  -0.025458   -16.9875   -18.2981   -18.8645   -19.1398   -19.3228     1.3106     1.8770     0.2753
261.088108  58.561478  17.0840  15.6474  14.9335  14.5389  14.2185    0.02780000   0.00009783   8345.113    29.328696   1.672280   3.537438    -348.569 0   0.282567   0.234315   0.118054   0.041636   0.003375   -18.5994   -19.9878   -20.5854   -20.9036   -21.1858     1.3883     1.9860     0.3182
