183.088298  45.653305  19.7882  17.9260  17.0873  16.6752  16.3694    0.06560000   0.00015991  19654.663    47.939812   0.027741   0.127447     -60.288 0   0.206364   0.162450   0.060175   0.034880   0.042242   -17.6978   -19.5161   -20.2525   -20.6394   -20.9525     1.8183     2.5547     0.3868
183.152092  45.625193  17.5532  15.5531  14.6501  14.1971  13.9072    0.06590000   0.00021291  19753.085    63.828812   0.029230   0.134288      38.134 0   0.353555   0.272852   0.099046   0.067696   0.061514   -20.0900   -22.0094   -22.7386   -23.1602   -23.4439     1.9194     2.6486     0.4217
183.069668  45.607232  18.4522  16.6212  15.7866  15.4122  15.1139    0.06640000   0.00016614  19918.751    49.807519   0.057972   0.266336     203.799 0   0.192631   0.148877   0.058552   0.031737   0.038586   -19.0253   -20.8125   -21.5568   -21.9044   -22.2095     1.7872     2.5315     0.3476
183.041813  45.676504  17.7942  15.9151  15.0411  14.5953  14.2899    0.06650000   0.00017944  19921.898    53.794759   0.065964   0.303054     206.947 0   0.309432   0.237483   0.085799   0.056319   0.056980   -19.8033   -21.6105   -22.3328   -22.7491   -23.0552     1.8072     2.5295     0.4163
183.041706  45.615959  20.1736  18.3832  17.5294  17.1044  16.7862    0.06510000   0.00015111  19507.795    45.301638   0.068356   0.314042    -207.157 0   0.225002   0.176396   0.063882   0.038168   0.045573   -17.2931   -19.0349   -19.7762   -20.1755   -20.5011     1.7418     2.4831     0.3993
183.218295  45.616866  20.1329  18.4719  17.7035  17.2468  16.9567    0.06480000   0.00020336  19428.530    60.965794   0.071084   0.326572    -286.422 0   0.215880   0.161326   0.066971   0.033112   0.039593   -17.3146   -18.9211   -19.5951   -20.0180   -20.3145     1.6064     2.2805     0.4228
183.149723  45.563992  19.9565  18.0662  17.2042  16.8434  16.5502    0.06600000   0.00014743  19792.088    44.198402   0.086236   0.396184      77.137 0   0.257433   0.196078   0.076964   0.042608   0.046897   -17.5726   -19.4015   -20.1444   -20.4709   -20.7684     1.8289     2.5718     0.3264
183.045489  45.525177  18.8191  16.7968  15.8081  15.3322  14.9300    0.07000000   0.00018809  20978.817    56.387963   0.136267   0.626039    1263.865 1   0.566283   0.451829   0.167473   0.110562   0.078077   -19.1684   -21.0762   -21.7806   -22.1996   -22.5693     1.9078     2.6122     0.4190
183.296215  45.565276  19.7696  17.9076  17.0551  16.6999  16.3988    0.06600000   0.00014489  19777.578    43.436929   0.144552   0.664100      62.627 0   0.196488   0.154258   0.058450   0.033140   0.040190   -17.6985   -19.5183   -20.2750   -20.6049   -20.9131     1.8198     2.5765     0.3299
183.197342  45.805365  18.7834  17.8299  17.3944  17.0586  16.9339    0.06560000   0.00007878  19659.610    23.617650   0.164000   0.753449     -55.342 0   0.138870   0.142758   0.104513  -0.062280  -0.078538   -18.6351   -19.5925   -19.9898   -20.1588   -20.2672     0.9574     1.3546     0.1690
183.140195  45.460238  18.9283  17.8575  17.4349  17.1895  17.0331    0.06670000   0.00008324  19987.703    24.954724   0.188784   0.867310     272.751 0   0.120974   0.029101   0.057325  -0.007153  -0.049110   -18.4839   -19.4628   -19.9137   -20.0946   -20.2090     0.9789     1.4298     0.1809
183.219355  45.434874  19.5260  18.1981  17.7571  17.4526  17.3001    0.06610000   0.00009231  19816.821    27.673842   0.223375   1.026228     101.869 0   0.149556   0.051105   0.068963  -0.009333  -0.073808   -17.9198   -19.1492   -19.6081   -19.8343   -19.9223     1.2294     1.6883     0.2262
182.893798  45.851766  18.9620  17.9722  17.5340  17.2788  17.1092    0.05490000   0.00009260  16468.979    27.760782   0.260520   1.196884   -3245.973 1   0.123707   0.033269   0.057876  -0.004366  -0.055791   -18.0278   -18.9271   -19.3899   -19.5829   -19.7011     0.8994     1.3622     0.1930
183.436792  45.489637  18.2643  17.0294  16.5711  16.2946  16.1575    0.05360000   0.00017048  16065.518    51.108618   0.268509   1.233586   -3649.434 1   0.133236   0.042785   0.061414  -0.001618  -0.065363   -18.7082   -19.8526   -20.3296   -20.5430   -20.6164     1.1444     1.6214     0.2135
182.758562  45.733198  19.7598  18.2418  17.5141  17.2382  17.0122    0.06990000   0.00016191  20957.232    48.539397   0.271334   1.246563    1242.280 1   0.059875   0.034117   0.016447   0.009368   0.008508   -17.6969   -19.1891   -19.8992   -20.1680   -20.3931     1.4922     2.2023     0.2688
183.168438  45.954113  19.1479  18.0356  17.5563  17.3105  17.0918    0.06990000   0.00007980  20954.354    23.923438   0.306643   1.408780    1239.402 1   0.098818   0.029466   0.039968   0.006326  -0.047624   -18.3477   -19.3907   -19.8805   -20.0927   -20.2574     1.0429     1.5327     0.2122
183.640105  45.758397  19.6957  18.2364  17.5058  17.1681  16.9531    0.07010000   0.00015304  21013.862    45.880238   0.374749   1.721675    1298.911 1   0.109196   0.068507   0.036436   0.016976   0.017066   -17.8345   -19.2532   -19.9517   -20.2699   -20.4850     1.4186     2.1171     0.3182
183.162751  45.244091  18.1332  17.1500  16.7436  16.4301  16.2763    0.05490000   0.00007867  16451.261    23.584673   0.405471   1.862818   -3263.691 1   0.159246   0.101166   0.097711  -0.066180  -0.072892   -18.8921   -19.8172   -20.2202   -20.3698   -20.5169     0.9251     1.3281     0.1496
182.701361  45.351187  18.3569  17.0675  16.4658  16.0990  15.8446    0.07030000   0.00017154  21084.134    51.426398   0.421073   1.934497    1369.182 1   0.205889   0.147607   0.095731   0.007928  -0.058924   -19.2583   -20.4894   -21.0392   -21.3182   -21.5057     1.2311     1.7809     0.2790
182.666124  45.974335  19.2398  17.3660  16.5434  16.1400  15.8582    0.06550000   0.00015757  19627.142    47.238298   0.458225   2.105177     -87.809 1   0.211872   0.163426   0.062948   0.034616   0.041835   -18.2272   -20.0525   -20.7746   -21.1497   -21.4387     1.8254     2.5475     0.3751
182.625046  45.958872  18.4903  16.5026  15.7197  15.2418  14.9967    0.06550000   0.00017571  19642.522    52.676533   0.468496   2.152365     -72.430 1   0.216236   0.167612   0.063446   0.035728   0.042982   -18.9810   -20.9201   -21.5988   -22.0490   -22.3014     1.9391     2.6178     0.4502
183.720941  45.407156  19.1930  17.9717  17.5467  17.2417  17.0690    0.07130000   0.00008579  21384.076    25.719195   0.480126   2.205795    1669.124 1   0.161013   0.055348   0.074752  -0.022194  -0.077468   -18.4293   -19.5450   -19.9894   -20.1974   -20.3148     1.1156     1.5600     0.2081
183.470710  45.226872  17.7950  16.5779  16.1207  15.8212  15.6604    0.06510000   0.00019238  19531.479    57.674073   0.485396   2.230010    -183.473 1   0.152792   0.053863   0.070050  -0.010092  -0.075827   -19.5995   -20.7177   -21.1911   -21.4104   -21.5055     1.1182     1.5916     0.2194
183.444188  45.215591  20.1216  18.2187  17.3803  16.9851  16.6502    0.06820000   0.00014527  20449.323    43.550850   0.486521   2.235178     734.372 1   0.175446   0.143029   0.052433   0.031650   0.037949   -17.3970   -19.2675   -20.0153   -20.3897   -20.7309     1.8705     2.6183     0.3744
182.505699  45.893060  19.8607  18.0186  17.1660  16.7583  16.4359    0.06970000   0.00017314  20908.635    51.906066   0.498569   2.290529    1193.684 1   0.219142   0.172398   0.062524   0.037220   0.044690   -17.7490   -19.5444   -20.2871   -20.6695   -20.9994     1.7954     2.5381     0.3824
182.737052  45.211798  18.0465  16.6623  16.0675  15.7319  15.5036    0.06540000   0.00015794  19620.187    47.349221   0.515230   2.367072     -94.764 1   0.149360   0.075522   0.059896   0.013005  -0.020622   -19.3759   -20.6862   -21.2654   -21.5541   -21.7488     1.3104     1.8895     0.2887
183.483799  45.177053  18.8031  17.1683  16.4511  16.0333  15.7808    0.06640000   0.00015484  19916.382    46.419864   0.533486   2.450943     201.431 1   0.239228   0.174273   0.088993   0.029426   0.020328   -18.7210   -20.2908   -20.9227   -21.2810   -21.5244     1.5698     2.2018     0.3582
183.895137  45.602089  18.3866  16.9091  16.2385  15.8631  15.6046    0.05630000   0.00014465  16869.531    43.364979   0.538680   2.474806   -2845.420 1   0.209341   0.139767   0.080752   0.019524   0.004098   -18.7691   -20.1771   -20.7887   -21.1028   -21.3459     1.4079     2.0195     0.3142
183.576926  45.208737  19.5372  17.8033  16.9632  16.5781  16.2645    0.06470000   0.00015272  19395.163    45.784304   0.540730   2.484222    -319.789 1   0.252601   0.190832   0.078286   0.040479   0.044064   -17.9402   -19.6123   -20.3399   -20.6871   -21.0043     1.6721     2.3997     0.3473
182.350694  45.569718  19.5160  18.0077  17.3326  16.9345  16.6073    0.06690000   0.00016584  20060.672    49.717581   0.548730   2.520977     345.721 1   0.001994   0.001615   0.000582   0.000480   0.000443   -17.7872   -19.2951   -19.9692   -20.3672   -20.6943     1.5079     2.1820     0.3980
183.917622  45.564790  18.2748  16.3432  15.5002  15.0966  14.7791    0.05570000   0.00019218  16691.874    57.614115   0.558722   2.566883   -3023.077 1   0.202280   0.160981   0.058652   0.034818   0.042115   -18.8292   -20.7195   -21.4602   -21.8399   -22.1647     1.8903     2.6310     0.3798
183.612198  45.195452  18.0997  16.2515  15.3774  14.9527  14.6731    0.06530000   0.00017752  19582.204    53.219157   0.566004   2.600339    -132.748 1   0.299798   0.230468   0.085374   0.053788   0.054673   -19.4485   -21.2274   -21.9564   -22.3495   -22.6300     1.7789     2.5079     0.3931
183.967165  45.384757  19.1850  17.7260  16.9673  16.5837  16.2836    0.06960000   0.00013563  20857.790    40.660851   0.643658   2.957096    1142.839 1   0.286497   0.231753   0.113795   0.044586   0.016053   -18.5069   -19.9112   -20.5519   -20.8663   -21.1379     1.4043     2.0450     0.3144
183.796221  45.162520  18.1752  16.5439  15.7930  15.3716  15.1021    0.05510000   0.00019567  16512.419    58.660390   0.674565   3.099090   -3202.533 1   0.254048   0.189907   0.089618   0.036115   0.031466   -18.9569   -20.5241   -21.1747   -21.5426   -21.8075     1.5672     2.2178     0.3679
182.231018  45.926499  19.0694  18.0532  17.7252  17.4736  17.4764    0.06620000   0.00008691  19853.696    26.054963   0.685429   3.149000     138.744 1   0.146829   0.023187   0.077357  -0.043132  -0.021527   -18.3735   -19.2661   -19.6482   -19.7794   -19.7982     0.8926     1.2747     0.1311
184.024092  45.363795  18.2442  16.3147  15.3719  14.9581  14.6054    0.06970000   0.00017950  20888.579    53.812746   0.688555   3.163364    1173.628 1   0.408390   0.318980   0.117284   0.082170   0.065387   -19.5548   -21.3949   -22.1360   -22.5147   -22.8506     1.8401     2.5812     0.3787
182.265769  45.982941  19.3061  17.6753  16.8830  16.5229  16.2736    0.06640000   0.00014403  19904.001    43.179108   0.688831   3.164632     189.049 1   0.213857   0.152243   0.071526   0.028789   0.032473   -18.1926   -19.7618   -20.4734   -20.7907   -21.0437     1.5692     2.2808     0.3174
184.015161  45.344451  17.9989  16.1293  15.2622  14.8939  14.5742    0.07140000   0.00016911  21398.526    50.697903   0.691174   3.175394    1683.574 1   0.184317   0.148542   0.054632   0.032473   0.039215   -19.6285   -21.4624   -22.2356   -22.5817   -22.9081     1.8338     2.6070     0.3461
182.559848  45.072245  18.6461  17.6456  17.2776  17.0058  16.9074    0.05280000   0.00007540  15833.119    22.604351   0.699907   3.215517   -3881.833 1   0.158393   0.035814   0.078357  -0.043231  -0.044673   -18.2974   -19.1754   -19.5859   -19.7361   -19.8331     0.8779     1.2885     0.1502
182.152282  45.479055  19.4462  17.7889  16.9656  16.6039  16.2969    0.07040000   0.00016158  21091.209    48.440465   0.702519   3.227513    1376.257 1   0.235215   0.174305   0.075277   0.035282   0.039419   -18.2226   -19.8190   -20.5433   -20.8650   -21.1761     1.5964     2.3207     0.3217
183.382158  44.948656  19.3234  18.1600  17.6423  17.2887  17.1304    0.06570000   0.00008862  19682.874    26.567608   0.722439   3.319033     -32.078 1   0.180922   0.124636   0.096697  -0.018646  -0.101844   -18.1371   -19.2442   -19.7339   -19.9722   -20.0473     1.1071     1.5969     0.2383
184.093878  45.363617  19.3825  17.7513  16.9517  16.5502  16.2712    0.06960000   0.00015945  20865.165    47.801907   0.733311   3.368979    1150.214 1   0.273490   0.209383   0.093148   0.043388   0.038603   -18.2964   -19.8635   -20.5469   -20.8986   -21.1728     1.5671     2.2505     0.3517
184.120472  45.407296  19.3845  17.7004  16.8842  16.5074  16.2033    0.07610000   0.00015104  22806.351    45.280653   0.734985   3.376672    3091.400 1   0.183606   0.138572   0.057594   0.029337   0.035733   -18.3812   -20.0203   -20.7555   -21.1040   -21.4145     1.6391     2.3743     0.3485
182.064350  45.563844  20.5003  18.4931  17.6224  17.1996  16.8551    0.06960000   0.00016985  20870.112    50.919749   0.748011   3.436517    1155.160 1   0.297334   0.228199   0.082307   0.053339   0.055547   -17.2025   -19.1405   -19.8653   -20.2592   -20.6059     1.9381     2.6629     0.3938
182.491533  45.031542  19.6647  17.9639  17.0503  16.5805  16.2457    0.07610000   0.00015279  22820.772    45.805290   0.760685   3.494741    3105.820 1   0.489027   0.431736   0.172185   0.095736   0.061809   -18.4064   -20.0499   -20.7040   -21.0973   -21.3982     1.6435     2.2976     0.3934
