202.700826  -1.869740  20.1702  18.3290  17.4462  17.0329  16.7103    0.08360000   0.00019908  25048.259    59.682683   0.007704   0.044600    -654.747 0   0.281938   0.216566   0.078195   0.049601   0.053532   -17.8960   -19.6718   -20.4162   -20.8009   -21.1275     1.7758     2.5203     0.3847
202.710798  -1.861970  17.8088  15.9617  14.9884  14.5657  14.2530    0.08790000   0.00019573  26338.566    58.678378   0.011210   0.064903     635.560 0   0.473876   0.391039   0.152109   0.096757   0.065529   -20.5614   -22.3256   -23.0600   -23.4273   -23.7088     1.7643     2.4986     0.3673
202.692626  -1.874201  18.9823  17.0550  16.0995  15.6793  15.3719    0.08720000   0.00019305  26142.742    57.874934   0.015330   0.088752     439.736 0   0.405167   0.315500   0.115413   0.081166   0.065505   -19.3229   -21.1605   -21.9159   -22.3019   -22.5936     1.8376     2.5930     0.3860
202.710168  -1.857531  20.3998  18.6176  17.6315  17.2064  16.8537    0.08700000   0.00017660  26091.537    52.943348   0.015436   0.089368     388.531 0   0.516882   0.420156   0.159291   0.104033   0.071862   -18.0095   -19.6949   -20.4202   -20.7900   -21.1105     1.6855     2.4107     0.3698
202.726387  -1.875497  19.0779  17.0996  16.1441  15.7326  15.4214    0.08840000   0.00018182  26495.538    54.508265   0.018673   0.108106     792.531 0   0.406287   0.316785   0.116145   0.081533   0.065431   -19.2370   -21.1258   -21.8807   -22.2576   -22.5527     1.8888     2.6437     0.3769
202.704387  -1.898849  19.6327  17.8606  16.9289  16.5465  16.2209    0.09130000   0.00016350  27366.794    49.016067   0.026285   0.152176    1663.788 1   0.361969   0.284042   0.107520   0.070703   0.059416   -18.7294   -20.4236   -21.1787   -21.5243   -21.8386     1.6942     2.4494     0.3456
202.684932  -1.888328  19.1918  17.2595  16.2878  15.8670  15.5336    0.08820000   0.00018680  26454.316    56.001231   0.027714   0.160452     751.310 0   0.470825   0.375085   0.140772   0.096863   0.068883   -19.1827   -21.0193   -21.7567   -22.1336   -22.4390     1.8366     2.5739     0.3769
202.677537  -1.856481  19.3281  17.5564  16.6400  16.2429  15.9384    0.08370000   0.00013251  25106.449    39.725499   0.034456   0.199486    -596.557 0   0.364760   0.288160   0.110726   0.071746   0.058413   -18.8474   -20.5425   -21.2815   -21.6396   -21.9308     1.6951     2.4341     0.3581
202.736156  -1.899161  19.2728  17.5175  16.6017  16.1976  15.9177    0.08540000   0.00016187  25614.088    48.527405   0.038632   0.223662     -88.918 0   0.354947   0.279671   0.107695   0.069015   0.057486   -18.9367   -20.6168   -21.3606   -21.7260   -21.9944     1.6800     2.4238     0.3654
202.734207  -1.902047  20.2988  18.5549  17.6210  17.2477  16.9487    0.08950000   0.00015710  26830.196    47.097395   0.039328   0.227689    1127.190 0   0.371169   0.294038   0.113136   0.073511   0.058783   -18.0291   -19.6959   -20.4489   -20.7826   -21.0668     1.6668     2.4198     0.3337
202.742540  -1.853621  20.0847  18.4195  17.5068  17.1152  16.8224    0.08490000   0.00013912  25440.568    41.707127   0.039579   0.229141    -262.438 0   0.372636   0.302430   0.122508   0.074117   0.053532   -18.1086   -19.7036   -20.4363   -20.7795   -21.0518     1.5950     2.3278     0.3432
202.755447  -1.847926  19.3136  17.4736  16.5312  16.1080  15.8255    0.08650000   0.00017525  25943.889    52.538628   0.053638   0.310537     240.883 0   0.386602   0.299791   0.109123   0.076280   0.064310   -18.9528   -20.7060   -21.4577   -21.8481   -22.1186     1.7532     2.5049     0.3904
202.683972  -1.923852  20.1749  18.4075  17.4576  17.0743  16.7382    0.08760000   0.00013516  26255.644    40.519949   0.056376   0.326389     552.637 0   0.371439   0.289973   0.107724   0.072882   0.061599   -18.0854   -19.7713   -20.5390   -20.8874   -21.2122     1.6859     2.4536     0.3485
202.659402  -1.843371  19.8305  17.9933  17.0589  16.6286  16.3206    0.08490000   0.00016933  25441.377    50.763857   0.056706   0.328301    -261.629 0   0.445341   0.368162   0.145290   0.091281   0.061573   -18.4355   -20.1955   -20.9070   -21.2833   -21.5616     1.7600     2.4715     0.3763
202.689715  -1.811559  20.1004  18.3706  17.4422  17.0631  16.7218    0.08090000   0.00016416  24241.968    49.213930   0.063881   0.369839   -1461.039 0   0.385782   0.307597   0.118782   0.077525   0.059520   -18.0220   -19.6736   -20.4132   -20.7510   -21.0743     1.6516     2.3912     0.3378
202.708843  -1.798404  19.3396  17.4644  16.5281  16.1200  15.7887    0.08740000   0.00015763  26204.769    47.256285   0.074402   0.430753     501.763 0   0.393996   0.306747   0.112411   0.078389   0.064459   -18.9383   -20.7262   -21.4682   -21.8422   -22.1596     1.7880     2.5299     0.3741
202.771992  -1.911061  19.8203  18.0519  17.1599  16.7719  16.5047    0.08440000   0.00015063  25294.719    45.157738   0.074614   0.431979    -408.287 0   0.316845   0.246080   0.095041   0.058099   0.054104   -18.3043   -20.0019   -20.7429   -21.0939   -21.3571     1.6976     2.4386     0.3511
202.646324  -1.817882  19.8452  18.1310  17.2203  16.8169  16.5304    0.08150000   0.00015573  24430.297    46.686679   0.082484   0.477539   -1272.709 0   0.349306   0.275093   0.106433   0.067466   0.056663   -18.2356   -19.8756   -20.6177   -20.9821   -21.2578     1.6400     2.3820     0.3644
202.638338  -1.815357  20.0562  18.1884  17.3490  16.9760  16.7016    0.08350000   0.00013415  25044.212    40.217158   0.090185   0.522129    -658.794 0   0.241487   0.182094   0.073957   0.038289   0.043437   -17.9697   -19.7781   -20.5093   -20.8467   -21.1262     1.8084     2.5397     0.3373
202.643735  -1.795777  19.6441  17.7232  16.8289  16.4470  16.1562    0.08290000   0.00014767  24842.902    44.270352   0.100226   0.580261    -860.105 0   0.294893   0.226824   0.085946   0.052328   0.052982   -18.4195   -20.2723   -21.0257   -21.3740   -21.6654     1.8528     2.6063     0.3483
202.634941  -1.793239  18.4889  16.6146  15.6582  15.2373  14.9302    0.08770000   0.00016693  26291.649    50.044355   0.107923   0.624820     588.642 0   0.419375   0.328239   0.120918   0.084963   0.066136   -19.8430   -21.6261   -22.3752   -22.7602   -23.0484     1.7832     2.5322     0.3849
202.808249  -1.815990  18.9543  16.9805  16.0466  15.6220  15.3111    0.08560000   0.00015851  25664.003    47.520103   0.115267   0.667341     -39.003 0   0.403642   0.314251   0.114942   0.080776   0.065390   -19.3063   -21.1907   -21.9253   -22.3158   -22.6113     1.8844     2.6190     0.3904
202.685361  -1.991142  18.7852  16.9293  16.0439  15.6320  15.2726    0.08170000   0.00016354  24478.264    49.028059   0.120467   0.697444   -1224.742 0   0.323604   0.248534   0.089601   0.059928   0.058721   -19.2725   -21.0533   -21.7798   -22.1620   -22.5202     1.7808     2.5073     0.3822
202.812175  -1.944877  19.7792  18.2215  17.3269  16.9326  16.6812    0.08880000   0.00013884  26636.440    41.623185   0.126715   0.733618     933.434 0   0.418228   0.422997   0.178608   0.088410   0.034345   -18.5575   -20.1200   -20.7702   -21.0743   -21.2716     1.5625     2.2127     0.3041
202.633477  -1.982581  19.5654  17.9625  17.1975  16.7993  16.5370    0.08800000   0.00012878  26389.171    38.607273   0.132608   0.767733     686.165 0   0.255195   0.191066   0.089294   0.036764   0.032724   -18.5859   -20.1247   -20.7879   -21.1336   -21.3919     1.5388     2.2020     0.3457
202.739275  -1.741679  17.4573  16.3881  15.8536  15.5351  15.3496    0.07530000   0.00018282  22582.826    54.808057   0.134818   0.780531   -3120.180 1   0.176198   0.146543   0.104664  -0.023568  -0.103731   -20.2780   -21.3175   -21.8101   -22.0004   -22.1057     1.0395     1.5322     0.1903
202.849358  -1.892880  19.0766  17.2976  16.4742  16.1116  15.8511    0.08800000   0.00013866  26381.616    41.569222   0.142801   0.826749     678.610 0   0.214146   0.157699   0.067917   0.031734   0.037735   -19.0337   -20.7562   -21.4899   -21.8163   -22.0828     1.7226     2.4562     0.3264
202.805403  -1.978251  18.6438  16.8173  15.8889  15.4849  15.1642    0.09020000   0.00017160  27042.239    51.444386   0.143585   0.831285    1339.233 0   0.381998   0.300204   0.112670   0.075943   0.061689   -19.6908   -21.4355   -22.1764   -22.5436   -22.8501     1.7447     2.4856     0.3673
202.790198  -1.745764  19.0517  17.1149  16.1937  15.7818  15.4589    0.08390000   0.00017465  25150.099    52.358753   0.151340   0.876186    -552.907 0   0.362791   0.280455   0.102003   0.070107   0.062295   -19.1059   -20.9603   -21.7031   -22.0831   -22.3982     1.8545     2.5972     0.3800
202.735858  -1.723067  19.1917  17.3469  16.4346  16.0418  15.7273    0.08230000   0.00016560  24676.217    49.645631   0.152318   0.881847   -1026.789 0   0.323314   0.248919   0.090916   0.059895   0.058046   -18.8844   -20.6548   -21.4091   -21.7709   -22.0836     1.7704     2.5247     0.3618
202.651447  -2.020096  20.0665  18.2804  17.3852  16.9618  16.6522    0.08540000   0.00015218  25596.910    45.622416   0.157733   0.913193    -106.097 0   0.409319   0.338184   0.136376   0.083260   0.056259   -18.1974   -19.9124   -20.6058   -20.9760   -21.2586     1.7150     2.4084     0.3703
202.798206  -2.002439  19.4920  17.7857  16.8989  16.5030  16.1714    0.08400000   0.00016082  25195.817    48.212623   0.157965   0.914539    -507.189 0   0.361872   0.292662   0.119259   0.071176   0.052194   -18.6884   -20.3255   -21.0389   -21.3867   -21.6994     1.6371     2.3505     0.3478
202.817467  -1.992677  19.1556  17.2893  16.3671  15.9476  15.6477    0.08640000   0.00015410  25916.668    46.198018   0.162365   0.940015     213.662 0   0.365854   0.282664   0.102547   0.070847   0.062729   -19.0902   -20.8733   -21.6154   -22.0032   -22.2950     1.7831     2.5252     0.3878
202.728655  -2.034706  21.0547  18.3655  17.4866  17.0685  16.7150    0.08710000   0.00013793  26109.855    41.350374   0.163229   0.945016     406.848 0   0.307463   0.235872   0.084806   0.055849   0.056944   -17.1291   -19.7467   -20.4746   -20.8637   -21.2183     2.6176     3.3454     0.3891
202.650719  -2.027955  20.0374  18.1724  17.3359  16.9823  16.6080    0.08950000   0.00013885  26834.603    41.626183   0.165346   0.957269    1131.597 0   0.125782   0.108520   0.040426   0.026064   0.029417   -18.0451   -19.8929   -20.6613   -21.0005   -21.3782     1.8477     2.6161     0.3392
202.831384  -1.760479  19.2206  17.2754  16.3620  15.9553  15.6667    0.08160000   0.00018045  24473.377    54.097549   0.166877   0.966137   -1229.629 0   0.307368   0.235837   0.084944   0.055821   0.056857   -18.8210   -20.6946   -21.4572   -21.8347   -22.1244     1.8737     2.6362     0.3776
202.795126  -1.730259  17.5388  15.7102  14.8062  14.4184  14.0973    0.08360000   0.00018241  25073.952    54.685142   0.167088   0.967356    -629.055 0   0.331446   0.256758   0.095827   0.062116   0.057700   -20.5769   -22.3308   -23.0739   -23.4280   -23.7446     1.7539     2.4970     0.3541
202.734732  -1.705285  19.1887  17.7013  16.9816  16.6102  16.3736    0.09120000   0.00015519  27350.396    46.524792   0.169648   0.982180    1647.390 1   0.220967   0.154009   0.081253   0.025221   0.018778   -19.0089   -20.4293   -21.0763   -21.3916   -21.6218     1.4204     2.0674     0.3154
202.795956  -1.727285  17.2638  15.4758  14.6083  14.1658  13.8511    0.08360000   0.00016723  25050.298    50.134293   0.170060   0.984561    -652.708 0   0.381784   0.315583   0.130657   0.076092   0.050913   -20.9022   -22.6240   -23.3066   -23.6945   -23.9841     1.7218     2.4044     0.3879
202.725936  -1.700086  19.2581  18.1023  17.4806  17.1032  16.8813    0.08760000   0.00008746  26274.351    26.219848   0.173652   1.005360     571.344 0   0.216048   0.251541   0.132516   0.015205  -0.081864   -18.8468   -20.0381   -20.5408   -20.8008   -20.9257     1.1913     1.6940     0.2601
202.841970  -1.990014  19.1129  17.3751  16.4946  16.0750  15.7528    0.08780000   0.00013867  26318.990    41.572220   0.178030   1.030708     615.984 0   0.382494   0.312337   0.126654   0.076716   0.053942   -19.1846   -20.8522   -21.5470   -21.9167   -22.2161     1.6676     2.3625     0.3697
202.650063  -1.693339  19.2160  17.2549  16.3523  15.9442  15.6121    0.08380000   0.00017368  25132.411    52.067954   0.188542   1.091563    -570.595 0   0.341777   0.262744   0.094599   0.064537   0.060802   -18.9180   -20.8000   -21.5345   -21.9125   -22.2409     1.8821     2.6165     0.3780
202.788638  -1.701651  21.6739  19.8708  19.0398  18.7197  18.4619    0.08120000   0.00013194  24349.953    39.554617   0.189219   1.095482   -1353.053 0   0.110856   0.086849   0.036625   0.021554   0.024022   -16.1576   -17.9367   -18.7175   -19.0225   -19.2828     1.7791     2.5599     0.3050
202.576828  -2.012950  19.3240  17.4489  16.5117  16.0962  15.7865    0.08630000   0.00015693  25874.907    47.046430   0.191842   1.110671     171.901 0   0.380059   0.294717   0.107434   0.074648   0.063651   -18.9335   -20.7232   -21.4732   -21.8559   -22.1546     1.7898     2.5397     0.3827
202.882934  -1.957538  20.2569  18.5461  17.6901  17.2570  16.9338    0.08260000   0.00015821  24765.405    47.430165   0.194383   1.125381    -937.601 0   0.388789   0.325793   0.136317   0.077249   0.049258   -17.8926   -19.5405   -20.2070   -20.5810   -20.8762     1.6478     2.3143     0.3740
202.707511  -1.677536  19.3175  17.5602  16.7171  16.3175  16.0027    0.07990000   0.00014972  23958.004    44.884927   0.195265   1.130486   -1745.002 1   0.253263   0.193097   0.074978   0.041862   0.046895   -18.6241   -20.3212   -21.0462   -21.4127   -21.7325     1.6971     2.4221     0.3665
202.906935  -1.873343  18.4379  16.4835  15.5426  15.1135  14.7904    0.08780000   0.00019464  26308.077    58.351604   0.198929   1.151701     605.071 0   0.413633   0.322459   0.118063   0.083332   0.066125   -19.8907   -21.7539   -22.4904   -22.8848   -23.1907     1.8632     2.5997     0.3944
202.743108  -1.673688  20.3070  18.4945  17.5999  17.1964  16.9118    0.08760000   0.00014556  26261.579    43.637790   0.202197   1.170623     558.573 0   0.322270   0.250279   0.095619   0.059649   0.055333   -17.9041   -19.6446   -20.3846   -20.7521   -21.0324     1.7405     2.4804     0.3675
202.847617  -1.726000  19.5451  17.8291  16.9911  16.5935  16.3102    0.07530000   0.00015391  22585.524    46.141057   0.202609   1.173005   -3117.482 1   0.285191   0.219488   0.090239   0.048517   0.046783   -18.2992   -19.9494   -20.6582   -21.0141   -21.2956     1.6503     2.3590     0.3559
202.842346  -1.720459  19.0912  17.4426  16.6618  16.2776  15.9764    0.08290000   0.00013866  24852.915    41.569222   0.203136   1.176058    -850.091 0   0.160962   0.120921   0.051947   0.026601   0.031838   -18.8384   -20.4470   -21.1588   -21.5177   -21.8241     1.6086     2.3204     0.3589
202.775142  -1.679772  20.4725  18.9417  18.0766  17.7131  17.0908    0.08390000   0.00017202  25147.671    51.570299   0.204393   1.183332    -555.336 0   0.389587   0.314460   0.124033   0.078666   0.057695   -17.7119   -19.1676   -19.8422   -20.1604   -20.7617     1.4557     2.1303     0.3181
202.791126  -1.685594  18.3228  16.3761  15.4387  15.0233  14.6795    0.08150000   0.00017316  24443.128    51.912062   0.204854   1.186006   -1259.878 0   0.382534   0.296560   0.107980   0.075249   0.063943   -19.7913   -21.6520   -22.4008   -22.7835   -23.1160     1.8607     2.6095     0.3827
202.830309  -1.705088  20.6083  18.3903  17.5446  17.1389  16.8961    0.08130000   0.00014703  24359.216    44.078485   0.207595   1.201870   -1343.790 0   0.233963   0.179998   0.068035   0.038568   0.045447   -17.3730   -19.5371   -20.2708   -20.6470   -20.8967     2.1640     2.8978     0.3762
202.866068  -1.730332  20.3026  18.2385  17.2313  16.9337  16.6719    0.08420000   0.00017291  25255.746    51.837114   0.212809   1.232057    -447.260 0   0.338380   0.260240   0.093977   0.063689   0.060297   -17.8595   -19.8455   -20.6864   -20.9537   -21.2121     1.9860     2.8269     0.2673
202.913653  -1.806782  19.1759  18.1560  17.7428  17.4986  17.3595    0.07490000   0.00007939  22444.472    23.800523   0.215980   1.250416   -3258.534 1   0.114092   0.025328   0.053268  -0.006846  -0.042726   -18.4826   -19.4137   -19.8549   -20.0390   -20.1422     0.9311     1.3723     0.1841
202.712542  -2.093412  20.1937  18.1459  17.2199  16.8223  16.4567    0.08390000   0.00016785  25144.163    50.320164   0.220661   1.277518    -558.843 0   0.355132   0.273880   0.099160   0.068058   0.061820   -17.9562   -19.9228   -20.6741   -21.0405   -21.3999     1.9665     2.7178     0.3665
202.929230  -1.888576  20.1998  18.4926  17.6860  17.3561  17.0736    0.08980000   0.00013489  26924.960    40.439005   0.221773   1.283957    1221.954 0   0.106667   0.082494   0.035248   0.020701   0.022915   -17.8498   -19.5328   -20.2921   -20.6075   -20.8922     1.6830     2.4424     0.3154
202.908154  -1.771779  19.5094  17.9483  17.1167  16.6985  16.4690    0.08550000   0.00013566  25646.076    40.669845   0.224197   1.297987     -56.931 0   0.373690   0.356441   0.157980   0.069738   0.022201   -18.7214   -20.2653   -20.8984   -21.2284   -21.4103     1.5439     2.1770     0.3300
202.922710  -1.942970  19.7467  18.1504  17.2651  16.8977  16.6717    0.08650000   0.00014432  25938.403    43.266048   0.225872   1.307685     235.397 0   0.315004   0.249378   0.105338   0.057315   0.045757   -18.4481   -19.9788   -20.7200   -21.0394   -21.2539     1.5307     2.2719     0.3194
202.901339  -2.009033  20.0623  17.8857  17.0071  16.6244  16.3716    0.08680000   0.00014987  26007.415    44.929896   0.236512   1.369290     304.409 0   0.286086   0.219672   0.083505   0.050071   0.051802   -18.1138   -20.2240   -20.9664   -21.3157   -21.5702     2.1102     2.8526     0.3493
202.702575  -1.629714  19.6540  17.7688  16.9437  16.5748  16.2810    0.08260000   0.00014192  24752.844    42.546546   0.243145   1.407687    -950.162 0   0.157653   0.124928   0.049572   0.028080   0.033351   -18.2644   -20.1169   -20.8666   -21.2140   -21.5131     1.8525     2.6022     0.3474
202.866358  -1.685471  20.2659  18.1513  17.2757  16.8705  16.5525    0.08430000   0.00015339  25280.029    45.985165   0.245304   1.420190    -422.977 0   0.273295   0.210251   0.075844   0.047630   0.052416   -17.8126   -19.8641   -20.6053   -20.9823   -21.3051     2.0516     2.7927     0.3770
202.769929  -1.634247  19.8796  17.9713  17.1049  16.6968  16.4160    0.08220000   0.00015109  24643.899    45.295642   0.246477   1.426982   -1059.107 0   0.254530   0.195783   0.072448   0.043078   0.048972   -18.1223   -19.9719   -20.7149   -21.0937   -21.3804     1.8496     2.5926     0.3787
202.687744  -1.626080  20.1982  18.5464  17.6469  17.2677  16.9372    0.08850000   0.00015048  26544.853    45.112769   0.247541   1.433140     841.847 0   0.354911   0.285553   0.116109   0.069281   0.052089   -18.0652   -19.6477   -20.3777   -20.7101   -21.0234     1.5824     2.3125     0.3324
202.721329  -1.625130  20.1690  18.3046  17.4182  17.0088  16.7236    0.08290000   0.00016479  24855.613    49.402799   0.248034   1.435992    -847.393 0   0.303762   0.233747   0.087122   0.054739   0.054841   -17.9034   -19.6978   -20.4376   -20.8146   -21.0999     1.7944     2.5342     0.3770
202.505923  -2.021343  19.4686  18.1243  17.3545  16.9588  16.7081    0.08590000   0.00014616  25740.840    43.817666   0.250632   1.451035      37.834 0   0.320229   0.333885   0.154719   0.055054  -0.010530   -18.7189   -20.0769   -20.6675   -20.9636   -21.1487     1.3580     1.9486     0.2960
202.793491  -1.633881  19.4785  17.5845  16.6892  16.2804  15.9686    0.08540000   0.00016283  25600.057    48.815206   0.253773   1.469217    -102.949 0   0.307898   0.236258   0.085162   0.055949   0.056890   -18.6840   -20.5063   -21.2505   -21.6301   -21.9429     1.8224     2.5666     0.3796
202.922657  -1.722109  20.3953  18.3605  17.4547  17.0343  16.6944    0.08500000   0.00018350  25493.691    55.011916   0.262257   1.518341    -209.315 0   0.372459   0.288622   0.105265   0.072695   0.062963   -17.8215   -19.7725   -20.4949   -20.8827   -21.2129     1.9510     2.6734     0.3878
202.889397  -1.679887  20.1748  18.1930  17.3322  16.9403  16.7194    0.08650000   0.00014540  25938.043    43.589823   0.264804   1.533087     235.037 0   0.270906   0.206900   0.081678   0.045634   0.048128   -17.9759   -19.8937   -20.6293   -20.9851   -21.2085     1.9178     2.6534     0.3559
202.466655  -1.986360  19.4757  17.5016  16.5326  16.0717  15.7131    0.08190000   0.00015700  24547.336    47.067416   0.266520   1.543018   -1155.670 0   0.519918   0.416237   0.155916   0.105116   0.073179   -18.8076   -20.6780   -21.3867   -21.7968   -22.1235     1.8704     2.5791     0.4101
202.967280  -1.935211  19.0642  17.1669  16.2077  15.7865  15.4456    0.09010000   0.00018549  27020.354    55.608503   0.266648   1.543759    1317.348 0   0.455203   0.358512   0.132832   0.093383   0.068650   -19.3623   -21.1629   -21.8964   -22.2782   -22.5944     1.8006     2.5341     0.3818
202.542621  -2.083176  19.7793  17.9626  17.0576  16.6422  16.3224    0.08630000   0.00017662  25868.552    52.949344   0.267481   1.548582     165.545 0   0.358695   0.281535   0.106908   0.069850   0.058908   -18.4568   -20.1964   -20.9267   -21.3051   -21.6139     1.7395     2.4699     0.3783
202.559865  -2.098552  20.3858  18.2983  17.3704  16.9218  16.6042    0.08490000   0.00017085  25448.422    51.219541   0.269917   1.562685    -254.584 0   0.412959   0.321907   0.117854   0.083160   0.066075   -17.8478   -19.8442   -20.5681   -20.9820   -21.2825     1.9964     2.7203     0.4139
202.578614  -2.109824  19.5193  17.7113  16.8078  16.4054  16.0685    0.08720000   0.00014655  26135.637    43.934585   0.269958   1.562922     432.630 0   0.348875   0.271135   0.100842   0.066820   0.059572   -18.7296   -20.4599   -21.1931   -21.5615   -21.8911     1.7303     2.4635     0.3684
202.956421  -1.981027  19.2558  17.4730  16.6076  16.2137  15.8914    0.08840000   0.00015844  26500.094    47.499117   0.270943   1.568623     797.088 0   0.294529   0.226769   0.087578   0.051989   0.051899   -18.9474   -20.6624   -21.3886   -21.7469   -22.0691     1.7150     2.4412     0.3583
202.621789  -2.130433  20.2965  18.5659  17.6606  17.2549  16.9608    0.09050000   0.00014687  27136.104    44.030518   0.271628   1.572591    1433.098 1   0.368580   0.291897   0.112467   0.072826   0.058468   -18.0530   -19.7069   -20.4328   -20.7989   -21.0786     1.6539     2.3798     0.3661
202.970319  -1.944957  19.7398  17.7498  16.7925  16.3499  16.0426    0.09000000   0.00016669  26988.966    49.972405   0.272023   1.574880    1285.960 0   0.452188   0.356160   0.132005   0.092746   0.068373   -18.6813   -20.5752   -21.3084   -21.7117   -21.9947     1.8940     2.6271     0.4033
202.874859  -1.656455  18.0994  16.1216  15.1577  14.7088  14.3622    0.08470000   0.00020963  25388.944    62.845493   0.273223   1.581823    -314.063 0   0.492509   0.391831   0.146460   0.100898   0.071025   -20.2086   -22.0857   -22.8042   -23.2076   -23.5243     1.8771     2.5957     0.4033
202.443793  -1.944262  19.8493  18.0921  17.1888  16.7594  16.4434    0.08990000   0.00016037  26947.355    48.077716   0.273468   1.583247    1244.349 0   0.419544   0.349279   0.141103   0.085331   0.056583   -18.5130   -20.1999   -20.8951   -21.2687   -21.5559     1.6869     2.3821     0.3736
202.614087  -2.130371  19.8402  18.2184  17.3808  17.0307  16.7059    0.08540000   0.00013171  25595.950    39.485665   0.274106   1.586940    -107.056 0   0.126444   0.108283   0.040658   0.025972   0.029367   -18.1408   -19.7445   -20.5144   -20.8499   -21.1780     1.6036     2.3736     0.3354
202.561111  -2.106348  20.0198  18.2198  17.3177  16.9302  16.6109    0.08730000   0.00013819  26161.449    41.428320   0.275806   1.596780     458.443 0   0.327109   0.255360   0.098932   0.061076   0.054774   -18.2098   -19.9381   -20.6838   -21.0334   -21.3464     1.7283     2.4739     0.3496
202.442976  -1.951287  19.0541  17.0520  16.1096  15.6940  15.3878    0.08630000   0.00014335  25882.372    42.975249   0.276170   1.598887     179.366 0   0.379039   0.294206   0.107511   0.074454   0.063398   -19.2024   -21.1196   -21.8753   -22.2579   -22.5530     1.9173     2.6730     0.3825
202.569354  -2.113469  19.8830  17.9895  17.1270  16.7437  16.4470    0.08640000   0.00015927  25916.069    47.747945   0.277661   1.607522     213.062 0   0.270491   0.206704   0.080471   0.045775   0.048821   -18.2674   -20.0972   -20.8334   -21.1820   -21.4818     1.8297     2.5660     0.3486
202.984609  -1.836444  18.5711  16.8412  16.0074  15.6142  15.3419    0.07550000   0.00015207  22638.498    45.589439   0.278941   1.614929   -3064.508 1   0.255594   0.192789   0.080750   0.040575   0.043061   -19.2493   -20.9164   -21.6382   -21.9912   -22.2660     1.6671     2.3889     0.3530
202.689452  -2.152226  19.3948  17.5233  16.5609  16.1124  15.7393    0.09010000   0.00016262  26996.371    48.752250   0.280034   1.621258    1293.365 0   0.494378   0.401527   0.153016   0.100791   0.069450   -19.0709   -20.8495   -21.5634   -21.9597   -22.3015     1.7786     2.4925     0.3963
202.902424  -1.668994  19.7779  17.9709  17.1142  16.7135  16.4462    0.08200000   0.00015207  24595.543    45.589439   0.281666   1.630708   -1107.463 0   0.290690   0.223836   0.088483   0.050665   0.050075   -18.2577   -19.9978   -20.7192   -21.0820   -21.3487     1.7401     2.4615     0.3629
202.433701  -1.938012  19.3424  17.5358  16.6167  16.1984  15.9229    0.09000000   0.00014940  26968.100    44.788993   0.281704   1.630928    1265.094 0   0.380865   0.301117   0.114571   0.075939   0.060483   -19.0073   -20.7342   -21.4668   -21.8464   -22.1065     1.7269     2.4594     0.3797
202.545566  -2.103784  18.1921  16.4085  15.4363  15.0232  14.6928    0.08630000   0.00017327  25865.913    51.945039   0.282272   1.634217     162.907 0   0.476916   0.388959   0.149508   0.097713   0.067128   -20.1622   -21.8579   -22.5906   -22.9519   -23.2518     1.6956     2.4284     0.3613
202.543025  -2.105012  18.0811  16.3482  15.4190  14.9881  14.6759    0.08660000   0.00018321  25955.491    54.924976   0.284741   1.648508     252.485 0   0.467555   0.407939   0.164600   0.093014   0.058704   -20.2503   -21.9236   -22.6094   -22.9687   -23.2466     1.6733     2.3591     0.3593
202.710120  -1.583742  18.1350  16.1901  15.2553  14.8163  14.4840    0.08740000   0.00017360  26211.214    52.043971   0.289066   1.673551     508.208 0   0.434379   0.342810   0.127698   0.088921   0.066495   -20.1832   -22.0366   -22.7563   -23.1565   -23.4664     1.8533     2.5730     0.4002
202.501665  -2.077059  20.1510  18.3301  17.3939  16.9238  16.5690    0.08680000   0.00016523  26031.519    49.534708   0.290188   1.680045     328.513 0   0.498891   0.431025   0.169906   0.098329   0.065097   -18.2379   -19.9909   -20.6660   -21.0645   -21.3861     1.7530     2.4281     0.3985
202.549564  -2.119327  19.3094  17.3888  16.4026  15.9683  15.6125    0.08800000   0.00020727  26384.704    62.137983   0.292949   1.696030     681.698 0   0.507853   0.402656   0.149761   0.103443   0.072728   -19.0946   -20.9100   -21.6433   -22.0313   -22.3564     1.8154     2.5487     0.3880
202.962060  -2.037304  19.6452  17.7745  16.8598  16.4584  16.1311    0.08770000   0.00015071  26287.242    45.181721   0.302638   1.752124     584.236 0   0.325431   0.250028   0.090244   0.060399   0.058872   -18.5927   -20.3880   -21.1429   -21.5145   -21.8403     1.7953     2.5502     0.3716
202.422911  -1.977385  19.9873  18.2447  17.4473  17.0767  16.7616    0.08650000   0.00012437  25919.426    37.285188   0.303430   1.756710     216.420 0   0.101517   0.087745   0.033769   0.022252   0.024089   -17.9940   -19.7229   -20.4663   -20.8254   -21.1423     1.7288     2.4723     0.3591
202.976884  -1.728463  18.9871  17.2681  16.4030  16.0260  15.7117    0.08710000   0.00014738  26106.917    44.183412   0.305136   1.766588     403.910 0   0.314313   0.246209   0.099743   0.057269   0.050117   -19.2036   -20.8545   -21.5731   -21.9076   -22.2148     1.6509     2.3695     0.3345
202.972463  -2.030670  20.0578  18.4492  17.5583  17.1758  16.8446    0.08790000   0.00016056  26348.999    48.134677   0.307964   1.782958     645.993 0   0.363630   0.294339   0.119887   0.071653   0.052349   -18.2021   -19.7414   -20.4579   -20.7921   -21.1040     1.5393     2.2558     0.3343
202.473984  -2.073540  20.3841  18.4856  17.5831  17.1861  16.8563    0.08310000   0.00013782  24918.329    41.317397   0.308147   1.784021    -784.677 0   0.318603   0.244580   0.088144   0.058647   0.058168   -17.7057   -19.5301   -20.2762   -20.6437   -20.9730     1.8245     2.5705     0.3675
202.962137  -1.687093  19.2218  17.2207  16.3114  15.8794  15.5503    0.08270000   0.00017810  24804.078    53.393037   0.314729   1.822125    -898.928 0   0.356069   0.274935   0.099871   0.068356   0.061719   -18.8949   -20.8149   -21.5491   -21.9496   -22.2720     1.9200     2.6542     0.4005
202.437145  -1.711072  18.0478  16.8579  16.2708  15.8963  15.6879    0.08880000   0.00007470  26626.067    22.394497   0.315255   1.825171     923.061 0   0.205939   0.195802   0.115689   0.004988  -0.088798   -20.0766   -21.2564   -21.7634   -22.0272   -22.1418     1.1798     1.6867     0.2638
203.029026  -1.886189  20.3326  18.4868  17.5686  17.1410  16.8625    0.08410000   0.00014030  25221.629    42.060882   0.321233   1.859783    -481.377 0   0.363766   0.282886   0.104463   0.070697   0.061373   -17.8496   -19.6145   -20.3543   -20.7481   -21.0173     1.7649     2.5047     0.3938
202.852257  -1.585585  19.0926  17.8203  17.1050  16.7259  16.4420    0.08150000   0.00016886  24419.295    50.622954   0.321417   1.860846   -1283.711 0   0.273048   0.261217   0.132227   0.037194  -0.031820   -18.9120   -20.1725   -20.7588   -21.0428   -21.2577     1.2605     1.8468     0.2841
202.961773  -1.664644  18.3775  16.7447  15.9592  15.5805  15.2896    0.08470000   0.00015736  25378.271    47.175341   0.328194   1.900081    -324.735 0   0.186610   0.137836   0.059457   0.028637   0.034829   -19.6246   -21.2086   -21.9157   -22.2636   -22.5607     1.5840     2.2911     0.3479
203.038599  -1.883794  19.8636  18.4106  17.6592  17.2995  17.0537    0.08260000   0.00015804  24775.089    47.379200   0.330705   1.914618    -927.918 0   0.267188   0.211219   0.108093   0.038089   0.008258   -18.1643   -19.5614   -20.2097   -20.4993   -20.7153     1.3970     2.0453     0.2897
203.039420  -1.913904  20.0297  18.0578  17.1772  16.6763  16.3527    0.08920000   0.00015856  26753.839    47.535092   0.333883   1.933016    1050.833 0   0.477928   0.404965   0.160244   0.096178   0.063362   -18.3977   -20.2966   -20.9325   -21.3693   -21.6601     1.8989     2.5348     0.4368
203.017067  -2.006657  20.2335  18.3914  17.5148  17.1116  16.8064    0.08410000   0.00014572  25218.632    43.685757   0.336749   1.949612    -484.375 0   0.307102   0.237281   0.090657   0.055504   0.053824   -17.8920   -19.6643   -20.3943   -20.7623   -21.0658     1.7723     2.5023     0.3680
202.975612  -2.077832  19.5476  17.7502  16.8126  16.3867  16.0488    0.08670000   0.00015153  25999.141    45.427551   0.337092   1.951598     296.135 0   0.455624   0.381639   0.151664   0.092686   0.061288   -18.7744   -20.4978   -21.2054   -21.5723   -21.8788     1.7234     2.4310     0.3669
203.045625  -1.889829  20.0561  18.3761  17.4332  16.9435  16.5757    0.08430000   0.00013952  25270.675    41.827044   0.337974   1.956703    -432.331 0   0.521087   0.454339   0.177143   0.100793   0.068303   -18.2701   -19.8834   -20.5491   -20.9625   -21.2978     1.6133     2.2790     0.4133
203.038071  -1.988379  19.5292  17.5933  16.6429  16.1990  15.8293    0.09060000   0.00014045  27166.233    42.105851   0.349650   2.024301    1463.227 1   0.483478   0.389935   0.148008   0.099189   0.068914   -18.9165   -20.7589   -21.4673   -21.8624   -22.2018     1.8424     2.5508     0.3951
203.059207  -1.885866  18.9945  17.1742  16.2741  15.8764  15.6190    0.08280000   0.00016401  24824.075    49.168961   0.351362   2.034213    -878.932 0   0.330273   0.256444   0.096735   0.061857   0.056913   -19.1230   -20.8695   -21.6098   -21.9727   -22.2251     1.7465     2.4869     0.3628
202.578076  -1.545270  19.6239  17.6833  16.7755  16.3891  16.0907    0.08330000   0.00014745  24972.862    44.204398   0.352296   2.039618    -730.145 0   0.298216   0.229035   0.083662   0.053494   0.055118   -18.4746   -20.3461   -21.1085   -21.4647   -21.7647     1.8714     2.6338     0.3562
203.044898  -1.984769  19.9316  18.1249  17.3722  17.0358  16.9073    0.08470000   0.00015255  25379.230    45.733339   0.354941   2.054933    -323.776 0   0.107729   0.072312   0.035683   0.018043   0.019399   -17.9916   -19.7629   -20.4790   -20.7977   -20.9276     1.7713     2.4874     0.3188
203.064074  -1.842417  20.1877  18.5418  17.6536  17.1965  16.8795    0.08240000   0.00013980  24701.400    41.910986   0.357278   2.068461   -1001.607 0   0.453586   0.405240   0.166219   0.089290   0.053511   -18.0214   -19.6189   -20.2681   -20.6483   -20.9295     1.5976     2.2467     0.3802
203.065530  -1.885314  18.4013  16.4288  15.5033  15.0860  14.7915    0.08650000   0.00016006  25928.360    47.984781   0.357658   2.070661     225.354 0   0.364391   0.281968   0.102755   0.070570   0.062310   -19.8429   -21.7330   -22.4793   -22.8644   -23.1506     1.8901     2.6364     0.3851
203.056990  -1.779591  19.9903  18.3042  17.5206  17.1791  16.9192    0.07560000   0.00014040  22667.518    42.090861   0.361140   2.090820   -3035.489 1   0.111676   0.083261   0.036984   0.020597   0.023003   -17.6891   -19.3468   -20.0841   -20.4092   -20.6715     1.6577     2.3950     0.3251
202.344128  -1.878354  19.5274  17.5818  16.6356  16.2219  15.9018    0.08910000   0.00017053  26719.183    51.123608   0.363621   2.105183    1016.177 0   0.380610   0.294831   0.107202   0.074715   0.063870   -18.8002   -20.6600   -21.4186   -21.7998   -22.1091     1.8598     2.6184     0.3812
202.813372  -1.523619  19.7700  18.0081  17.0951  16.7031  16.3951    0.08160000   0.00013912  24455.600    41.707127   0.364746   2.111701   -1247.406 0   0.349775   0.275674   0.106838   0.067621   0.056556   -18.3140   -20.0018   -20.7459   -21.0987   -21.3957     1.6878     2.4320     0.3528
203.043702  -1.724614  18.9033  17.7206  17.2521  16.9381  16.7622    0.08990000   0.00009376  26961.055    28.108541   0.366881   2.124058    1258.049 0   0.167826   0.070650   0.076994  -0.018324  -0.086191   -19.2073   -20.2928   -20.7676   -20.9863   -21.0944     1.0855     1.5604     0.2187
203.078044  -1.905386  19.0695  17.6348  16.8938  16.3993  16.2180    0.08210000   0.00101605  24623.094   304.604127   0.371378   2.150096   -1079.912 0   0.345402   0.344232   0.156391   0.061814   0.005613   -19.0234   -20.4570   -21.0101   -21.4100   -21.5351     1.4335     1.9867     0.3999
202.430954  -2.124945  19.5658  17.7553  16.8280  16.3690  16.0060    0.08630000   0.00016246  25860.937    48.704283   0.374425   2.167738     157.931 0   0.494333   0.422325   0.166280   0.098375   0.065157   -18.8060   -20.5445   -21.2157   -21.6068   -21.9366     1.7385     2.4097     0.3911
203.029395  -1.678290  20.1297  18.3917  17.5727  17.1935  16.8746    0.07560000   0.00015171  22657.205    45.481514   0.375610   2.174595   -3045.801 1   0.130054   0.107233   0.041972   0.025506   0.029135   -17.5681   -19.2833   -20.0370   -20.3997   -20.7223     1.7152     2.4689     0.3627
202.831494  -1.515915  20.3821  18.4664  17.6377  17.2428  16.9508    0.08490000   0.00012847  25438.529    38.514337   0.377659   2.186459    -264.477 0   0.197641   0.153499   0.059363   0.032738   0.039766   -17.6362   -19.5077   -20.2423   -20.6106   -20.9096     1.8716     2.6061     0.3683
202.444545  -1.601955  19.2697  17.7751  17.0188  16.5930  16.3381    0.08310000   0.00015546  24907.447    46.605736   0.377676   2.186555    -795.559 0   0.314307   0.272631   0.130384   0.051478   0.011314   -18.8158   -20.2687   -20.8827   -21.2296   -21.4444     1.4529     2.0670     0.3469
202.563660  -1.518799  19.2639  17.5137  16.6319  16.2290  15.9351    0.09070000   0.00016531  27205.716    49.558691   0.382230   2.212921    1502.710 1   0.328176   0.257010   0.100667   0.061422   0.054022   -19.0289   -20.7079   -21.4334   -21.7970   -22.0835     1.6790     2.4045     0.3637
202.811204  -1.504553  18.9910  17.2689  16.3736  15.9583  15.6859    0.08440000   0.00016096  25291.061    48.254594   0.382447   2.214181    -411.945 0   0.362616   0.291636   0.117253   0.071459   0.053822   -19.1794   -20.8305   -21.5514   -21.9209   -22.1757     1.6511     2.3720     0.3695
202.700010  -1.489613  20.0277  18.1575  17.3254  16.9371  16.7171    0.08620000   0.00014109  25833.836    42.297718   0.383268   2.218932     130.829 0   0.258232   0.194849   0.082699   0.040817   0.042345   -18.0843   -19.8911   -20.6110   -20.9574   -21.1790     1.8068     2.5268     0.3464
202.405760  -2.110164  20.1046  18.2055  17.3008  16.8607  16.5451    0.08730000   0.00016259  26180.636    48.743256   0.384100   2.223751     477.629 0   0.442661   0.368491   0.146645   0.090375   0.060244   -18.2406   -20.0655   -20.7484   -21.1322   -21.4177     1.8249     2.5078     0.3838
203.064819  -1.720029  19.1266  17.3220  16.4741  16.1086  15.8255    0.08940000   0.00014300  26796.199    42.870321   0.388065   2.246702    1093.193 0   0.256675   0.194031   0.080242   0.041175   0.043974   -19.0607   -20.8026   -21.5367   -21.8632   -22.1491     1.7420     2.4761     0.3264
202.320019  -1.846792  17.9941  16.6589  15.9896  15.5957  15.3780    0.08810000   0.00013592  26412.285    40.747791   0.388545   2.249485     709.279 0   0.249511   0.208741   0.114091   0.028166  -0.029550   -20.1778   -21.4722   -22.0469   -22.3549   -22.5149     1.2944     1.8691     0.3080
203.097152  -1.859491  19.4452  17.5895  16.7065  16.3143  16.0471    0.08130000   0.00015068  24381.971    45.172728   0.389272   2.253690   -1321.035 0   0.292386   0.225049   0.087561   0.051323   0.051239   -18.5946   -20.3829   -21.1284   -21.4844   -21.7515     1.7884     2.5339     0.3560
203.081169  -1.747929  18.8754  17.9295  17.5495  17.2939  17.1350    0.07540000   0.00008154  22614.664    24.445077   0.393412   2.277663   -3088.342 1   0.127969   0.026263   0.063757  -0.017039  -0.040129   -18.8115   -19.6557   -20.0732   -20.2480   -20.3838     0.8442     1.2617     0.1748
203.094156  -1.795617  18.8484  16.9491  16.0434  15.6466  15.3809    0.08420000   0.00014938  25227.835    44.782997   0.393690   2.279269    -475.171 0   0.304079   0.233658   0.085663   0.054928   0.055671   -19.2794   -21.1083   -21.8660   -22.2321   -22.4985     1.8289     2.5866     0.3661
203.079632  -1.732588  19.0498  17.8086  17.1616  16.7974  16.5760    0.08980000   0.00013973  26907.183    41.890000   0.397110   2.299072    1204.176 0   0.228191   0.216323   0.120416   0.017355  -0.068015   -19.1213   -20.3506   -20.9017   -21.1628   -21.2989     1.2293     1.7804     0.2611
202.518473  -2.225023  19.3685  17.4643  16.5612  16.1607  15.8450    0.08290000   0.00017180  24852.915    51.504344   0.399881   2.315116    -850.091 0   0.306471   0.235088   0.084405   0.055608   0.056881   -18.7066   -20.5394   -21.2919   -21.6636   -21.9805     1.8328     2.5852     0.3717
202.460591  -2.187206  19.1953  17.4202  16.4918  16.0719  15.7585    0.08950000   0.00014857  26821.892    44.540165   0.399934   2.315422    1118.885 0   0.445076   0.369807   0.146701   0.090964   0.060858   -19.2065   -20.9064   -21.6117   -21.9758   -22.2591     1.6998     2.4051     0.3642
203.108282  -1.894507  19.7293  17.8057  16.8572  16.4012  16.0973    0.07990000   0.00020070  23942.985    60.168346   0.400756   2.320181   -1760.022 1   0.498971   0.424362   0.166338   0.099270   0.066232   -18.4580   -20.3070   -20.9975   -21.3864   -21.6573     1.8490     2.5395     0.3889
203.106802  -1.781682  20.0597  18.3285  17.4386  17.0259  16.7608    0.08060000   0.00015643  24173.465    46.896534   0.408968   2.367724   -1529.541 1   0.333442   0.261007   0.101150   0.062905   0.055290   -17.9811   -19.6398   -20.3699   -20.7443   -21.0018     1.6588     2.3888     0.3745
202.429776  -2.188137  19.2386  17.4876  16.5756  16.1747  15.8444    0.08710000   0.00016048  26120.047    48.110694   0.420367   2.433716     417.041 0   0.386205   0.308833   0.119927   0.077688   0.059032   -19.0240   -20.6976   -21.4207   -21.7794   -22.0910     1.6736     2.3967     0.3587
203.090156  -1.696924  18.3307  17.0081  16.3753  15.9729  15.7417    0.07580000   0.00008591  22731.613    25.755170   0.420590   2.435007   -2971.393 1   0.237138   0.204327   0.114699   0.022319  -0.048621   -19.5011   -20.7909   -21.3341   -21.6441   -21.8044     1.2898     1.8330     0.3100
202.558658  -2.266985  19.9652  18.0638  17.1633  16.7486  16.4401    0.08420000   0.00013286  25247.262    39.830426   0.421463   2.440061    -455.744 0   0.331901   0.256305   0.094425   0.062151   0.058523   -18.1905   -20.0163   -20.7549   -21.1373   -21.4422     1.8258     2.5644     0.3824
203.111219  -1.721293  19.5578  17.7313  16.8734  16.4982  16.2228    0.08690000   0.00013673  26052.624    40.990623   0.430635   2.493163     349.618 0   0.265031   0.201560   0.081655   0.043637   0.046037   -18.5998   -20.3628   -21.1008   -21.4380   -21.7158     1.7630     2.5010     0.3372
202.463841  -1.516785  19.9563  18.4919  17.6204  17.2142  16.8994    0.08670000   0.00017068  25989.458    51.168577   0.431565   2.498546     286.452 0   0.407656   0.372169   0.159406   0.078996   0.039142   -18.3177   -19.7466   -20.4053   -20.7311   -21.0061     1.4289     2.0877     0.3258
202.432546  -2.214309  19.3661  17.9201  17.2454  16.8816  16.6798    0.09070000   0.00017329  27187.429    51.951035   0.438596   2.539256    1484.422 1   0.208732   0.139000   0.080928   0.019053   0.002415   -18.8073   -20.1835   -20.8001   -21.1021   -21.2872     1.3763     1.9929     0.3019
202.399964  -1.536100  19.9846  18.0593  17.1975  16.8820  16.5745    0.09100000   0.00013394  27291.606    40.154202   0.456170   2.640997    1588.600 1   0.112560   0.097350   0.036955   0.024043   0.026561   -18.1209   -20.0310   -20.8324   -21.1350   -21.4450     1.9101     2.7115     0.3026
202.400366  -1.534994  19.4792  17.9350  16.9574  16.3926  16.0645    0.09020000   0.00013851  27029.078    41.524253   0.456715   2.644156    1326.072 1   0.592943   0.709460   0.272916   0.133593   0.084601   -19.0663   -20.7270   -21.2681   -21.6936   -21.9727     1.6607     2.2018     0.4255
202.244553  -1.803473  19.4538  17.8345  16.9378  16.4347  16.0369    0.08190000   0.00015123  24548.415    45.337613   0.468260   2.710994   -1154.591 1   0.502695   0.438936   0.173129   0.098270   0.065017   -18.8123   -20.3678   -20.9987   -21.4270   -21.7915     1.5555     2.1864     0.4282
202.399395  -1.509446  19.4924  18.0315  17.2944  16.8986  16.6994    0.08200000   0.00015583  24596.922    46.716659   0.476550   2.758987   -1106.084 1   0.247446   0.183895   0.093624   0.031477   0.018763   -18.4999   -19.8973   -20.5441   -20.8777   -21.0642     1.3973     2.0442     0.3337
203.168505  -1.726058  18.8748  17.3135  16.3941  15.9113  15.5230    0.08990000   0.00015118  26947.385    45.322624   0.483181   2.797376    1244.379 0   0.508586   0.442734   0.173879   0.099231   0.066225   -19.5765   -21.0720   -21.7225   -22.1307   -22.4860     1.4954     2.1460     0.4082
202.415461  -1.478394  18.9885  17.2852  16.4624  16.0974  15.8332    0.08920000   0.00015366  26738.339    46.066109   0.490902   2.842082    1035.333 0   0.256426   0.192906   0.083452   0.039839   0.040750   -19.2174   -20.8571   -21.5705   -21.8919   -22.1570     1.6398     2.3531     0.3214
202.977249  -1.446619  17.5981  15.7756  14.9268  14.5311  14.2496    0.07530000   0.00018330  22586.094    54.951958   0.504085   2.918400   -3116.912 1   0.266802   0.203249   0.081323   0.044339   0.046945   -20.2278   -21.9867   -22.7136   -23.0723   -23.3564     1.7589     2.4858     0.3587
203.202185  -1.766589  19.6579  17.8508  16.9649  16.5703  16.2794    0.08430000   0.00017158  25278.710    51.438390   0.505309   2.925489    -424.296 0   0.314740   0.244195   0.094234   0.057505   0.053966   -18.4620   -20.1986   -20.9345   -21.2924   -21.5797     1.7366     2.4725     0.3579
203.148993  -2.121483  19.4558  18.1401  17.5061  17.1685  16.9819    0.08860000   0.00016433  26570.546    49.264895   0.506160   2.930417     867.539 0   0.130869   0.067486   0.049538   0.014865  -0.004037   -18.6098   -19.8621   -20.4782   -20.7811   -20.9488     1.2523     1.8684     0.3029
202.437165  -2.300721  20.0193  18.3698  17.5029  17.1156  16.8419    0.08560000   0.00014472  25667.601    43.385965   0.506296   2.931202     -35.405 0   0.334755   0.267371   0.110469   0.063520   0.049194   -18.1724   -19.7546   -20.4646   -20.8049   -21.0643     1.5821     2.2921     0.3404
202.334274  -2.218319  18.8211  16.8928  15.9969  15.5617  15.2099    0.08620000   0.00017083  25830.988    51.213546   0.508754   2.945434     127.981 0   0.370312   0.286984   0.104763   0.072159   0.062716   -19.4029   -21.2479   -21.9616   -22.3642   -22.7065     1.8450     2.5587     0.4026
203.143795  -1.608934  20.1231  18.3390  17.5062  17.1185  16.8653    0.08680000   0.00013992  26032.838    41.946961   0.509340   2.948824     329.832 0   0.267594   0.203576   0.084316   0.043770   0.044829   -18.0345   -19.7546   -20.4681   -20.8153   -21.0695     1.7201     2.4336     0.3472
202.831540  -1.377788  19.2669  17.7924  17.0298  16.6010  16.3422    0.09180000   0.00014492  27519.029    43.445923   0.510204   2.953826    1816.023 1   0.325982   0.289517   0.136290   0.054759   0.012144   -19.0711   -20.5091   -21.1185   -21.4658   -21.6820     1.4380     2.0474     0.3473
203.221456  -1.811673  18.7741  16.9617  16.1310  15.7209  15.4349    0.09060000   0.00014204  27158.229    42.582521   0.516908   2.992644    1455.223 1   0.238792   0.182634   0.070241   0.039137   0.045457   -19.4269   -21.1832   -21.9015   -22.2805   -22.5728     1.7562     2.4745     0.3790
202.291928  -2.190540  19.3394  17.8655  17.2598  16.9031  16.7322    0.08570000   0.00014048  25690.715    42.114844   0.523265   3.029447     -12.291 0   0.175451   0.097731   0.070741   0.010325  -0.025966   -18.6771   -20.0733   -20.6520   -20.9483   -21.0829     1.3962     1.9749     0.2963
203.047001  -2.292544  18.7662  17.3882  16.6379  16.2373  15.9957    0.09040000   0.00015210  27104.866    45.598433   0.539492   3.123391    1401.860 1   0.301949   0.269422   0.131622   0.046617  -0.002111   -19.4906   -20.8361   -21.4486   -21.7642   -21.9570     1.3455     1.9580     0.3156
202.154974  -1.899998  19.7808  18.0511  17.1779  16.7910  16.5154    0.08470000   0.00014170  25391.732    42.480591   0.553299   3.203329    -311.275 0   0.314599   0.245475   0.097533   0.057405   0.051796   -18.3493   -20.0099   -20.7351   -21.0819   -21.3519     1.6606     2.3858     0.3468
203.236788  -2.047198  20.4125  18.3668  17.3793  16.9161  16.5628    0.08760000   0.00015884  26248.898    47.619034   0.556631   3.222618     545.892 0   0.562500   0.459612   0.172497   0.108907   0.076788   -18.0388   -19.9817   -20.6820   -21.0816   -21.4028     1.9428     2.6432     0.3996
202.412553  -2.348364  18.7049  17.1776  16.4039  15.9723  15.7061    0.08430000   0.00016311  25260.872    48.899148   0.559731   3.240564    -442.134 0   0.326962   0.281284   0.131426   0.056187   0.020153   -19.4272   -20.9088   -21.5327   -21.8890   -22.1192     1.4816     2.1055     0.3564
202.309352  -2.270728  19.0881  17.9558  17.4153  17.0605  16.8810    0.09070000   0.00010105  27204.337    30.294028   0.563043   3.259741    1501.331 1   0.181554   0.171506   0.110791  -0.014878  -0.103484   -19.0581   -20.1803   -20.6601   -20.8892   -20.9801     1.1223     1.6020     0.2291
202.425719  -2.361361  20.2354  18.3794  17.5254  17.1107  16.8119    0.08630000   0.00013954  25880.633    41.833040   0.564122   3.265985     177.627 0   0.230278   0.179494   0.065466   0.038817   0.046106   -17.8723   -19.6775   -20.4175   -20.8055   -21.1116     1.8052     2.5452     0.3881
202.243232  -2.232706  20.5912  18.5661  17.6415  17.2549  16.9392    0.08700000   0.00014490  26079.156    43.439927   0.587553   3.401641     376.150 0   0.338713   0.260263   0.093642   0.063743   0.060519   -17.6399   -19.5865   -20.3445   -20.7012   -21.0137     1.9467     2.7046     0.3567
203.258614  -1.666082  19.2933  17.5344  16.7232  16.3268  16.0513    0.08150000   0.00014621  24442.829    43.832655   0.587958   3.403985   -1260.178 1   0.238676   0.178983   0.074158   0.037188   0.042123   -18.6769   -20.3761   -21.0825   -21.4419   -21.7224     1.6992     2.4056     0.3594
202.117688  -1.890818  18.8020  17.6038  17.0470  16.7086  16.6201    0.08770000   0.00017575  26299.863    52.688524   0.590172   3.416804     596.857 0   0.182204   0.106938   0.086172  -0.010751  -0.088171   -19.2927   -20.4156   -20.9517   -21.1931   -21.2042     1.1229     1.6590     0.2415
203.253542  -1.614530  20.8000  18.4215  17.4118  16.8157  16.4748    0.08390000   0.00016253  25146.591    48.725268   0.603416   3.493480    -556.415 0   0.741464   0.594258   0.208275   0.123850   0.099247   -17.7363   -19.9675   -20.5913   -21.1029   -21.4192     2.2313     2.8550     0.5117
202.314251  -2.330843  20.2096  18.6198  17.7473  17.3705  17.0780    0.08430000   0.00015396  25272.564    46.156047   0.603819   3.495812    -430.442 0   0.326678   0.260639   0.109359   0.061026   0.046982   -17.9222   -19.4460   -20.1672   -20.4957   -20.7741     1.5238     2.2450     0.3285
202.753214  -1.266292  19.5463  17.7477  16.9052  16.4145  16.1140    0.08680000   0.00015514  26007.625    46.509802   0.608196   3.521156     304.619 0   0.433816   0.390969   0.163241   0.085110   0.047902   -18.7775   -20.5333   -21.1481   -21.5606   -21.8239     1.7558     2.3705     0.4126
202.102178  -1.941837  18.4763  16.6337  15.7498  15.3536  15.0713    0.08440000   0.00015845  25292.950    47.502115   0.609323   3.527676    -410.056 0   0.304647   0.235025   0.089291   0.054876   0.053897   -19.6361   -21.4091   -22.1472   -22.5090   -22.7903     1.7730     2.5111     0.3618
202.100828  -1.947219  19.5412  17.6689  16.7579  16.3450  16.0448    0.08400000   0.00014588  25191.500    43.733724   0.611295   3.539093    -511.506 0   0.329051   0.252915   0.091350   0.061325   0.059246   -18.6064   -20.4026   -21.1520   -21.5349   -21.8330     1.7962     2.5456     0.3829
202.177659  -2.183129  19.9288  17.9926  17.0667  16.6661  16.2971    0.08750000   0.00015179  26236.727    45.505497   0.614133   3.555524     533.721 0   0.358143   0.276714   0.100636   0.068911   0.061850   -18.3131   -20.1678   -20.9177   -21.2865   -21.6485     1.8548     2.6046     0.3689
