182.261208  41.265435  19.8113  17.7291  16.6756  16.3965  15.9246    0.09470000   0.00016794  28380.573    50.347145   0.037868   0.246285    -891.463 0   0.446993   0.351702   0.130223   0.091606   0.068013   -18.6943   -20.6812   -21.5133   -21.7537   -22.2021     1.9869     2.8189     0.2405
182.211287  41.199359  18.8349  16.7859  15.8091  15.3749  15.0316    0.10080000   0.00018124  30232.570    54.334385   0.040414   0.262847     960.535 0   0.465939   0.368273   0.136970   0.095779   0.069223   -19.8467   -21.7981   -22.5436   -22.9366   -23.2533     1.9513     2.6968     0.3930
182.144297  41.253187  19.6195  18.0512  17.1824  16.7874  16.5090    0.09540000   0.00014032  28611.623    42.066878   0.063434   0.412568    -660.413 0   0.384920   0.341019   0.148739   0.073576   0.036530   -18.8612   -20.3856   -21.0621   -21.3820   -21.6233     1.5244     2.2009     0.3198
182.139855  41.251051  20.5056  18.5679  17.6205  17.2342  16.9002    0.09830000   0.00012499  29457.127    37.471059   0.066236   0.430789     185.092 0   0.392777   0.305517   0.111782   0.078025   0.064471   -18.0482   -19.8986   -20.6523   -21.0048   -21.3253     1.8504     2.6041     0.3525
182.245985  41.311142  18.7486  17.3753  16.7040  16.3438  16.0907    0.09700000   0.00017299  29077.110    51.861097   0.074461   0.484280    -194.925 0   0.241106   0.191896   0.107494   0.026106  -0.025794   -19.6034   -20.9275   -21.5144   -21.7932   -21.9944     1.3241     1.9110     0.2788
182.203213  41.162880  18.3823  16.9543  16.2457  15.8738  15.6086    0.09710000   0.00014311  29098.695    42.903299   0.077263   0.502505    -173.340 0   0.248230   0.189945   0.101950   0.030342  -0.000186   -19.9791   -21.3488   -21.9694   -22.2697   -22.5044     1.3697     1.9903     0.3003
182.279784  41.317986  19.4691  18.1818  17.5809  17.3163  17.3049    0.09730000   0.00011956  29161.142    35.843186   0.089388   0.581364    -110.893 0   0.007978   0.002962   0.001591   0.001129  -0.001683   -18.6776   -19.9599   -20.5594   -20.8236   -20.8322     1.2823     1.8818     0.2641
182.119271  41.196046  20.5272  18.5345  17.6182  17.2021  16.8650    0.09900000   0.00014726  29667.372    44.147437   0.090814   0.590639     395.336 0   0.362630   0.279948   0.101440   0.069991   0.062503   -18.0119   -19.9219   -20.6597   -21.0444   -21.3740     1.9100     2.6478     0.3847
182.155289  41.141248  20.2685  18.1639  17.1971  16.7720  16.4059    0.10130000   0.00014906  30377.070    44.687064   0.110646   0.719626    1105.035 0   0.466090   0.367917   0.136611   0.095761   0.069372   -18.4240   -20.4305   -21.1660   -21.5502   -21.8899     2.0064     2.7419     0.3843
182.206633  41.357311  19.0532  17.0504  16.0618  15.6476  15.2991    0.09680000   0.00018710  29011.366    56.091169   0.120047   0.780768    -260.670 0   0.481019   0.380253   0.141280   0.098698   0.070567   -19.5553   -21.4574   -22.2070   -22.5786   -22.8990     1.9020     2.6517     0.3716
182.185072  41.361649  19.6760  17.9343  17.0313  16.5949  16.2707    0.09610000   0.00014663  28807.897    43.958568   0.127300   0.827939    -464.139 0   0.428467   0.360817   0.146512   0.086695   0.056209   -18.8431   -20.5171   -21.2058   -21.5824   -21.8761     1.6740     2.3627     0.3766
182.192263  41.362941  20.0938  18.1680  17.2119  16.7928  16.4533    0.09620000   0.00015450  28841.713    46.317935   0.127359   0.828321    -430.322 0   0.447739   0.355215   0.133054   0.092028   0.067148   -18.4444   -20.2777   -21.0116   -21.3897   -21.7043     1.8333     2.5672     0.3781
182.182425  41.102378  18.7834  17.2816  16.4805  16.0704  15.7624    0.10190000   0.00013810  30540.157    41.401338   0.139739   0.908839    1268.122 1   0.337115   0.289048   0.132635   0.059814   0.025891   -19.7930   -21.2468   -21.8914   -22.2287   -22.5028     1.4537     2.0984     0.3373
182.125802  41.118722  19.1349  17.0066  16.0602  15.6121  15.2659    0.09940000   0.00017466  29795.053    52.361751   0.141333   0.919208     523.018 0   0.483984   0.382410   0.141972   0.099237   0.070877   -19.5132   -21.5400   -22.2459   -22.6513   -22.9691     2.0267     2.7327     0.4054
182.125004  41.373356  19.6646  17.8490  16.8986  16.4955  16.1731    0.09680000   0.00015473  29032.891    46.386887   0.155149   1.009067    -239.144 0   0.379836   0.294702   0.107567   0.074627   0.063545   -18.8428   -20.5732   -21.3365   -21.7066   -22.0180     1.7305     2.4937     0.3702
182.148425  41.089136  19.6065  17.6724  16.9025  16.4167  16.0667    0.09610000   0.00015952  28799.173    47.822893   0.160118   1.041384    -472.863 0   0.235972   0.183525   0.066689   0.039785   0.047025   -18.7201   -20.6017   -21.2548   -21.7137   -22.0709     1.8817     2.5347     0.4589
182.172625  41.076045  18.7402  17.7920  17.3810  17.0715  16.9260    0.10010000   0.00009976  30022.416    29.907296   0.167070   1.086598     750.381 0   0.153128   0.108340   0.099182  -0.069969  -0.070779   -19.6111   -20.5145   -20.9164   -21.0567   -21.2014     0.9034     1.3053     0.1403
182.143627  41.073112  19.1283  17.1401  16.1791  15.7592  15.4064    0.09620000   0.00017960  28839.225    53.842725   0.176370   1.147080    -432.810 0   0.442560   0.348305   0.129071   0.090668   0.067575   -19.4047   -21.2987   -22.0404   -22.4219   -22.7516     1.8939     2.6357     0.3815
182.089376  41.051327  20.0852  18.2930  17.4234  17.0292  16.6707    0.09890000   0.00014549  29656.999    43.616805   0.213323   1.387416     384.963 0   0.325250   0.254136   0.099159   0.060556   0.054082   -18.3932   -20.1143   -20.8289   -21.1845   -21.5365     1.7211     2.4357     0.3556
182.004239  41.075531  19.8897  18.1728  17.2596  16.8268  16.4937    0.09840000   0.00014146  29501.616    42.408641   0.233079   1.515910     229.581 0   0.453613   0.383667   0.153756   0.091759   0.059794   -18.7060   -20.3530   -21.0363   -21.4071   -21.7082     1.6470     2.3302     0.3708
181.974603  41.072859  18.9948  17.0991  16.1496  15.7293  15.3770    0.09810000   0.00016550  29410.779    49.615652   0.251276   1.634263     138.744 0   0.430072   0.340159   0.127240   0.088018   0.065806   -19.5918   -21.3976   -22.1342   -22.5153   -22.8454     1.8058     2.5424     0.3811
182.310541  40.950285  19.7093  18.0202  17.2336  16.8632  16.5866    0.10090000   0.00016218  30238.866    48.620341   0.294783   1.917220     966.831 0   0.168444   0.123323   0.054807   0.026393   0.031722   -18.6770   -20.3210   -21.0390   -21.3810   -21.6630     1.6440     2.3621     0.3420
182.337795  40.933113  19.7191  18.0451  17.1645  16.7599  16.4152    0.09940000   0.00012350  29811.962    37.024369   0.316381   2.057692     539.926 0   0.386624   0.320910   0.132979   0.077273   0.050941   -18.8317   -20.4400   -21.1326   -21.4815   -21.7999     1.6083     2.3010     0.3489
182.365788  40.906780  19.4983  17.5916  16.5584  16.0594  15.6409    0.09970000   0.00018311  29880.584    54.894997   0.347608   2.260785     608.549 0   0.646866   0.516918   0.187437   0.116459   0.087246   -19.3193   -21.0960   -21.7997   -22.2278   -22.6170     1.7768     2.4805     0.4280
181.741035  41.076563  18.2124  16.8046  16.2242  15.8945  15.7145    0.08700000   0.00013570  26067.794    40.681837   0.399064   2.595453   -3204.242 1   0.145561   0.071060   0.059075   0.012280  -0.026736   -19.8255   -21.1588   -21.7273   -22.0102   -22.1511     1.3333     1.9017     0.2829
181.765090  41.653222  18.4680  17.5552  17.1822  16.9665  16.9113    0.09980000   0.00008619  29917.489    25.839112   0.540856   3.517646     645.453 1   0.107233   0.016651   0.050842  -0.013986  -0.021368   -19.8121   -20.6343   -21.0415   -21.1924   -21.2402     0.8222     1.2294     0.1509
