 23.728861  -0.651755  20.1507  18.2569  17.3649  16.9467  16.6552    0.08130000   0.00014197  24372.287    42.561535   0.013249   0.073385     -77.586 0   0.304707   0.234002   0.085142   0.055126   0.056088   -17.9014   -19.7245   -20.4676   -20.8558   -21.1483     1.8231     2.5662     0.3882
 23.714088  -0.658551  19.1761  17.2474  16.3636  15.9803  15.6534    0.08610000   0.00016103  25800.379    48.275580   0.015108   0.083680    1350.505 1   0.280600   0.215270   0.079900   0.048950   0.052256   -18.9557   -20.8191   -21.5675   -21.9199   -22.2501     1.8634     2.6118     0.3524
 23.714889  -0.674864  19.8418  17.9141  17.0547  16.6509  16.3590    0.08030000   0.00014828  24068.748    44.453226   0.031041   0.171932    -381.126 0   0.254731   0.195868   0.072587   0.043087   0.048945   -18.1121   -19.9810   -20.7171   -21.0914   -21.3892     1.8688     2.6050     0.3743
 23.707585  -0.610879  18.5854  17.0048  16.2371  15.8011  15.5196    0.08010000   0.00008779  23999.286    26.318780   0.034750   0.192478    -450.588 0   0.324391   0.278399   0.130525   0.055444   0.019519   -19.4540   -20.9886   -21.6084   -21.9693   -22.2149     1.5346     2.1544     0.3609
 23.767769  -0.658887  19.5633  17.9748  17.1064  16.6706  16.3287    0.08270000   0.00012688  24801.890    38.037667   0.051829   0.287076     352.016 0   0.417219   0.356939   0.148168   0.083166   0.051336   -18.6145   -20.1428   -20.8024   -21.1732   -21.4833     1.5282     2.1878     0.3708
 23.674319  -0.604211  19.1029  17.1063  16.2130  15.7902  15.4790    0.07960000   0.00018085  23870.885    54.217466   0.059170   0.327740    -578.989 0   0.302741   0.232294   0.083590   0.054684   0.056320   -18.9012   -20.8273   -21.5719   -21.9658   -22.2786     1.9262     2.6707     0.3939
 23.715832  -0.570981  20.1400  18.2583  17.4227  17.0439  16.7539    0.08410000   0.00014170  25219.651    42.480591   0.073047   0.404603     769.777 0   0.228691   0.172857   0.069354   0.036123   0.042513   -17.9071   -19.7330   -20.4651   -20.8106   -21.1070     1.8259     2.5580     0.3456
 23.749283  -0.742830  19.0147  17.9058  17.4773  17.2053  17.1204    0.08160000   0.00009169  24448.734    27.487970   0.103633   0.574013      -1.139 0   0.134296   0.035759   0.064608  -0.010513  -0.058307   -18.8538   -19.8642   -20.3215   -20.5184   -20.5555     1.0104     1.4677     0.1969
 23.782467  -0.559906  19.5286  17.7150  16.8596  16.5043  16.1920    0.08330000   0.00013160  24960.031    39.452687   0.105877   0.586446     510.157 0   0.167418   0.134710   0.051302   0.029964   0.035809   -18.4391   -20.2200   -20.9920   -21.3260   -21.6441     1.7809     2.5529     0.3340
 23.813335  -0.710861  19.1827  17.6390  16.9143  16.5208  16.2490    0.08000000   0.00014889  23973.294    44.636099   0.116342   0.644408    -476.580 0   0.252859   0.190041   0.095784   0.033295   0.019616   -18.7824   -20.2633   -20.8937   -21.2247   -21.4829     1.4809     2.1113     0.3310
 23.646727  -0.744872  18.7613  17.4784  16.9002  16.5310  16.3285    0.07990000   0.00015727  23946.342    47.148360   0.123587   0.684540    -503.531 0   0.198693   0.135663   0.092194   0.003116  -0.065092   -19.1257   -20.3456   -20.8803   -21.1604   -21.2947     1.2199     1.7546     0.2801
 23.613247  -0.561827  20.0060  17.9388  17.0185  16.6051  16.3049    0.08330000   0.00015075  24973.761    45.193713   0.133225   0.737923     523.887 0   0.340361   0.261955   0.094755   0.064225   0.060404   -18.1347   -20.1235   -20.8766   -21.2595   -21.5558     1.9888     2.7419     0.3829
 23.597594  -0.563515  18.8259  17.1906  16.3718  15.9795  15.6898    0.08040000   0.00016016  24105.682    48.014760   0.144921   0.802705    -344.192 0   0.290337   0.225782   0.097912   0.049092   0.041894   -19.1875   -20.7583   -21.4492   -21.7927   -22.0752     1.5707     2.2617     0.3435
 23.764332  -0.483996  18.4834  16.4731  15.5556  15.1539  14.7921    0.08240000   0.00019078  24716.509    57.194405   0.166534   0.922419     266.635 0   0.351595   0.270997   0.098058   0.067139   0.061506   -19.6237   -21.5534   -22.2979   -22.6687   -23.0249     1.9297     2.6743     0.3708
 23.549892  -0.600345  19.3984  18.0123  17.4566  17.1629  16.9873    0.07190000   0.00021499  21542.546    64.452381   0.173791   0.962616   -2907.327 1   0.081670   0.032181   0.026788   0.010715  -0.021626   -18.1416   -19.4782   -20.0285   -20.3061   -20.4494     1.3366     1.8869     0.2776
 23.866015  -0.746634  17.8961  16.3288  15.5135  15.0540  14.8367    0.08040000   0.00122202  24110.119   366.352380   0.180012   0.997075    -339.755 0   0.389843   0.378253   0.164670   0.073849   0.026764   -20.2169   -21.7726   -22.3743   -22.7430   -22.9132     1.5557     2.1574     0.3687
 23.751636  -0.451238  18.4522  16.4368  15.4893  15.0139  14.5534    0.07190000   0.00016159  21544.435    48.443463   0.195645   1.083664   -2905.439 1   0.516197   0.410317   0.152828   0.104656   0.073336   -19.5223   -21.4318   -22.1219   -22.5491   -22.9783     1.9095     2.5995     0.4272
 23.873297  -0.764457  19.5715  18.1298  17.3075  16.8710  16.5481    0.08310000   0.00016382  24911.404    49.112000   0.196437   1.088047     461.530 0   0.377466   0.332876   0.146201   0.071415   0.034991   -18.5771   -19.9742   -20.6099   -20.9716   -21.2580     1.3971     2.0327     0.3617
 23.629488  -0.460593  19.3574  17.4684  16.6458  16.2520  15.9482    0.08020000   0.00014140  24053.098    42.390654   0.203692   1.128237    -396.775 0   0.171400   0.138469   0.051988   0.030688   0.036751   -18.5288   -20.3849   -21.1210   -21.4935   -21.8034     1.8561     2.5922     0.3725
 23.529029  -0.538215  19.3426  17.6695  16.9351  16.6215  16.3670    0.07160000   0.00013179  21474.434    39.509648   0.216659   1.200056   -2975.440 1   0.052671   0.033788   0.014633   0.009403   0.009512   -18.1593   -19.8135   -20.5287   -20.8371   -21.0917     1.6542     2.3695     0.3084
 23.866385  -0.807910  19.7793  18.2326  17.4279  16.9218  16.6149    0.07970000   0.00009060  23888.332    27.161197   0.221015   1.224185    -561.541 0   0.421078   0.395702   0.167559   0.081032   0.040118   -18.3430   -19.8643   -20.4408   -20.8604   -21.1264     1.5213     2.0979     0.4196
 23.584849  -0.459884  18.9204  17.9078  17.4940  17.2452  17.1150    0.07850000   0.00008030  23535.956    24.073334   0.227278   1.258879    -913.917 1   0.131579   0.028701   0.065551  -0.016850  -0.044849   -18.8610   -19.7707   -20.2213   -20.3877   -20.4899     0.9097     1.3604     0.1664
 23.638570  -0.430316  19.5489  17.5502  16.5534  16.0580  15.6496    0.08290000   0.00014615  24845.030    43.814668   0.228003   1.262892     395.156 0   0.631066   0.505535   0.184387   0.115262   0.085327   -18.8508   -20.7240   -21.3996   -21.8259   -22.2044     1.8732     2.5488     0.4263
 23.853195  -0.440271  18.8727  17.5893  17.1294  16.8446  16.6820    0.08020000   0.00017654  24036.550    52.925361   0.244426   1.353857    -413.324 0   0.144144   0.048683   0.066500  -0.005610  -0.071171   -18.9863   -20.1742   -20.6519   -20.8646   -20.9617     1.1879     1.6657     0.2127
 23.459630  -0.639570  18.3884  16.5245  15.6543  15.2845  14.9440    0.07890000   0.00016822  23652.306    50.431087   0.258515   1.431897    -797.568 1   0.207128   0.164137   0.059805   0.035397   0.042821   -19.4796   -21.3005   -22.0664   -22.4118   -22.7597     1.8209     2.5868     0.3454
 23.764305  -0.907668  17.5760  15.4860  14.5429  14.1336  13.8279    0.07980000   0.00021068  23916.153    63.160275   0.267689   1.482711    -533.721 0   0.389258   0.302988   0.111108   0.077196   0.064016   -20.4988   -22.5026   -23.2538   -23.6292   -23.9217     2.0037     2.7550     0.3754
 23.450619  -0.679644  18.0096  16.7021  16.0832  15.7286  15.4825    0.07870000   0.00014403  23605.119    43.179108   0.269853   1.494697    -844.755 1   0.217497   0.170923   0.104044   0.014459  -0.057521   -19.8844   -21.1454   -21.6974   -21.9624   -22.1365     1.2609     1.8129     0.2650
 23.839630  -0.904702  19.8438  17.9935  17.1384  16.7476  16.4728    0.07890000   0.00015449  23657.103    46.314937   0.287632   1.593170    -792.771 1   0.270138   0.206287   0.081138   0.045504   0.048245   -18.0872   -19.8736   -20.6036   -20.9588   -21.2363     1.7864     2.5164     0.3552
 23.569248  -0.335071  19.5929  18.5911  18.0813  17.7236  17.5712    0.07490000   0.00007203  22464.498    21.594051   0.342919   1.899400   -1985.376 1   0.154051   0.188143   0.115330  -0.031138  -0.097889   -18.1056   -19.1414   -19.5784   -19.7897   -19.8753     1.0359     1.4729     0.2112
 23.780456  -1.006663  18.7657  17.1007  16.3120  15.9116  15.5973    0.07940000   0.00014686  23808.228    44.027520   0.367988   2.038256    -641.646 0   0.158043   0.122662   0.050244   0.027407   0.032648   -19.0670   -20.6966   -21.4129   -21.7904   -22.1100     1.6296     2.3459     0.3776
 23.758531  -1.014561  19.0925  17.2286  16.3169  15.9138  15.5754    0.07990000   0.00016709  23941.755    50.092322   0.372765   2.064719    -508.118 0   0.333566   0.256360   0.092422   0.062460   0.059845   -18.9294   -20.7161   -21.4638   -21.8370   -22.1728     1.7867     2.5345     0.3731
 24.066597  -0.789291  18.6404  17.7261  17.3723  17.1251  17.0123    0.08450000   0.00008410  25327.846    25.212546   0.377531   2.091115     877.972 1   0.127662   0.022781   0.064958  -0.021871  -0.030728   -19.3188   -20.1282   -20.5242   -20.6845   -20.7885     0.8094     1.2054     0.1604
 23.350004  -0.552641  18.8770  16.8937  15.9707  15.5677  15.2346    0.07920000   0.00018715  23732.770    56.106159   0.379262   2.100706    -717.104 0   0.369155   0.285365   0.103559   0.071711   0.063000   -19.1825   -21.0820   -21.8232   -22.1944   -22.5187     1.8995     2.6407     0.3712
 24.030186  -0.420517  17.8516  16.7127  16.2475  15.9110  15.7521    0.08060000   0.00015787  24148.492    47.328235   0.383811   2.125901    -301.381 0   0.175752   0.095780   0.089432  -0.032670  -0.096476   -20.0315   -21.0904   -21.5493   -21.7637   -21.8588     1.0589     1.5178     0.2144
 23.653353  -0.264160  18.3375  17.0203  16.4036  16.0507  15.8376    0.07920000   0.00017232  23729.412    51.660236   0.385314   2.134226    -720.461 0   0.199826   0.130517   0.086463   0.008479  -0.040615   -19.5527   -20.8006   -21.3732   -21.6481   -21.8121     1.2479     1.8205     0.2749
 23.324287  -0.656671  18.7697  17.2298  16.1672  15.5957  15.1657    0.09400000   0.00013501  28190.144    40.474980   0.394016   2.182426    3740.271 1   0.524844   1.161990   0.579558   0.290304   0.075690   -19.8187   -21.9958   -22.4760   -22.7582   -22.9736     2.1770     2.6572     0.2822
 23.508447  -0.978223  18.7928  17.1542  16.3149  15.8595  15.5292    0.09460000   0.00016014  28350.294    48.008764   0.394550   2.185381    3900.420 1   0.397546   0.340416   0.144037   0.078137   0.046688   -19.6822   -21.2637   -21.9066   -22.2961   -22.5949     1.5815     2.2244     0.3895
 23.467173  -0.948675  19.6032  17.8301  16.9618  16.5692  16.2691    0.08040000   0.00013304  24108.500    39.884389   0.394715   2.186299    -341.374 0   0.293971   0.226349   0.087698   0.051804   0.051651   -18.4139   -20.1194   -20.8490   -21.2057   -21.5057     1.7055     2.4351     0.3567
 24.114921  -0.682029  19.7569  17.8320  16.9319  16.5521  16.2328    0.08090000   0.00017620  24246.135    52.823431   0.398591   2.207768    -203.739 0   0.317986   0.245033   0.090334   0.058521   0.056977   -18.2977   -20.1497   -20.8951   -21.2430   -21.5608     1.8519     2.5973     0.3480
 23.324307  -0.760626  19.5102  17.6503  16.8465  16.4574  16.1594    0.07970000   0.00014250  23904.641    42.720425   0.410701   2.274844    -545.233 0   0.138603   0.114083   0.044188   0.026691   0.030847   -18.3296   -20.1650   -20.8989   -21.2705   -21.5726     1.8354     2.5693     0.3716
 23.505545  -1.003929  19.2826  17.3083  16.4231  16.0232  15.6947    0.07860000   0.00016287  23563.238    48.827198   0.418018   2.315370    -886.636 1   0.281072   0.215948   0.077861   0.049418   0.053471   -18.6722   -20.5814   -21.3285   -21.7000   -22.0325     1.9092     2.6563     0.3715
 23.307337  -0.801395  19.0869  17.9662  17.5281  17.2039  17.0587    0.07870000   0.00008521  23583.803    25.545315   0.439886   2.436499    -866.070 1   0.173033   0.092224   0.091338  -0.043521  -0.090809   -18.7627   -19.8026   -20.2398   -20.4291   -20.5270     1.0399     1.4771     0.1893
 23.256271  -0.593114  18.9754  17.9922  17.5738  17.2565  17.1092    0.09350000   0.00008455  28024.809    25.347452   0.464618   2.573484    3574.935 1   0.153880   0.114447   0.100173  -0.065022  -0.075889   -19.2093   -20.1531   -20.5572   -20.7093   -20.8458     0.9438     1.3479     0.1521
 23.856948  -0.196271  18.3776  16.9661  16.2518  15.8638  15.5865    0.08270000   0.00015204  24781.744    45.580445   0.468747   2.596356     331.870 0   0.265165   0.212430   0.110506   0.036326   0.000303   -19.6482   -21.0070   -21.6193   -21.9331   -22.1744     1.3588     1.9711     0.3138
 24.186684  -0.666369  19.8532  17.9310  17.2301  16.8419  16.6150    0.08230000   0.00016546  24685.870    49.603660   0.469065   2.598115     235.997 0   0.208104   0.141030   0.074923   0.023508   0.020471   -18.1077   -19.9629   -20.5977   -20.9344   -21.1583     1.8551     2.4899     0.3368
 23.411148  -1.008109  19.9724  18.1471  17.2968  16.8848  16.5767    0.08110000   0.00013680  24310.470    41.011608   0.476240   2.637856    -139.403 0   0.235984   0.183228   0.066956   0.039663   0.046848   -17.9844   -19.7569   -20.4910   -20.8757   -21.1910     1.7725     2.5066     0.3847
 23.554427  -1.103631  20.0721  18.1235  17.2359  16.8292  16.5425    0.07830000   0.00016578  23485.142    49.699594   0.487915   2.702526    -964.732 1   0.292697   0.224626   0.080751   0.052202   0.055097   -17.8619   -19.7424   -20.4862   -20.8643   -21.1539     1.8805     2.6243     0.3782
 23.802332  -0.163284  18.4467  16.6553  15.7998  15.3619  15.0533    0.08230000   0.00021683  24681.973    65.003999   0.488027   2.703143     232.099 0   0.269166   0.207285   0.074584   0.046707   0.051952   -19.5753   -21.3048   -22.0276   -22.4376   -22.7515     1.7295     2.4523     0.4100
 23.215118  -0.577974  18.4427  16.4528  15.5188  15.1143  14.8306    0.09400000   0.00017047  28177.703    51.105620   0.507288   2.809831    3727.829 1   0.345411   0.265752   0.095812   0.065493   0.061094   -19.9663   -21.8766   -22.6406   -23.0148   -23.2941     1.9102     2.6743     0.3742
 23.989626  -1.072880  18.5806  17.6399  17.3665  17.0808  17.0264    0.08130000   0.00008662  24359.216    25.968023   0.507591   2.811509     -90.657 0   0.160113   0.029132   0.081368  -0.057076  -0.026378   -19.3269   -20.1366   -20.4622   -20.6095   -20.6946     0.8097     1.1354     0.1473
 23.553270  -1.124844  18.0633  16.0052  15.0860  14.6721  14.3365    0.07890000   0.00020266  23667.895    60.755940   0.508322   2.815559    -781.979 1   0.376109   0.291400   0.106121   0.073601   0.063377   -19.9737   -21.9471   -22.6810   -23.0624   -23.3877     1.9734     2.7073     0.3814
 23.324209  -0.322366  18.5329  17.6090  17.2404  16.9484  16.7841    0.08120000   0.00007991  24334.663    23.956415   0.508520   2.816657    -115.210 0   0.152790   0.086564   0.096004  -0.087670  -0.051642   -19.3406   -20.1982   -20.5763   -20.6846   -20.8849     0.8577     1.2357     0.1083
 24.209772  -0.484116  19.3266  18.0584  17.4932  17.1511  16.9305    0.08610000   0.00017863  25814.649    53.551927   0.516960   2.863405    1364.775 1   0.196316   0.140163   0.096222   0.000446  -0.081048   -18.7209   -19.9330   -20.4542   -20.7005   -20.8397     1.2120     1.7333     0.2463
 23.525954  -1.126618  18.9923  17.2263  16.3332  15.9313  15.6347    0.08090000   0.00014023  24260.765    42.039896   0.519473   2.877324    -189.109 0   0.325876   0.254564   0.099110   0.060733   0.054301   -19.0702   -20.7649   -21.5025   -21.8661   -22.1562     1.6947     2.4323     0.3635
 24.166535  -0.348721  18.3954  17.3271  16.8969  16.6013  16.4824    0.08240000   0.00008792  24697.232    26.357753   0.536872   2.973696     247.359 0   0.168483   0.060030   0.080297  -0.036984  -0.077018   -19.5286   -20.4884   -20.9389   -21.1172   -21.1961     0.9598     1.4103     0.1783
 23.645728  -1.194157  18.7645  17.0806  16.2011  15.7793  15.4896    0.08080000   0.00016385  24232.134    49.120994   0.554907   3.073587    -217.739 0   0.380864   0.315882   0.131581   0.075698   0.049868   -19.3503   -20.9692   -21.6644   -22.0303   -22.2942     1.6189     2.3141     0.3659
 24.172251  -0.969688  19.8812  18.4039  17.5735  17.1174  16.7796    0.07970000   0.00018305  23896.936    54.877009   0.558823   3.095281    -552.937 0   0.413804   0.380840   0.162283   0.080104   0.039995   -18.2338   -19.6781   -20.2900   -20.6639   -20.9616     1.4443     2.0562     0.3739
 23.485644  -1.165873  19.0890  17.3984  16.5467  16.1394  15.8647    0.07750000   0.00014814  23243.389    44.411255   0.571315   3.164469   -1206.485 1   0.288317   0.222463   0.091826   0.049327   0.046692   -18.8424   -20.4671   -21.1882   -21.5530   -21.8250     1.6247     2.3458     0.3648
 24.290619  -0.677645  18.5046  17.2388  16.5986  16.2688  16.0314    0.08230000   0.00017445  24661.947    52.298794   0.573447   3.176279     212.073 0   0.110547   0.057685   0.038421   0.014434   0.003943   -19.3588   -20.5717   -21.1927   -21.4985   -21.7254     1.2129     1.8339     0.3058
 23.378368  -1.109960  18.3129  17.3056  16.9746  16.6430  16.4716    0.07710000   0.00007934  23105.844    23.785534   0.576668   3.194122   -1344.030 1   0.160746   0.080288   0.094644  -0.079364  -0.055687   -19.4584   -20.3852   -20.7306   -20.8882   -21.0833     0.9268     1.2722     0.1576
 23.518315  -1.187585  19.6007  17.9397  17.2139  16.8822  16.6558    0.07630000   0.00012919  22872.066    38.730188   0.579147   3.207853   -1577.808 1   0.070676   0.046128   0.021160   0.012550   0.012873   -18.0790   -19.7155   -20.4163   -20.7394   -20.9661     1.6365     2.3373     0.3231
 23.231779  -0.962345  19.7986  17.9555  17.0847  16.6996  16.3924    0.09450000   0.00013040  28329.218    39.092937   0.581248   3.219492    3879.344 1   0.273592   0.209421   0.080273   0.046796   0.049944   -18.5501   -20.3291   -21.0707   -21.4223   -21.7327     1.7789     2.5206     0.3516
 24.265390  -0.861875  19.9423  18.1248  17.2530  16.8591  16.5743    0.07940000   0.00015132  23803.281    45.364595   0.589012   3.262492    -646.592 0   0.295455   0.227764   0.088793   0.052148   0.051421   -18.0278   -19.7776   -20.5104   -20.8677   -21.1518     1.7498     2.4826     0.3573
 23.432590  -1.177849  19.0994  17.2376  16.3173  15.8998  15.5899    0.07910000   0.00015910  23699.223    47.696980   0.605411   3.353329    -750.650 0   0.379473   0.298078   0.111896   0.075279   0.061470   -18.9677   -20.7481   -21.4822   -21.8631   -22.1592     1.7804     2.5145     0.3809
 23.356028  -1.129950  19.1445  17.2842  16.4023  15.9859  15.6862    0.08060000   0.00015666  24158.266    46.965486   0.606013   3.356662    -291.608 0   0.275648   0.212032   0.076210   0.048208   0.052863   -18.8385   -20.6352   -21.3813   -21.7696   -22.0740     1.7967     2.5428     0.3884
 24.068553  -0.146178  18.9408  17.8525  17.4155  17.1372  17.0581    0.08530000   0.00017991  25582.280    53.935661   0.608772   3.371942    1132.406 1   0.130973   0.036516   0.062165  -0.006338  -0.059956   -19.0210   -20.0149   -20.4775   -20.6873   -20.7128     0.9938     1.4565     0.2098
 23.267638  -1.056068  18.6928  17.1710  16.4325  16.0062  15.7087    0.08010000   0.00014439  24015.235    43.287033   0.610507   3.381553    -434.639 0   0.306780   0.253757   0.120579   0.051106   0.021430   -19.3290   -20.7977   -21.4030   -21.7599   -22.0277     1.4688     2.0741     0.3568
 23.322863  -1.120944  19.2936  17.9575  17.5895  17.3014  17.2145    0.06890000   0.00008553  20648.985    25.641249   0.619431   3.430982   -3800.889 1   0.164332   0.046397   0.079122  -0.042067  -0.060578   -18.2361   -19.4543   -19.8550   -20.0219   -20.0903     1.2182     1.6189     0.1669
 24.313391  -0.413232  17.8847  16.9948  16.5137  16.0828  15.9687    0.07920000   0.00003470  23739.426    10.402798   0.638395   3.536021    -710.448 0   0.102080   0.239567   0.122254  -0.047126  -0.082456   -19.9077   -20.9351   -21.2989   -21.5604   -21.6392     1.0274     1.3912     0.2615
