178.354693  12.974567  19.7356  17.8512  17.0046  16.6233  16.3722    0.07770000   0.00015445  23308.264    46.302945   0.044123   0.247099   -1458.490 0   0.248607   0.188612   0.074915   0.040325   0.045314   -18.1617   -19.9861   -20.7190   -21.0657   -21.3218     1.8244     2.5573     0.3467
178.341397  12.990810  20.0854  18.0436  17.1491  16.7404  16.5019    0.08080000   0.00015239  24226.378    45.685373   0.047518   0.266112    -540.376 0   0.287238   0.220484   0.080091   0.050789   0.053987   -17.9358   -19.9108   -20.6649   -21.0443   -21.2860     1.9750     2.7292     0.3794
178.268783  12.960981  18.6412  16.5729  15.6658  15.2392  14.9918    0.08410000   0.00016838  25204.152    50.479054   0.048893   0.273816     437.397 0   0.308405   0.236516   0.084765   0.056087   0.057197   -19.4856   -21.4820   -22.2374   -22.6353   -22.8838     1.9964     2.7518     0.3979
178.275870  12.993310  19.0692  17.0206  16.1527  15.7342  15.4835    0.08440000   0.00014845  25301.614    44.504190   0.059812   0.334962     534.860 0   0.267718   0.205909   0.075129   0.046212   0.051252   -19.0063   -20.9930   -21.7302   -22.1198   -22.3755     1.9868     2.7239     0.3896
178.363252  12.891308  19.7406  18.0961  17.2896  16.9287  16.7010    0.08440000   0.00014140  25294.719    42.390654   0.073204   0.409960     527.964 0   0.233168   0.170069   0.078152   0.032893   0.034715   -18.3003   -19.8817   -20.5963   -20.9119   -21.1415     1.5814     2.2960     0.3156
178.318718  13.024161  19.9566  18.0375  17.1797  16.7827  16.5305    0.08010000   0.00017240  24006.840    51.684220   0.074790   0.418846    -759.914 0   0.275768   0.211075   0.082601   0.047022   0.049129   -18.0341   -19.8885   -20.6179   -20.9793   -21.2336     1.8544     2.5837     0.3614
178.390912  12.988950  19.3283  17.3988  16.5484  16.1428  15.8745    0.08260000   0.00014314  24775.838    42.912292   0.081742   0.457776       9.084 0   0.246822   0.189143   0.071802   0.041017   0.046999   -18.6793   -20.5511   -21.2842   -21.6590   -21.9333     1.8718     2.6049     0.3748
178.249264  12.900980  18.3700  16.9395  16.4904  16.1768  16.0576    0.07700000   0.00010242  23071.368    30.704744   0.082265   0.460705   -1695.386 0   0.153597   0.056426   0.069871  -0.008455  -0.076553   -19.3913   -20.7247   -21.1872   -21.4225   -21.4736     1.3333     1.7959     0.2353
178.402012  12.951625  19.9410  18.4123  17.6139  17.2114  16.9405    0.08360000   0.00017946  25070.954    53.800755   0.082374   0.461315     304.199 0   0.321208   0.269932   0.125903   0.055553   0.024151   -18.1644   -19.6419   -20.2962   -20.6284   -20.8679     1.4774     2.1318     0.3321
178.356762  13.030747  18.3320  16.5590  15.7359  15.2870  14.9875    0.08050000   0.00015805  24136.770    47.382198   0.089906   0.503498    -629.984 0   0.208394   0.165034   0.060072   0.035573   0.043033   -19.6022   -21.3319   -22.0500   -22.4744   -22.7814     1.7296     2.4478     0.4244
178.314783  12.858563  18.9878  17.1040  16.2006  15.7947  15.4784    0.08390000   0.00017443  25146.951    52.292798   0.090856   0.508817     380.197 0   0.313015   0.240105   0.086371   0.057209   0.057611   -19.1200   -20.9309   -21.6806   -22.0573   -22.3740     1.8109     2.5606     0.3767
178.224368  12.965953  19.9703  18.2984  17.5445  17.2279  16.9936    0.07870000   0.00013774  23602.360    41.293413   0.092283   0.516811   -1164.394 0   0.068311   0.045412   0.020442   0.012401   0.012776   -17.7746   -19.4236   -20.1525   -20.4610   -20.6957     1.6490     2.3779     0.3086
178.263797  12.873202  19.4919  18.2917  17.6245  17.2508  17.0583    0.08400000   0.00007471  25189.192    22.397495   0.092436   0.517663     422.438 0   0.234641   0.277686   0.140106   0.024376  -0.068896   -18.5613   -19.8045   -20.3342   -20.5921   -20.6914     1.2432     1.7729     0.2580
178.409263  12.906747  19.1751  17.4334  16.5166  16.0864  15.7796    0.08060000   0.00017239  24149.811    51.681222   0.099054   0.554727    -616.943 0   0.437712   0.374577   0.152950   0.087900   0.055440   -18.9700   -20.6485   -21.3437   -21.7088   -21.9832     1.6786     2.3737     0.3651
178.244607  12.879707  19.1459  18.0754  17.5707  17.1963  17.0507    0.08300000   0.00007981  24879.986    23.926436   0.099517   0.557319     113.232 0   0.171065   0.166351   0.110225  -0.025330  -0.103046   -18.7965   -19.8622   -20.3108   -20.5497   -20.6175     1.0658     1.5144     0.2388
178.423903  12.946271  19.1933  18.0775  17.7203  17.4568  17.3921    0.08330000   0.00008949  24972.802    26.828427   0.103725   0.580885     206.047 0   0.158340   0.034138   0.078850  -0.045543  -0.040717   -18.7654   -19.7570   -20.1589   -20.2980   -20.3675     0.9916     1.3935     0.1391
178.409594  13.017135  18.7417  17.6214  17.1999  16.9425  16.9975    0.09190000   0.00005745  27539.685    17.223077   0.112440   0.629691    2772.930 1   0.005798   0.001246   0.001234   0.000465  -0.002467   -19.2760   -20.3917   -20.8132   -21.0698   -21.0119     1.1157     1.5372     0.2566
178.206443  12.984394  18.5011  16.7692  16.0082  15.6399  15.3569    0.08530000   0.00015825  25579.492    47.442156   0.113774   0.637164     812.737 0   0.116547   0.086602   0.038682   0.021148   0.023805   -19.4463   -21.1483   -21.8613   -22.2121   -22.4978     1.7020     2.4150     0.3508
178.344533  13.061651  19.5806  17.6866  16.8092  16.4107  16.1434    0.07960000   0.00014756  23865.129    44.237375   0.115316   0.645802    -901.626 0   0.281799   0.216155   0.084119   0.048642   0.050089   -18.4025   -20.2309   -20.9762   -21.3393   -21.6080     1.8284     2.5737     0.3630
178.221920  13.048165  20.1841  18.4251  17.5436  17.1310  16.8245    0.08410000   0.00014555  25212.126    43.634792   0.135790   0.760461     445.372 0   0.346194   0.272696   0.105968   0.066619   0.056061   -17.9805   -19.6660   -20.3808   -20.7540   -21.0500     1.6855     2.4003     0.3733
178.382795  13.075302  19.5052  17.5668  16.6884  16.2798  15.9887    0.08440000   0.00016282  25304.972    48.812208   0.141079   0.790081     538.217 0   0.276978   0.212780   0.077610   0.048349   0.052490   -18.5795   -20.4537   -21.1970   -21.5763   -21.8715     1.8742     2.6174     0.3793
178.189781  12.856354  18.0961  16.5501  15.8310  15.4526  15.2284    0.09510000   0.00013558  28521.235    40.645861   0.155408   0.870327    3754.481 1   0.196882   0.130687   0.070101   0.022318   0.021068   -20.1897   -21.6695   -22.3280   -22.6587   -22.8816     1.4798     2.1383     0.3306
178.471574  12.997865  19.5282  17.9234  17.0930  16.6844  16.4128    0.08150000   0.00013988  24431.826    41.934969   0.157771   0.883559    -334.928 0   0.345662   0.285475   0.124455   0.065244   0.041008   -18.5490   -20.0936   -20.7630   -21.1124   -21.3597     1.5446     2.2140     0.3494
178.207136  13.105257  19.3498  17.4129  16.4888  16.0656  15.7973    0.08400000   0.00016323  25194.738    48.935123   0.189395   1.060660     427.984 0   0.326051   0.250529   0.090447   0.060558   0.058930   -18.7948   -20.6562   -21.4202   -21.8135   -22.0802     1.8614     2.6254     0.3933
178.508369  13.023932  18.5108  16.8290  16.0593  15.6868  15.4502    0.08320000   0.00015454  24929.062    46.329926   0.200381   1.122186     162.308 0   0.203822   0.141913   0.069253   0.026322   0.029453   -19.4696   -21.0894   -21.7865   -22.1161   -22.3558     1.6199     2.3169     0.3296
178.417190  13.140691  19.4116  17.7824  17.0798  16.7049  16.4518    0.08250000   0.00014214  24742.411    42.612500   0.214559   1.201584     -24.343 0   0.158599   0.102243   0.055785   0.020997   0.021892   -18.5263   -20.0991   -20.7553   -21.0954   -21.3494     1.5728     2.2290     0.3401
178.097017  12.931486  18.1467  16.9870  16.3110  15.9279  15.7190    0.08430000   0.00017373  25278.950    52.082944   0.215639   1.207636     512.195 0   0.228166   0.283518   0.142062   0.023456  -0.072958   -19.8866   -21.1017   -21.6362   -21.9007   -22.0132     1.2151     1.7496     0.2645
178.107607  12.879556  19.2023  17.8907  17.2930  16.9488  16.7739    0.08470000   0.00008805  25394.310    26.396726   0.216163   1.210567     627.556 0   0.179384   0.100259   0.074862   0.006417  -0.042360   -18.7926   -20.0250   -20.5973   -20.8731   -20.9992     1.2325     1.8048     0.2758
178.111725  13.059939  19.1314  18.0160  17.6453  17.4174  17.2998    0.08530000   0.00004364  25565.881    13.082943   0.229016   1.282548     799.127 0   0.122146   0.022289   0.060908  -0.017402  -0.031903   -18.8216   -19.8371   -20.2465   -20.3961   -20.4992     1.0155     1.4249     0.1496
178.083569  12.913154  18.6256  16.7905  15.9502  15.5729  15.3176    0.08480000   0.00016507  25426.478    49.486741   0.230861   1.292884     659.723 0   0.251947   0.190332   0.077966   0.040370   0.044083   -19.4444   -21.2179   -21.9458   -22.2855   -22.5445     1.7735     2.5014     0.3397
178.175976  12.759671  18.2226  16.8131  16.1270  15.7620  15.5089    0.08190000   0.00014239  24559.808    42.687448   0.234559   1.313594    -206.947 0   0.239350   0.184463   0.103277   0.026099  -0.016991   -19.7802   -21.1348   -21.7397   -22.0275   -22.2375     1.3546     1.9595     0.2878
178.528554  12.813554  20.0968  18.5590  17.6794  17.1482  16.8366    0.07960000   0.00011074  23871.454    33.199017   0.246471   1.380299    -895.300 0   0.510599   0.461059   0.181717   0.098661   0.064806   -18.1151   -19.6034   -20.2036   -20.6518   -20.9295     1.4883     2.0885     0.4481
178.570166  12.963198  18.6896  17.4522  16.8311  16.4855  16.3151    0.07970000   0.00017519  23888.842    52.520641   0.246608   1.381071    -877.912 0   0.210852   0.182484   0.110447   0.008533  -0.079464   -19.2224   -20.4315   -20.9805   -21.2242   -21.3066     1.2090     1.7581     0.2437
178.513768  12.784867  18.5909  16.6040  15.7044  15.2698  14.9408    0.08070000   0.00019059  24207.941    57.137445   0.252277   1.412818    -558.813 0   0.366460   0.283412   0.103057   0.071060   0.062633   -19.4828   -21.3866   -22.1059   -22.5085   -22.8290     1.9039     2.6231     0.4026
178.488834  12.742816  20.0408  18.4022  17.5291  17.1500  16.8816    0.08300000   0.00014889  24883.703    44.636099   0.265600   1.487430     116.949 0   0.307825   0.241009   0.099545   0.055172   0.047883   -18.0383   -19.6101   -20.3417   -20.6765   -20.9376     1.5718     2.3034     0.3347
178.323858  13.220595  20.2078  18.4863  17.5937  17.1727  16.8970    0.08170000   0.00015614  24498.530    46.809594   0.271285   1.519269    -268.224 0   0.418915   0.363200   0.151756   0.083048   0.049534   -17.9452   -19.6110   -20.2921   -20.6444   -20.8866     1.6658     2.3469     0.3523
178.561179  12.817225  18.7512  17.5963  17.0923  16.7812  16.6412    0.08050000   0.00008938  24122.201    26.795450   0.271760   1.521925    -644.554 0   0.165151   0.072452   0.073918  -0.008982  -0.081185   -19.1398   -20.2020   -20.7074   -20.9356   -21.0034     1.0622     1.5677     0.2282
178.090404  12.786411  18.9673  17.1312  16.3158  15.9231  15.6347    0.08290000   0.00014333  24849.197    42.969253   0.274865   1.539314      82.443 0   0.208893   0.158260   0.063761   0.032975   0.039931   -19.0103   -20.7957   -21.5166   -21.8785   -22.1739     1.7855     2.5064     0.3619
178.024305  12.971534  18.5015  17.4709  17.1059  16.8382  16.7844    0.08300000   0.00008468  24888.110    25.386425   0.286616   1.605122     121.356 0   0.170738   0.046332   0.087335  -0.081039  -0.037410   -19.4405   -20.3467   -20.7527   -20.8521   -20.9495     0.9062     1.3122     0.0993
178.012226  12.911299  18.9624  18.0935  17.5691  17.3051  17.1780    0.08390000   0.00005369  25165.208    16.095857   0.299957   1.679838     398.454 0   0.101492   0.189216   0.109463  -0.052243  -0.073090   -18.9339   -19.8905   -20.3352   -20.4374   -20.5437     0.9566     1.4013     0.1023
178.373861  12.646568  19.4152  17.4927  16.5657  16.1238  15.7885    0.08090000   0.00017861  24246.854    53.545931   0.307750   1.723479    -519.900 0   0.460308   0.378078   0.147202   0.094461   0.064370   -18.7817   -20.6220   -21.3181   -21.7073   -22.0125     1.8403     2.5364     0.3892
178.231965  12.649678  19.8751  18.1208  17.2710  16.9038  16.5881    0.08380000   0.00014602  25136.668    43.775695   0.311084   1.742152     369.914 0   0.262542   0.199433   0.080805   0.043033   0.045783   -18.1796   -19.8708   -20.6020   -20.9314   -21.2499     1.6912     2.4224     0.3294
178.264697  13.267333  20.0259  18.4256  17.6274  17.2630  16.9410    0.08300000   0.00014393  24885.772    43.149128   0.322094   1.803810     119.018 0   0.099340   0.083856   0.033036   0.021410   0.023153   -17.8447   -19.4295   -20.1769   -20.5297   -20.8534     1.5848     2.3322     0.3528
178.603736  12.785212  18.0816  16.2156  15.2987  14.8812  14.5715    0.08070000   0.00017555  24183.088    52.628566   0.323662   1.812591    -583.666 0   0.359782   0.279217   0.102759   0.069562   0.061259   -19.9854   -21.7708   -22.5113   -22.8956   -23.1970     1.7854     2.5259     0.3843
178.669295  12.971091  18.6113  17.1696  16.5246  16.2044  16.0098    0.08240000   0.00017039  24702.269    51.081637   0.343516   1.923777     -64.485 0   0.064278   0.032431   0.017676   0.009071   0.004753   -19.2084   -20.6183   -21.2485   -21.5601   -21.7504     1.4099     2.0401     0.3116
177.941639  12.937746  18.9587  17.9667  17.6474  17.4222  17.3290    0.08200000   0.00008550  24582.262    25.632255   0.366506   2.052530    -184.492 0   0.125306   0.016744   0.065849  -0.029125  -0.013897   -18.9115   -19.7949   -20.1633   -20.2935   -20.4020     0.8834     1.2518     0.1302
177.969478  12.791213  17.5039  16.1408  15.4931  15.1322  14.8860    0.08210000   0.00016381  24626.781    49.109003   0.374255   2.095928    -139.973 0   0.219168   0.159025   0.095885   0.016087  -0.030766   -20.4628   -21.7657   -22.3503   -22.6314   -22.8308     1.3030     1.8875     0.2811
178.549367  12.644060  18.2307  17.0548  16.5161  16.1632  15.9751    0.08290000   0.00018812  24847.099    56.396957   0.379834   2.127171      80.344 0   0.187001   0.141690   0.100556  -0.010273  -0.099927   -19.7250   -20.8556   -21.3531   -21.5952   -21.6936     1.1306     1.6282     0.2421
178.385143  12.567696  18.5686  16.9641  15.8981  15.4752  15.4448    0.09400000   0.00015445  28189.245    46.302945   0.387331   2.169157    3422.491 1   0.516961   0.612882   0.240769   0.112904   0.065401   -20.0120   -21.7124   -22.4063   -22.7013   -22.6842     1.7004     2.3943     0.2950
178.576855  12.630276  19.9934  18.2089  17.3423  16.9174  16.6362    0.08090000   0.00015326  24256.687    45.946192   0.407068   2.279687    -510.067 0   0.308537   0.239113   0.093003   0.055759   0.052843   -18.0518   -19.7668   -20.4873   -20.8750   -21.1533     1.7151     2.4356     0.3877
178.608784  12.641972  19.3198  17.5495  16.6500  16.2061  15.8790    0.07880000   0.00016670  23621.907    49.975403   0.418419   2.343254   -1144.847 1   0.434452   0.374168   0.153764   0.086926   0.053874   -18.7911   -20.5011   -21.1802   -21.5572   -21.8513     1.7100     2.3891     0.3771
177.999136  12.659818  19.1665  17.8861  17.2663  16.8817  16.6182    0.08950000   0.00009564  26843.507    28.672151   0.424410   2.376808    2076.752 1   0.226412   0.187559   0.109569   0.017767  -0.054645   -19.0167   -20.2582   -20.8000   -21.0928   -21.2839     1.2415     1.7834     0.2928
178.706866  12.720240  19.2561  17.8729  17.1927  16.8216  16.6268    0.08260000   0.00015919  24762.617    47.723961   0.443264   2.482396      -4.137 0   0.224854   0.162127   0.094014   0.019677  -0.013666   -18.7295   -20.0500   -20.6621   -20.9588   -21.1203     1.3205     1.9326     0.2968
178.169869  12.519773  18.7239  17.6516  17.3339  17.0275  16.9535    0.08150000   0.00007923  24445.317    23.752556   0.453066   2.537287    -321.437 0   0.170504   0.048905   0.088153  -0.083821  -0.038450   -19.1781   -20.1288   -20.4858   -20.6202   -20.7396     0.9507     1.3076     0.1344
178.304898  12.490604  19.5594  17.8467  16.9830  16.5667  16.2877    0.08150000   0.00015581  24433.205    46.710663   0.458941   2.570191    -333.549 0   0.319818   0.251008   0.101024   0.058961   0.051087   -18.4920   -20.1358   -20.8496   -21.2238   -21.4949     1.6439     2.3576     0.3742
178.676108  13.253543  19.0762  17.9435  17.4394  17.0566  16.8652    0.08180000   0.00008313  24535.884    24.921747   0.463296   2.594580    -230.870 0   0.181501   0.158172   0.107070  -0.016053  -0.103847   -18.8660   -19.9754   -20.4284   -20.6881   -20.7917     1.1094     1.5624     0.2597
178.554749  12.526600  19.8367  18.1080  17.2530  16.9670  16.5584    0.08010000   0.00014998  23999.855    44.962873   0.481865   2.698572    -766.899 1   0.274648   0.209932   0.085376   0.045968   0.046694   -18.1529   -19.8169   -20.5473   -20.7939   -21.2033     1.6640     2.3944     0.2466
178.466943  12.488648  20.0287  18.1481  17.2708  16.8647  16.5685    0.08110000   0.00017721  24313.018    53.126221   0.483198   2.706035    -453.736 0   0.293575   0.225406   0.082132   0.052353   0.054651   -17.9857   -19.7981   -20.5321   -20.9085   -21.2070     1.8124     2.5465     0.3763
178.718991  12.662464  19.5832  17.5365  16.6380  16.2450  15.8948    0.08100000   0.00017718  24292.693    53.117228   0.485186   2.717168    -474.062 0   0.315245   0.241879   0.087052   0.057783   0.057846   -18.4714   -20.4447   -21.1884   -21.5521   -21.9024     1.9733     2.7170     0.3637
178.796006  12.792730  18.7808  17.6736  17.0016  16.6585  16.5053    0.08430000   0.00008001  25275.952    23.986395   0.491926   2.754914     509.197 0   0.199386   0.286414   0.142908   0.021577  -0.086296   -19.2237   -20.4180   -20.9465   -21.1682   -21.2136     1.1942     1.7227     0.2218
178.849081  13.035760  20.0561  18.4585  17.6315  17.2839  17.0737    0.07960000   0.00018625  23851.368    55.836345   0.525195   2.941230    -915.386 1   0.254535   0.190407   0.088367   0.036924   0.033641   -17.8998   -19.4332   -20.1582   -20.4543   -20.6613     1.5335     2.2584     0.2962
178.763060  12.646641  18.9115  16.9321  15.9648  15.5175  15.1868    0.07890000   0.00022472  23666.006    67.369361   0.529328   2.964378   -1100.748 1   0.508512   0.413675   0.157278   0.102869   0.070869   -19.2579   -21.1424   -21.8533   -22.2462   -22.5449     1.8846     2.5955     0.3929
178.206017  12.429802  18.7765  16.8715  15.9782  15.5357  15.2097    0.08170000   0.00016761  24504.676    50.248214   0.530820   2.972730    -262.079 0   0.366930   0.284786   0.104482   0.071392   0.062088   -19.3245   -21.1474   -21.8604   -22.2698   -22.5865     1.8229     2.5359     0.4094
177.879513  12.630810  20.0530  18.3677  17.5754  17.2123  16.9448    0.09380000   0.00015177  28122.601    45.499501   0.532638   2.982911    3355.847 1   0.165700   0.121600   0.053964   0.026220   0.031450   -18.1692   -19.8104   -20.5351   -20.8704   -21.1432     1.6412     2.3659     0.3354
178.814286  12.719715  20.4940  18.6335  17.7554  17.3746  17.0810    0.08120000   0.00011972  24342.398    35.891153   0.535846   3.000875    -424.356 0   0.291599   0.224309   0.086687   0.051223   0.051547   -17.5183   -19.3115   -20.0520   -20.3973   -20.6912     1.7932     2.5337     0.3453
178.569720  12.469958  19.3450  17.4366  16.5417  16.1025  15.8073    0.08220000   0.00016133  24632.897    48.365517   0.538755   3.017166    -133.857 0   0.346939   0.267206   0.096615   0.065927   0.061086   -18.7493   -20.5780   -21.3023   -21.7108   -22.0012     1.8287     2.5530     0.4085
178.783810  12.636456  19.5789  17.8973  17.0706  16.6146  16.2833    0.08030000   0.00014264  24069.917    42.762396   0.551751   3.089950    -696.838 1   0.385818   0.332487   0.143112   0.074551   0.042228   -18.5061   -20.1344   -20.7717   -21.1592   -21.4581     1.6283     2.2656     0.3874
178.826493  12.681930  18.9602  17.3957  16.6000  16.2569  15.9961    0.08150000   0.00014662  24443.218    43.955570   0.563537   3.155954    -323.536 0   0.145330   0.106058   0.048211   0.023974   0.028079   -18.9167   -20.4419   -21.1798   -21.4986   -21.7635     1.5252     2.2631     0.3189
177.954268  12.507056  19.2163  18.0013  17.6017  17.3071  17.2733    0.08150000   0.00008277  24424.661    24.813822   0.566548   3.172814    -342.093 0   0.162461   0.047924   0.077386  -0.034899  -0.066049   -18.6777   -19.7782   -20.2072   -20.3895   -20.3922     1.1005     1.5295     0.1823
178.543420  12.419370  18.3232  16.5991  15.7205  15.2340  14.8868    0.08120000   0.00023953  24345.096    71.809287   0.573915   3.214074    -421.658 0   0.476419   0.414891   0.166287   0.094550   0.060546   -19.8739   -21.5365   -22.1665   -22.5812   -22.8944     1.6626     2.2926     0.4148
178.883023  12.754035  18.6333  17.6990  17.4178  17.1795  17.1552    0.08370000   0.00004543  25081.716    13.619571   0.584717   3.274570     314.962 0   0.139605   0.020969   0.074082  -0.037736  -0.019306   -19.3171   -20.1327   -20.4671   -20.5935   -20.6363     0.8157     1.1500     0.1265
178.518483  12.398176  18.3259  16.5721  15.6774  15.1876  14.8592    0.08340000   0.00019134  25004.790    57.362289   0.584965   3.275958     238.035 0   0.487701   0.428571   0.170927   0.095772   0.061863   -19.9436   -21.6382   -22.2753   -22.6899   -22.9844     1.6947     2.3317     0.4146
177.758703  13.172734  19.1627  17.7215  17.0429  16.6780  16.4205    0.08160000   0.00014919  24462.315    44.726037   0.588627   3.296466    -304.439 0   0.167836   0.102732   0.061180   0.018902   0.014424   -18.7393   -20.1154   -20.7525   -21.0751   -21.3281     1.3761     2.0131     0.3226
177.785497  13.249078  18.8587  16.9559  16.0230  15.6447  15.3300    0.08160000   0.00016572  24464.863    49.681606   0.598877   3.353870    -301.891 0   0.344293   0.265086   0.095851   0.065242   0.060820   -19.2198   -21.0434   -21.8071   -22.1548   -22.4650     1.8236     2.5873     0.3477
178.093455  12.385882  18.7479  17.6857  17.0953  16.7170  16.4856    0.08560000   0.00007679  25674.166    23.021063   0.604329   3.384402     907.412 1   0.196790   0.263471   0.136219   0.009982  -0.089930   -19.3059   -20.4348   -20.8979   -21.1500   -21.2815     1.1289     1.5920     0.2521
178.522334  12.372471  19.3682  17.3928  16.4197  15.9676  15.5976    0.09290000   0.00017414  27842.535    52.205859   0.610464   3.418756    3075.781 1   0.524192   0.422111   0.158684   0.105424   0.073256   -19.1728   -21.0462   -21.7558   -22.1547   -22.4925     1.8733     2.5830     0.3988
177.928991  12.460905  19.0750  17.4621  16.6904  16.3229  16.0493    0.09180000   0.00015914  27524.695    47.708972   0.618048   3.461229    2757.941 1   0.140017   0.101679   0.046684   0.023288   0.027060   -19.0770   -20.6516   -21.3683   -21.7124   -21.9898     1.5746     2.2913     0.3441
178.291725  12.331801  20.0003  18.2092  17.2675  16.8835  16.5445    0.08110000   0.00016147  24308.372    48.407488   0.618090   3.461465    -458.383 0   0.382071   0.300616   0.113110   0.076022   0.061495   -18.1026   -19.8122   -20.5664   -20.9133   -21.2378     1.7096     2.4638     0.3469
178.913466  12.730944  18.1108  16.2243  15.2568  14.8214  14.4713    0.08100000   0.00020531  24287.506    61.550390   0.620509   3.475015    -479.248 0   0.506879   0.413865   0.157850   0.102455   0.070418   -20.1354   -21.9289   -22.6404   -23.0204   -23.3384     1.7935     2.5050     0.3800
178.479914  13.563244  18.8246  16.8947  16.0255  15.6230  15.3405    0.08140000   0.00016895  24405.804    50.649936   0.633937   3.550213    -360.950 0   0.278795   0.213700   0.081764   0.048139   0.050636   -19.2042   -21.0691   -21.8063   -22.1752   -22.4602     1.8648     2.6021     0.3689
178.075856  12.359385  19.1912  17.8058  17.0658  16.6480  16.3425    0.09170000   0.00018383  27493.577    55.110848   0.635266   3.557655    2726.822 1   0.315725   0.278017   0.132862   0.051526   0.008614   -19.1130   -20.4607   -21.0556   -21.3920   -21.6546     1.3477     1.9425     0.3365
