138.335521  47.719386  18.5152  16.6586  15.8312  15.4167  15.1238    0.05180000   0.00016732  15523.493    50.161274   0.035467   0.129223     131.849 0   0.197942   0.155067   0.058880   0.033254   0.040337   -18.4219   -20.2356   -20.9668   -21.3557   -21.6556     1.8137     2.5449     0.3889
138.285892  47.673490  18.6706  16.7880  15.9901  15.5932  15.3162    0.05090000   0.00016841  15259.256    50.488048   0.049738   0.181221    -132.388 0   0.175472   0.134399   0.054956   0.029027   0.035139   -18.2315   -20.0730   -20.7915   -21.1624   -21.4455     1.8415     2.5600     0.3710
138.282223  47.708426  17.3137  15.3252  14.4668  14.0351  13.7430    0.05140000   0.00019929  15401.628    59.745639   0.054708   0.199330       9.983 0   0.259661   0.200305   0.072364   0.044542   0.050518   -19.6725   -21.6017   -22.3321   -22.7360   -23.0341     1.9291     2.6596     0.4039
138.435884  47.704599  17.6506  15.6684  14.8031  14.4006  14.1003    0.05150000   0.00018483  15435.564    55.410640   0.055944   0.203830      43.920 0   0.228864   0.178999   0.064795   0.038779   0.046138   -19.3047   -21.2370   -21.9881   -22.3646   -22.6723     1.9323     2.6834     0.3765
138.353095  47.768034  19.4401  17.9114  17.1194  16.6773  16.3730    0.05330000   0.00014970  15967.786    44.878931   0.081076   0.295401     576.141 0   0.350961   0.301821   0.135794   0.064169   0.030925   -17.7166   -19.1961   -19.8221   -20.1926   -20.4636     1.4796     2.1055     0.3705
138.221031  47.704378  18.1669  16.3801  15.5861  15.2016  14.9403    0.05260000   0.00017617  15772.531    52.814437   0.093167   0.339453     380.886 0   0.193690   0.141801   0.061955   0.028901   0.035084   -18.8037   -20.5386   -21.2527   -21.6042   -21.8717     1.7349     2.4491     0.3514
138.402257  47.776032  19.4413  17.6565  16.8380  16.4391  16.1906    0.05140000   0.00015334  15402.107    45.970176   0.094100   0.342855      10.463 0   0.242854   0.181764   0.076529   0.037616   0.041620   -17.5281   -19.2518   -19.9651   -20.3251   -20.5776     1.7237     2.4370     0.3600
138.272365  47.765033  18.8993  16.9975  16.1600  15.7295  15.4443    0.05080000   0.00016906  15227.898    50.682913   0.096619   0.352033    -163.747 0   0.228358   0.177820   0.065271   0.038364   0.045636   -18.0256   -19.8768   -20.6018   -21.0054   -21.2979     1.8513     2.5762     0.4036
138.314441  47.593723  19.9759  18.1189  17.3732  16.9798  16.6939    0.05220000   0.00013603  15659.719    40.780768   0.097578   0.355525     268.074 0   0.016132   0.016518   0.005702   0.004982   0.004115   -16.8218   -18.6792   -19.4141   -19.8068   -20.0918     1.8574     2.5923     0.3927
138.443991  47.769536  18.1260  16.7857  16.2533  15.8675  15.6228    0.04920000   0.00010497  14761.631    31.469214   0.101201   0.368724    -630.014 0   0.197243   0.136747   0.093795   0.001434  -0.073194   -18.7024   -19.9822   -20.4717   -20.7651   -20.9352     1.2798     1.7693     0.2934
138.470619  47.761635  19.5881  17.9113  17.1950  16.8372  16.5788    0.04960000   0.00013933  14869.736    41.770083   0.106866   0.389368    -521.909 0   0.081986   0.054966   0.025642   0.014626   0.015297   -17.1595   -18.8093   -19.4963   -19.8431   -20.1022     1.6498     2.3368     0.3468
138.205298  47.719182  19.8224  17.9993  17.2116  16.8558  16.6094    0.05340000   0.00015426  15993.988    46.245985   0.107073   0.390122     602.343 0   0.167877   0.121021   0.055184   0.025724   0.030779   -17.1766   -18.9528   -19.6747   -20.0010   -20.2525     1.7762     2.4981     0.3263
138.479477  47.603126  20.1398  18.3690  17.5920  17.2438  17.0536    0.05140000   0.00016908  15423.602    50.688909   0.117612   0.428520      31.958 0   0.165081   0.116157   0.055170   0.024548   0.028978   -16.7518   -18.4737   -19.1897   -19.5073   -19.7019     1.7219     2.4379     0.3176
138.394121  47.807202  19.7036  17.8987  17.1439  16.7663  16.5312    0.05030000   0.00015294  15077.462    45.850259   0.122772   0.447320    -314.182 0   0.173640   0.120809   0.058235   0.024680   0.029056   -17.1663   -18.9184   -19.6106   -19.9547   -20.1941     1.7521     2.4443     0.3440
138.347604  47.817088  17.6855  15.7897  14.9604  14.5480  14.2942    0.05050000   0.00018340  15129.356    54.981937   0.130242   0.474535    -262.288 0   0.217548   0.165506   0.065605   0.034696   0.041606   -19.2201   -21.0639   -21.7933   -22.1747   -22.4355     1.8438     2.5732     0.3815
138.156453  47.675183  18.8849  17.0131  16.2050  15.7895  15.5207    0.05260000   0.00015637  15781.675    46.878547   0.135520   0.493769     390.030 0   0.197936   0.152054   0.060119   0.032174   0.039139   -18.0899   -19.9158   -20.6320   -21.0195   -21.2953     1.8259     2.5421     0.3876
138.579873  47.727946  18.2381  16.3671  15.5436  15.1732  14.8712    0.05210000   0.00017147  15613.191    51.405413   0.155521   0.566639     221.547 0   0.116467   0.100021   0.038068   0.024502   0.027270   -18.6344   -20.4890   -21.2505   -21.6074   -21.9121     1.8546     2.6161     0.3568
138.136618  47.627418  17.9699  16.0986  15.2839  14.8803  14.6239    0.04900000   0.00016228  14692.169    48.650320   0.159874   0.582502    -699.476 1   0.223584   0.169342   0.067628   0.035364   0.042080   -18.8974   -20.7144   -21.4274   -21.7987   -22.0619     1.8171     2.5300     0.3713
138.114477  47.619433  19.2901  17.4540  16.6321  16.2353  15.9711    0.05130000   0.00015625  15383.550    46.842572   0.176691   0.643774      -8.094 0   0.230328   0.174444   0.069549   0.036604   0.042972   -17.6581   -19.4384   -20.1554   -20.5192   -20.7898     1.7802     2.4972     0.3639
138.528056  47.829190  18.2100  16.7603  16.0685  15.6913  15.4341    0.05210000   0.00015595  15614.390    46.752634   0.182970   0.666649     222.746 0   0.232584   0.169645   0.094349   0.023685  -0.001779   -18.7786   -20.1654   -20.7819   -21.0884   -21.3202     1.3868     2.0033     0.3065
138.075339  47.687323  18.4615  16.6044  15.8087  15.4130  15.1574    0.05180000   0.00016828  15516.658    50.449075   0.189609   0.690839     125.013 0   0.196675   0.146369   0.061793   0.030184   0.036756   -18.4743   -20.2811   -20.9922   -21.3563   -21.6185     1.8068     2.5179     0.3641
138.102612  47.769307  18.5952  16.9710  16.2612  15.9004  15.6992    0.04920000   0.00013544  14740.825    40.603891   0.190002   0.692271    -650.819 0   0.172992   0.108776   0.062147   0.020014   0.017857   -18.2090   -19.7690   -20.4321   -20.7508   -20.9499     1.5600     2.2232     0.3187
138.640554  47.657766  19.8959  18.2962  17.5422  17.2116  16.9251    0.05090000   0.00017648  15245.885    52.907373   0.193109   0.703592    -145.759 0   0.085735   0.060807   0.027374   0.016095   0.017119   -16.9164   -18.4912   -19.2118   -19.5311   -19.8186     1.5748     2.2953     0.3193
138.586753  47.812951  20.1385  18.3089  17.5623  17.2010  16.9742    0.05090000   0.00013662  15248.704    40.957646   0.199462   0.726739    -142.941 0   0.125263   0.086802   0.042248   0.020570   0.023036   -16.7134   -18.5045   -19.2065   -19.5462   -19.7754     1.7911     2.4932     0.3396
138.663650  47.693427  17.5528  16.1049  15.4118  15.0279  14.7553    0.05240000   0.00010282  15719.857    30.824661   0.206531   0.752494     328.213 0   0.252359   0.195136   0.103781   0.032049   0.000609   -19.4895   -20.8801   -21.4819   -21.7941   -22.0352     1.3907     1.9924     0.3122
138.112738  47.812496  18.4928  16.7380  15.9231  15.5493  15.2600    0.05210000   0.00016302  15607.495    48.872167   0.206851   0.753662     215.851 0   0.191354   0.144475   0.059558   0.030339   0.036957   -18.4546   -20.1625   -20.8925   -21.2371   -21.5330     1.7079     2.4379     0.3446
138.058353  47.745444  19.0784  17.1835  16.3758  15.9755  15.7064    0.05060000   0.00017278  15182.749    51.798141   0.209366   0.762825    -208.895 0   0.177509   0.136936   0.055149   0.029588   0.035842   -17.7870   -19.6413   -20.3673   -20.7420   -21.0174     1.8543     2.5802     0.3747
138.082049  47.580048  17.3504  15.7120  14.9428  14.5866  14.2541    0.04880000   0.00017487  14641.414    52.424707   0.213770   0.778871    -750.231 1   0.066695   0.057809   0.022182   0.015966   0.015902   -19.3511   -20.9806   -21.7141   -22.0641   -22.3966     1.6295     2.3631     0.3500
138.104862  47.547557  17.5241  15.5311  14.6639  14.2369  13.9476    0.04980000   0.00019039  14938.029    57.077486   0.219668   0.800360    -453.616 0   0.249636   0.193260   0.069918   0.042551   0.049081   -19.4000   -21.3366   -22.0805   -22.4801   -22.7759     1.9366     2.6805     0.3996
138.029034  47.746558  18.7332  17.6687  17.3144  17.0171  16.9473    0.05110000   0.00007436  15323.382    22.292567   0.228673   0.833168     -68.263 0   0.170641   0.047285   0.085639  -0.070295  -0.044805   -18.1726   -19.1137   -19.5064   -19.6478   -19.7430     0.9411     1.3338     0.1414
138.062661  47.805985  18.1598  17.0003  16.5515  16.2638  16.1222    0.05250000   0.00008682  15748.458    26.027981   0.231124   0.842099     356.813 0   0.155856   0.053928   0.071984  -0.015043  -0.076560   -18.7858   -19.8434   -20.3103   -20.5109   -20.5910     1.0576     1.5244     0.2007
138.014961  47.725748  18.1865  16.2682  15.4527  15.0458  14.7936    0.05120000   0.00017688  15362.865    53.027290   0.233492   0.850727     -28.780 0   0.205158   0.155793   0.062592   0.032502   0.039560   -18.7367   -20.6057   -21.3280   -21.7048   -21.9640     1.8689     2.5912     0.3768
137.996125  47.696068  18.4030  16.9443  16.2999  15.9523  15.7656    0.05050000   0.00013886  15128.247    41.629181   0.243103   0.885746    -263.398 0   0.154331   0.084607   0.059452   0.015370  -0.003102   -18.4394   -19.8284   -20.4476   -20.7511   -20.9193     1.3890     2.0082     0.3035
138.009239  47.763395  17.5988  15.6716  14.8406  14.4385  14.1465    0.05260000   0.00019978  15775.199    59.892537   0.246255   0.897231     383.554 0   0.196461   0.154671   0.058271   0.033284   0.040347   -19.3745   -21.2599   -21.9945   -22.3717   -22.6707     1.8854     2.6200     0.3771
137.973902  47.683752  18.6701  16.9869  16.1855  15.7900  15.5149    0.05300000   0.00015226  15899.193    45.646400   0.257915   0.939712     507.549 0   0.247737   0.184670   0.081109   0.037396   0.039048   -18.3881   -20.0082   -20.7061   -21.0579   -21.3346     1.6201     2.3180     0.3518
138.496370  47.935466  18.5384  16.6404  15.7895  15.3847  15.0994    0.05020000   0.00016273  15039.718    48.785227   0.265590   0.967675    -351.926 0   0.237117   0.182354   0.068831   0.039224   0.045919   -18.3951   -20.2384   -20.9757   -21.3509   -21.6429     1.8432     2.5806     0.3752
138.646368  47.495366  18.1613  16.3569  15.6064  15.2427  14.9760    0.05050000   0.00015763  15147.344    47.256285   0.273257   0.995611    -244.301 0   0.089451   0.067544   0.029117   0.017706   0.019002   -18.6162   -20.3987   -21.1108   -21.4631   -21.7311     1.7825     2.4946     0.3523
138.611704  47.430384  18.8137  16.9383  16.0228  15.5394  15.1242    0.04950000   0.00016681  14834.990    50.008380   0.308628   1.124484    -556.655 0   0.475391   0.389246   0.150251   0.097308   0.066548   -18.3275   -20.1167   -20.7933   -21.2237   -21.6081     1.7893     2.4658     0.4305
138.764486  47.879992  18.4300  16.6536  15.7456  15.3524  15.0711    0.05140000   0.00017153  15414.039    51.423400   0.335400   1.222028      22.394 0   0.347089   0.272296   0.104418   0.066724   0.057215   -18.6436   -20.3453   -21.0854   -21.4409   -21.7127     1.7016     2.4417     0.3555
138.765763  47.906044  19.6531  18.0044  17.2492  16.8836  16.6341    0.05050000   0.00015705  15138.920    47.082406   0.351709   1.281453    -252.725 0   0.168194   0.115537   0.056975   0.023803   0.027606   -17.2031   -18.7992   -19.4958   -19.8283   -20.0816     1.5960     2.2927     0.3324
138.072775  48.039456  19.0178  17.3773  16.5777  16.1365  15.7978    0.04950000   0.00016362  14849.560    49.052042   0.401041   1.461193    -542.085 0   0.341695   0.280628   0.122086   0.064297   0.041531   -17.9897   -19.5691   -20.2102   -20.5936   -20.9095     1.5794     2.2205     0.3834
137.693348  47.578862  19.7353  17.6827  16.7804  16.2928  15.9456    0.04970000   0.00015044  14909.998    45.100777   0.459659   1.674766    -481.647 0   0.475963   0.390446   0.150950   0.097342   0.066419   -17.4153   -19.3823   -20.0451   -20.4791   -20.7954     1.9671     2.6299     0.4340
137.727693  47.866117  19.8422  18.0566  17.3096  16.9203  16.6758    0.05160000   0.00015120  15460.597    45.328620   0.459947   1.675816      68.952 0   0.180188   0.127181   0.059696   0.025793   0.030784   -17.0730   -18.8056   -19.4851   -19.8405   -20.0900     1.7326     2.4121     0.3554
138.273966  47.217971  18.7486  17.6008  17.2877  17.0151  16.9988    0.05210000   0.00007799  15617.208    23.380814   0.472348   1.721000     225.564 0   0.165638   0.032152   0.083327  -0.066590  -0.026898   -18.1731   -19.1874   -19.5517   -19.6744   -19.7304     1.0143     1.3786     0.1227
139.055249  47.774211  17.8226  16.2873  15.6212  15.2845  15.0344    0.04980000   0.00013640  14921.750    40.891691   0.478069   1.741845    -469.895 0   0.039677   0.022941   0.009889   0.006414   0.006108   -18.8915   -20.4101   -21.0631   -21.3964   -21.6462     1.5186     2.1716     0.3332
137.644651  47.758250  18.1127  16.3752  15.5333  15.1200  14.8141    0.05030000   0.00015293  15088.944    45.847261   0.484803   1.766381    -302.700 0   0.280388   0.214956   0.085730   0.047832   0.048503   -18.8640   -20.5360   -21.2487   -21.6241   -21.9307     1.6721     2.3847     0.3754
138.018677  47.257055  18.8454  17.0606  16.2697  15.8966  15.6364    0.03970000   0.00015602  11916.600    46.773619   0.486543   1.772717   -3475.044 1   0.183979   0.135923   0.058710   0.028359   0.034490   -17.5179   -19.2547   -19.9684   -20.3111   -20.5775     1.7367     2.4504     0.3427
137.667286  47.872725  18.8452  17.1560  16.3591  15.9618  15.7036    0.05320000   0.00015688  15935.348    47.031441   0.500070   1.822004     543.704 0   0.241291   0.179244   0.078019   0.036325   0.039334   -18.2148   -19.8419   -20.5376   -20.8932   -21.1544     1.6272     2.3228     0.3556
137.694783  47.942138  18.5634  16.7195  15.9226  15.5575  15.2942    0.05150000   0.00016861  15426.930    50.548006   0.513639   1.871443      35.286 0   0.182223   0.135103   0.058056   0.028333   0.034474   -18.3452   -20.1420   -20.8619   -21.1973   -21.4667     1.7968     2.5166     0.3354
139.075393  47.908120  18.5409  16.6663  15.8644  15.4895  15.2110    0.05170000   0.00015998  15490.006    47.960797   0.531762   1.937475      98.362 0   0.145396   0.115416   0.046530   0.026536   0.031078   -18.3437   -20.1884   -20.9214   -21.2763   -21.5593     1.8446     2.5776     0.3549
137.673451  47.958523  20.1284  18.3248  17.5821  17.2258  17.0035    0.05160000   0.00016659  15466.203    49.942426   0.534289   1.946679      74.558 0   0.114896   0.076843   0.038526   0.018723   0.020254   -16.7215   -18.4871   -19.1914   -19.5279   -19.7518     1.7655     2.4699     0.3365
138.667712  47.160546  18.7958  17.8026  17.3984  17.1933  17.1037    0.04120000   0.00018498  12361.732    55.455609   0.566484   2.063984   -3029.912 1   0.079455   0.014696   0.030523  -0.001926  -0.024999   -17.5495   -18.4779   -18.8979   -19.0706   -19.1371     0.9284     1.3485     0.1727
139.140930  47.441757  19.9825  18.4134  17.7423  17.4226  17.1845    0.05000000   0.00016992  14993.640    50.940734   0.581927   2.120250    -398.004 0   0.060117   0.034292   0.016541   0.009413   0.008560   -16.7653   -18.3086   -18.9620   -19.2745   -19.5118     1.5433     2.1966     0.3126
137.590233  47.339870  18.5616  17.0749  16.4299  16.0190  15.7999    0.05250000   0.00008052  15725.194    24.139289   0.622039   2.266400     333.549 0   0.217898   0.151318   0.088538   0.018462  -0.008015   -18.4461   -19.8662   -20.4484   -20.7892   -20.9819     1.4201     2.0023     0.3408
139.295423  47.813790  18.1031  16.6028  15.9507  15.5936  15.3461    0.04950000   0.00014523  14840.086    43.538859   0.644326   2.347600    -551.558 0   0.160718   0.093277   0.060241   0.017001   0.006525   -18.7234   -20.1563   -20.7753   -21.0892   -21.3262     1.4329     2.0519     0.3139
137.627893  47.257448  19.3233  17.5473  16.7581  16.3842  16.0665    0.04990000   0.00014406  14963.691    43.188101   0.652242   2.376444    -427.954 0   0.071904   0.065936   0.024553   0.017926   0.017919   -17.4320   -19.2020   -19.9498   -20.3171   -20.6348     1.7700     2.5178     0.3673
137.391613  47.610463  18.1477  17.1532  16.8922  16.6831  16.6139    0.05030000   0.00008070  15094.250    24.193251   0.654371   2.384200    -297.394 0   0.117375   0.015215   0.060061  -0.024374  -0.012632   -18.6659   -19.5583   -19.8641   -19.9888   -20.0697     0.8923     1.1982     0.1247
139.330447  47.762497  18.7616  17.3149  16.5983  16.2068  15.9248    0.05110000   0.00017211  15332.735    51.597280   0.659640   2.403397     -58.909 0   0.265655   0.209725   0.107801   0.037507   0.007189   -18.2392   -19.6300   -20.2447   -20.5659   -20.8175     1.3908     2.0054     0.3212
139.283565  47.411768  18.2190  16.9566  16.3735  16.0140  15.7955    0.05050000   0.00008556  15147.973    25.650243   0.681771   2.484031    -243.671 0   0.203278   0.149678   0.098154   0.005963  -0.071051   -18.6723   -19.8811   -20.4127   -20.6800   -20.8215     1.2088     1.7404     0.2673
139.369183  47.784552  18.3913  17.2708  16.7707  16.4850  16.3228    0.04930000   0.00009390  14774.582    28.150512   0.688329   2.507926    -617.063 1   0.124181   0.043834   0.054448   0.005753  -0.058988   -18.3639   -19.4041   -19.9148   -20.1518   -20.2493     1.0402     1.5509     0.2370
139.442457  47.703631  19.1155  17.8802  17.3848  17.1131  17.1110    0.05100000   0.00022908  15297.660    68.676456   0.730898   2.663024     -93.985 0   0.007443   0.002177   0.001541   0.001010  -0.003281   -17.6184   -18.8484   -19.3432   -19.6144   -19.6122     1.2300     1.7248     0.2712
139.482554  47.564757  17.2783  15.4924  14.7329  14.3613  14.0852    0.05030000   0.00017902  15091.193    53.668846   0.767498   2.796379    -300.452 0   0.087943   0.070588   0.028959   0.018559   0.019743   -19.5059   -21.2745   -21.9923   -22.3535   -22.6308     1.7685     2.4864     0.3612
139.537546  47.689609  18.4527  16.7725  15.8894  15.4223  15.0565    0.04980000   0.00010216  14927.476    30.626798   0.794724   2.895577    -464.169 0   0.442658   0.377817   0.153460   0.089083   0.056723   -18.6644   -20.2798   -20.9385   -21.3412   -21.6747     1.6154     2.2741     0.4027
137.272919  47.335763  18.9170  17.8205  17.4328  17.1637  17.0639    0.05060000   0.00008188  15174.835    24.547006   0.809906   2.950893    -216.810 0   0.145644   0.034042   0.072273  -0.025290  -0.050417   -17.9166   -18.9015   -19.3274   -19.4989   -19.5736     0.9849     1.4108     0.1715
138.233678  46.867080  18.8555  17.3224  16.7869  16.4725  16.2801    0.05140000   0.00013159  15400.968    39.449690   0.824112   3.002652       9.324 0   0.131392   0.059129   0.053664   0.011997  -0.033001   -18.0025   -19.4633   -19.9933   -20.2661   -20.4135     1.4608     1.9909     0.2727
137.331061  47.099650  17.7986  16.4856  15.8505  15.5228  15.2657    0.05110000   0.00016169  15330.607    48.473443   0.906624   3.303282     -61.038 0   0.104570   0.053241   0.035637   0.013786   0.002352   -19.0411   -20.3028   -20.9203   -21.2261   -21.4718     1.2617     1.8792     0.3058
137.116367  47.321633  17.3824  15.9044  15.2491  14.9067  14.7177    0.05090000   0.00015902  15255.089    47.672997   0.911593   3.321386    -136.555 0   0.124750   0.067825   0.045144   0.015694   0.006178   -19.4690   -20.8900   -21.5226   -21.8356   -22.0151     1.4211     2.0537     0.3129
138.828878  46.795457  19.3011  18.1159  17.6946  17.4387  17.3131    0.04120000   0.00007533  12350.430    22.583366   0.946443   3.448365   -3041.215 1   0.113014   0.028217   0.051384  -0.002545  -0.048716   -17.0777   -18.1781   -18.6226   -18.8246   -18.9040     1.1004     1.5449     0.2020
