189.476642  15.216400  19.2054  17.4337  16.5588  16.1675  15.8220    0.07240000   0.00017766  21694.121    53.261128   0.006575   0.032396     421.448 0   0.326021   0.255557   0.100884   0.060809   0.053216   -18.5941   -20.2953   -21.0155   -21.3667   -21.7047     1.7012     2.4215     0.3512
189.463382  15.215032  19.6671  17.8565  16.9793  16.5839  16.2958    0.07090000   0.00016289  21249.020    48.833193   0.006580   0.032421     -23.654 0   0.290775   0.223640   0.086606   0.050983   0.051340   -18.0727   -19.8162   -20.5563   -20.9161   -21.2046     1.7435     2.4836     0.3598
189.476894  15.227289  18.7054  17.0679  16.1666  15.7743  15.3892    0.06920000   0.00015789  20760.328    47.334231   0.012260   0.060406    -512.345 0   0.384509   0.313193   0.126182   0.077312   0.054886   -19.0752   -20.6414   -21.3557   -21.6992   -22.0618     1.5662     2.2805     0.3434
189.465284  15.229078  19.9192  18.0953  17.2068  16.7984  16.5056    0.07310000   0.00016757  21908.233    50.236222   0.012789   0.063011     635.560 0   0.328360   0.255493   0.097456   0.061375   0.055994   -17.9248   -19.6758   -20.4063   -20.7786   -21.0660     1.7510     2.4815     0.3723
189.471751  15.180828  19.5087  17.5275  16.6076  16.1938  15.8611    0.06920000   0.00019539  20737.124    58.576448   0.036295   0.178827    -535.549 0   0.352028   0.271369   0.098221   0.067255   0.061532   -18.2395   -20.1400   -20.8868   -21.2696   -21.5966     1.9005     2.6473     0.3828
189.487216  15.172156  20.0540  18.2336  17.4135  17.0238  16.7556    0.06820000   0.00015734  20450.732    47.169345   0.047940   0.236205    -821.941 0   0.224940   0.168224   0.069668   0.034567   0.040697   -17.5141   -19.2778   -19.9993   -20.3539   -20.6282     1.7637     2.4852     0.3546
189.454238  15.281630  19.7320  17.9908  17.0980  16.7127  16.3988    0.07170000   0.00015659  21481.299    46.944501   0.066291   0.326620     208.626 0   0.340012   0.270314   0.109034   0.065084   0.052141   -18.0603   -19.7318   -20.4633   -20.8046   -21.1056     1.6715     2.4030     0.3413
189.507583  15.153408  19.6751  17.9790  17.1772  16.7901  16.5862    0.07380000   0.00014388  22130.679    43.134139   0.073338   0.361339     858.006 0   0.242980   0.180273   0.079589   0.036233   0.038384   -18.0831   -19.7165   -20.4176   -20.7613   -20.9674     1.6334     2.3345     0.3437
189.472112  15.292145  18.8695  17.2876  16.5477  16.1464  15.8514    0.06780000   0.00016599  20333.453    49.762550   0.075100   0.370020    -939.220 1   0.193638   0.136072   0.064396   0.026413   0.031212   -18.6545   -20.1788   -20.8470   -21.2103   -21.5101     1.5243     2.1926     0.3633
189.379712  15.247062  19.7011  18.1997  17.6883  17.3806  17.2289    0.07010000   0.00011262  21015.571    33.762627   0.092013   0.453356    -257.102 0   0.137131   0.057037   0.058915   0.007977  -0.053655   -17.8571   -19.2784   -19.7917   -20.0484   -20.1385     1.4213     1.9346     0.2568
189.401111  15.303032  19.9230  18.3055  17.5011  17.1381  16.8603    0.07260000   0.00016161  21767.331    48.449459   0.108580   0.534978     494.658 0   0.224731   0.163219   0.074108   0.031770   0.035369   -17.7812   -19.3372   -20.0525   -20.3731   -20.6545     1.5560     2.2713     0.3207
189.392772  15.125944  19.4342  18.4875  18.0981  17.8099  17.7148    0.07650000   0.00008145  22927.348    24.418096   0.117639   0.579614    1654.674 1   0.151020   0.093870   0.096992  -0.083865  -0.056527   -18.3104   -19.1999   -19.5924   -19.6998   -19.8222     0.8895     1.2821     0.1073
189.479291  15.091490  18.8067  17.3643  16.6960  16.3139  16.0728    0.07060000   0.00018713  21173.892    56.100163   0.125916   0.620396     -98.782 0   0.222880   0.157531   0.090452   0.020039  -0.005573   -18.8347   -20.2118   -20.8130   -21.1247   -21.3402     1.3771     1.9783     0.3117
189.320989  15.188120  19.1325  17.8071  17.1746  16.8187  16.5482    0.07770000   0.00017086  23288.268    51.222539   0.146544   0.722034    2015.595 1   0.217069   0.163000   0.099838   0.014789  -0.047263   -18.7332   -20.0046   -20.5739   -20.8448   -21.0532     1.2713     1.8407     0.2709
189.493582  15.062705  20.2766  18.3780  17.5661  17.2175  16.9003    0.07050000   0.00015881  21149.219    47.610040   0.156059   0.768914    -123.455 0   0.083306   0.077385   0.028466   0.020428   0.021021   -17.2402   -19.1329   -19.8958   -20.2364   -20.5542     1.8927     2.6557     0.3406
189.515631  15.372583  19.1658  17.5585  16.8028  16.4131  16.1484    0.07050000   0.00015715  21148.289    47.112385   0.161655   0.796487    -124.384 0   0.241767   0.177417   0.083718   0.033530   0.032037   -18.5094   -20.0524   -20.7144   -21.0539   -21.3171     1.5430     2.2050     0.3395
189.412147  15.369901  19.8799  18.3046  17.5880  17.2292  16.9663    0.07300000   0.00019219  21872.198    57.617113   0.162656   0.801415     599.525 0   0.092140   0.061540   0.029535   0.016010   0.016882   -17.7218   -19.2665   -19.9511   -20.2964   -20.5601     1.5447     2.2293     0.3453
189.358373  15.085093  18.3034  16.4943  15.6499  15.2242  14.9675    0.07180000   0.00016297  21531.334    48.857177   0.170275   0.838956     258.661 0   0.267456   0.204389   0.079166   0.045185   0.048714   -19.4406   -21.1866   -21.9058   -22.2975   -22.5578     1.7460     2.4652     0.3917
189.460957  15.039972  19.8072  18.0530  17.1805  16.7138  16.4232    0.07070000   0.00014506  21208.188    43.487894   0.177314   0.873637     -64.485 0   0.432235   0.372982   0.153715   0.086357   0.053137   -18.0467   -19.7416   -20.3949   -20.7942   -21.0516     1.6949     2.3482     0.3993
189.525522  15.387639  18.4256  16.5305  15.6826  15.2990  15.0268    0.07080000   0.00016086  21231.782    48.224615   0.178818   0.881047     -40.892 0   0.259712   0.198058   0.077294   0.043252   0.047438   -19.2801   -21.1135   -21.8407   -22.1902   -22.4666     1.8334     2.5606     0.3496
189.594217  15.350468  18.9682  17.2019  16.3367  15.8737  15.5271    0.07060000   0.00015758  21176.500    47.241296   0.179419   0.884010     -96.173 0   0.432023   0.365901   0.148945   0.087164   0.055900   -18.8824   -20.5826   -21.2308   -21.6320   -21.9474     1.7002     2.3484     0.4012
189.304524  15.311292  19.4444  18.1416  17.5376  17.2134  16.9897    0.07340000   0.00016945  22012.711    50.799832   0.185285   0.912910     740.038 0   0.125407   0.061460   0.047813   0.014099  -0.010929   -18.2056   -19.4444   -20.0348   -20.3253   -20.5240     1.2389     1.8292     0.2905
189.284931  15.138556  18.3213  16.7078  15.9002  15.4858  15.1728    0.07270000   0.00018698  21786.008    56.055194   0.194960   0.960580     513.335 0   0.333111   0.272645   0.119987   0.061626   0.039455   -19.5155   -21.0685   -21.7235   -22.0795   -22.3703     1.5530     2.2080     0.3560
189.270329  15.258789  18.0659  16.2136  15.3367  14.9399  14.6270    0.07630000   0.00017588  22869.878    52.727498   0.197005   0.970657    1597.204 1   0.284620   0.218462   0.081621   0.049901   0.052452   -19.8278   -21.6139   -22.3540   -22.7190   -23.0345     1.7861     2.5262     0.3651
189.682214  15.179551  19.8899  18.1600  17.3938  17.0528  16.7796    0.07380000   0.00014656  22137.485    43.937583   0.208313   1.026371     864.811 0   0.079854   0.059230   0.025515   0.015866   0.016748   -17.7052   -19.4144   -20.1469   -20.4783   -20.7523     1.7093     2.4418     0.3314
189.245867  15.138869  18.2797  16.3216  15.4116  15.0028  14.6916    0.07320000   0.00018155  21932.546    54.427321   0.229858   1.132523     659.873 0   0.329730   0.253464   0.091573   0.061499   0.059309   -19.5474   -21.4293   -22.1774   -22.5561   -22.8651     1.8818     2.6299     0.3787
189.305094  15.392447  19.5896  17.8970  17.0167  16.5905  16.2902    0.07150000   0.00014867  21420.951    44.570145   0.236714   1.166304     148.277 0   0.392647   0.328987   0.137071   0.078286   0.050160   -18.2460   -19.8750   -20.5634   -20.9308   -21.2029     1.6289     2.3173     0.3674
189.239545  15.130839  20.2760  18.2876  17.3844  16.9310  16.6161    0.07370000   0.00015360  22097.882    46.048122   0.238389   1.174557     825.209 0   0.381632   0.297467   0.109659   0.075377   0.063004   -17.6391   -19.5433   -20.2587   -20.6778   -20.9804     1.9042     2.6196     0.4191
189.213847  15.149604  20.0201  18.3925  17.4997  17.0538  16.7458    0.07320000   0.00014425  21953.082    43.245062   0.256089   1.261768     680.409 0   0.437490   0.403511   0.168333   0.084945   0.046556   -17.9148   -19.5084   -20.1660   -20.5285   -20.7982     1.5936     2.2512     0.3625
189.206539  15.249664  18.5514  17.4494  17.0183  16.7399  16.5579    0.07570000   0.00008630  22689.253    25.872089   0.256173   1.262182    1416.579 1   0.139106   0.040831   0.065911  -0.009204  -0.064775   -19.1583   -20.1620   -20.6182   -20.8215   -20.9479     1.0037     1.4599     0.2033
189.235366  15.337482  19.1024  17.2637  16.4238  16.0522  15.7672    0.07210000   0.00015631  21608.381    46.860559   0.256317   1.262891     335.708 0   0.233573   0.176631   0.070800   0.037104   0.043135   -18.5956   -20.3773   -21.1114   -21.4493   -21.7403     1.7818     2.5158     0.3379
189.317883  15.447500  19.2698  17.4582  16.6054  16.2378  15.9170    0.07570000   0.00016080  22706.461    48.206627   0.273133   1.345742    1433.787 1   0.161129   0.133097   0.049142   0.030023   0.035567   -18.4619   -20.2455   -21.0144   -21.3628   -21.6892     1.7836     2.5524     0.3485
189.295541  15.434212  18.3435  16.8637  16.1457  15.8164  15.6429    0.07290000   0.00015739  21844.437    47.184335   0.274668   1.353307     571.764 0   0.089587   0.052686   0.028113   0.013851   0.012620   -19.2558   -20.6987   -21.3921   -21.7071   -21.8794     1.4429     2.1363     0.3150
189.750560  15.269906  18.3300  16.4257  15.5305  15.1308  14.8069    0.07110000   0.00020775  21320.370    62.281883   0.275958   1.359663      47.697 0   0.304724   0.234211   0.086085   0.055072   0.055632   -19.4299   -21.2637   -22.0108   -22.3795   -22.7039     1.8338     2.5809     0.3687
189.284699  15.428175  18.4324  16.4524  15.5993  15.1859  14.8719    0.07140000   0.00016991  21396.398    50.937737   0.276562   1.362637     123.724 0   0.242119   0.187789   0.068268   0.040979   0.047874   -19.2528   -21.1785   -21.9121   -22.2982   -22.6191     1.9257     2.6592     0.3861
189.277033  15.435986  18.5673  16.6857  15.8188  15.4313  15.1171    0.07200000   0.00017213  21591.113    51.603276   0.287304   1.415563     318.440 0   0.249768   0.191754   0.072012   0.041834   0.047794   -19.1407   -20.9642   -21.7114   -22.0687   -22.3889     1.8236     2.5707     0.3573
189.271720  15.448130  18.8473  16.9326  16.0794  15.6811  15.3843    0.07160000   0.00016953  21471.945    50.823815   0.299902   1.477638     199.272 0   0.214554   0.168581   0.061831   0.036239   0.043701   -18.8165   -20.6852   -21.4316   -21.8043   -22.1086     1.8687     2.6152     0.3727
189.729889  15.015470  17.8710  16.5167  15.8499  15.4940  15.2711    0.07110000   0.00014659  21325.796    43.946576   0.321870   1.585872      53.123 0   0.232323   0.181671   0.104762   0.022655  -0.032882   -19.8165   -21.1202   -21.7100   -21.9838   -22.1512     1.3036     1.8935     0.2738
189.778571  15.358434  17.6689  15.7522  14.8673  14.4862  14.1763    0.07110000   0.00019277  21323.038    57.790992   0.329722   1.624559      50.365 0   0.273742   0.210077   0.077959   0.047374   0.051384   -20.0600   -21.9131   -22.6658   -23.0164   -23.3303     1.8530     2.6058     0.3505
189.813017  15.286412  19.3372  17.7019  16.8668  16.4674  16.1697    0.07180000   0.00020603  21514.366    61.766240   0.338303   1.666838     241.693 0   0.309768   0.245900   0.106781   0.055429   0.041999   -18.4491   -20.0205   -20.7165   -21.0646   -21.3488     1.5714     2.2674     0.3480
189.586308  15.539552  19.6920  17.9196  17.0895  16.6722  16.3457    0.07250000   0.00016217  21726.409    48.617343   0.341490   1.682542     453.736 0   0.175318   0.142225   0.052609   0.031429   0.037708   -17.9566   -19.6959   -20.4364   -20.8325   -21.1653     1.7393     2.4798     0.3961
189.524524  14.876299  19.0426  17.9290  17.4438  17.0941  16.9437    0.07680000   0.00008685  23017.765    26.036975   0.344835   1.699025    1745.092 1   0.175296   0.129349   0.100233  -0.027873  -0.102196   -18.7318   -19.7994   -20.2555   -20.4771   -20.5532     1.0677     1.5237     0.2216
189.788631  15.378864  19.7750  18.0056  17.1913  16.7800  16.5433    0.07130000   0.00016252  21389.622    48.722270   0.347545   1.712374     116.949 0   0.248288   0.186987   0.077288   0.039316   0.043209   -17.9346   -19.6427   -20.3473   -20.7206   -20.9612     1.7081     2.4127     0.3733
189.430121  15.571293  20.1140  19.3368  19.0995  18.6973  18.6750    0.07120000   0.00004171  21356.615    12.504343   0.356286   1.755444      83.942 0   0.170257   0.050316   0.088541  -0.084883  -0.039144   -17.4933   -18.1505   -18.4260   -18.6548   -18.7229     0.6573     0.9328     0.2288
189.515140  14.855697  19.7736  18.4478  17.8307  17.4045  17.1480    0.07620000   0.00008288  22841.367    24.846799   0.364011   1.793505    1568.694 1   0.237925   0.197904   0.111671   0.023220  -0.041163   -18.0493   -19.3351   -19.8659   -20.2037   -20.3958     1.2858     1.8166     0.3377
189.782505  15.472291  18.8396  17.2823  16.5054  16.0841  15.8153    0.07010000   0.00015955  21024.535    47.831887   0.395151   1.946934    -248.138 0   0.314169   0.258030   0.119461   0.054461   0.028732   -18.8956   -20.3968   -21.0351   -21.3914   -21.6345     1.5012     2.1395     0.3563
189.853828  15.361710  20.1489  18.2399  17.3747  17.0283  16.6976    0.07210000   0.00017866  21629.786    53.560921   0.397732   1.959648     357.113 0   0.167245   0.137528   0.050515   0.030765   0.036644   -17.4827   -19.3620   -20.1402   -20.4669   -20.8034     1.8793     2.6575     0.3266
189.573884  14.823070  19.2503  17.6481  16.8739  16.4473  16.1137    0.07160000   0.00008972  21474.853    26.897379   0.406591   2.003300     202.180 0   0.307042   0.247134   0.112684   0.053470   0.033535   -18.5060   -20.0482   -20.6880   -21.0554   -21.3690     1.5423     2.1820     0.3674
189.822947  15.464857  19.2912  17.4379  16.5272  16.0861  15.6874    0.06980000   0.00015901  20933.008    47.669999   0.421276   2.075652    -339.665 0   0.454722   0.367515   0.140810   0.093708   0.065661   -18.5572   -20.3233   -21.0073   -21.4013   -21.7720     1.7661     2.4501     0.3940
189.662589  14.838500  19.7532  17.8879  17.0516  16.7061  16.4274    0.07360000   0.00016576  22059.898    49.693598   0.421787   2.078170     787.225 0   0.159230   0.123908   0.050468   0.027647   0.032967   -17.9365   -19.7665   -20.5294   -20.8521   -21.1361     1.8300     2.5928     0.3227
189.694063  15.613765  19.3193  17.7044  16.7398  16.2980  15.8665    0.06890000   0.00020685  20659.867    62.012070   0.451844   2.226265    -612.806 0   0.546941   0.445726   0.167850   0.107477   0.075107   -18.5931   -20.1067   -20.7935   -21.1749   -21.5740     1.5137     2.2004     0.3814
189.885351  15.432044  16.9853  15.5108  14.8201  14.4439  14.2313    0.07290000   0.00017285  21842.129    51.819126   0.454914   2.241390     569.456 0   0.218395   0.150528   0.084546   0.021463   0.006073   -20.7428   -22.1494   -22.7741   -23.0872   -23.2845     1.4066     2.0314     0.3131
189.901121  15.439001  19.3161  17.4947  16.6041  16.1688  15.8627    0.07190000   0.00016672  21540.598    49.981399   0.471614   2.323674     267.925 0   0.365967   0.288090   0.109615   0.071908   0.059324   -18.5082   -20.2517   -20.9638   -21.3614   -21.6550     1.7435     2.4556     0.3976
189.830049  15.546808  19.9599  18.1281  17.2666  16.9036  16.5565    0.07100000   0.00017040  21298.425    51.084635   0.479080   2.360456      25.752 0   0.198045   0.157610   0.057895   0.034108   0.041273   -17.6870   -19.4784   -20.2402   -20.5794   -20.9337     1.7914     2.5531     0.3392
189.881960  15.492405  19.1112  17.2653  16.4312  16.0165  15.6785    0.07560000   0.00016904  22656.485    50.676917   0.483662   2.383032    1383.812 1   0.203485   0.161469   0.059070   0.034860   0.042178   -18.6600   -20.4639   -21.1956   -21.5861   -21.9314     1.8039     2.5356     0.3905
189.804785  15.590794  19.7036  17.9378  17.1069  16.7343  16.4648    0.07180000   0.00016403  21533.433    49.174957   0.494074   2.434332     260.759 0   0.250756   0.189132   0.077988   0.039932   0.043587   -18.0237   -19.7279   -20.4476   -20.7822   -21.0553     1.7042     2.4239     0.3345
189.873162  15.536738  19.8473  18.0577  17.1774  16.7836  16.4393    0.06970000   0.00016133  20882.883    48.365517   0.503614   2.481339    -389.790 0   0.329309   0.255430   0.096065   0.061572   0.057015   -17.8726   -19.5883   -20.3092   -20.6686   -21.0083     1.7157     2.4367     0.3593
189.951702  15.433025  19.4283  17.7616  16.8616  16.4588  16.1546    0.07180000   0.00016146  21537.000    48.404490   0.512646   2.525840     264.327 0   0.384708   0.316321   0.129465   0.077088   0.052796   -18.4329   -20.0313   -20.7444   -21.0948   -21.3747     1.5983     2.3115     0.3504
189.496603  15.729245  19.9416  18.3819  17.6440  17.2393  17.0002    0.06980000   0.00014908  20914.751    44.693060   0.512818   2.526685    -357.922 0   0.241845   0.177076   0.086858   0.031915   0.026888   -17.6939   -19.1889   -19.8366   -20.1863   -20.4204     1.4949     2.1426     0.3498
189.851953  15.585273  18.9145  16.9239  16.0184  15.6157  15.3188    0.07130000   0.00017086  21372.954    51.222539   0.521059   2.567290     100.281 0   0.307053   0.235492   0.084402   0.055755   0.057027   -18.8539   -20.7729   -21.5273   -21.9014   -22.1995     1.9190     2.6734     0.3741
189.797705  15.646061  18.0403  16.7025  16.1324  15.8613  15.7015    0.07340000   0.00014905  21997.152    44.684066   0.533012   2.626186     724.478 0   0.035490   0.013351   0.007998   0.004961  -0.007663   -19.5198   -20.8354   -21.4002   -21.6682   -21.8154     1.3157     1.8804     0.2681
190.008143  15.387152  19.3712  17.6266  16.8260  16.4360  16.1731    0.07000000   0.00015624  20992.637    46.839574   0.546542   2.692847    -280.036 0   0.223319   0.164276   0.071431   0.032881   0.038047   -18.2733   -19.9589   -20.6666   -21.0181   -21.2861     1.6856     2.3933     0.3514
189.934975  15.531969  19.6702  17.8513  17.0207  16.6267  16.3147    0.07090000   0.00015463  21263.919    46.356908   0.548253   2.701276      -8.754 0   0.151620   0.126969   0.046787   0.029098   0.034067   -17.9305   -19.7247   -20.4751   -20.8514   -21.1684     1.7942     2.5447     0.3763
190.026021  15.045089  19.1708  17.3309  16.4555  16.0751  15.7519    0.07460000   0.00015862  22376.089    47.553080   0.563543   2.776612    1103.416 1   0.305568   0.236105   0.090599   0.055058   0.053407   -18.6947   -20.4651   -21.1950   -21.5399   -21.8614     1.7704     2.5003     0.3449
189.956215  15.549142  18.9453  17.1209  16.3258  15.9674  15.6813    0.06910000   0.00015582  20725.582    46.713661   0.574898   2.832560    -547.091 0   0.099646   0.084895   0.033166   0.021653   0.023399   -18.5440   -20.3537   -21.0971   -21.4439   -21.7318     1.8096     2.5530     0.3469
189.904212  15.630283  18.6679  16.7696  15.8780  15.4817  15.1839    0.07080000   0.00017477  21238.197    52.394728   0.588558   2.899860     -34.476 0   0.277765   0.213341   0.077937   0.048511   0.052533   -19.0558   -20.8897   -21.6459   -22.0128   -22.3146     1.8339     2.5901     0.3669
188.863140  15.154884  18.7285  17.1690  16.4044  15.9759  15.6597    0.07510000   0.00009687  22507.249    29.040895   0.588745   2.900786    1234.575 1   0.313457   0.258003   0.119997   0.054022   0.027435   -19.1594   -20.6635   -21.2901   -21.6526   -21.9422     1.5040     2.1306     0.3625
188.898779  14.993401  19.7591  17.8787  16.9988  16.5798  16.2551    0.06420000   0.00017402  19242.029    52.169884   0.594726   2.930255   -2030.644 1   0.290998   0.223352   0.080608   0.051762   0.054724   -17.7610   -19.5738   -20.3109   -20.7011   -21.0287     1.8128     2.5499     0.3902
188.884933  14.980399  19.8425  18.2425  17.4934  17.1338  16.8915    0.06420000   0.00013780  19254.231    41.311401   0.612037   3.015545   -2018.443 1   0.107606   0.076304   0.035586   0.019073   0.020993   -17.4942   -19.0629   -19.7713   -20.1144   -20.3586     1.5687     2.2771     0.3431
188.966058  15.604491  18.9403  17.4948  16.7938  16.4321  16.2004    0.07210000   0.00019498  21616.895    58.453533   0.621630   3.062809     344.222 0   0.199766   0.130031   0.074230   0.019778   0.011612   -18.7239   -20.0996   -20.7448   -21.0521   -21.2756     1.3758     2.0210     0.3072
190.022789  15.536943  19.1441  17.7623  17.0626  16.7067  16.4740    0.07160000   0.00014943  21460.103    44.797987   0.622075   3.065005     187.430 0   0.237196   0.178438   0.099626   0.025265  -0.009970   -18.5423   -19.8653   -20.4862   -20.7678   -20.9652     1.3230     1.9439     0.2815
189.218729  15.829236  18.3356  17.1124  16.5566  16.2072  15.9940    0.07130000   0.00009384  21387.224    28.132524   0.658378   3.243872     114.551 0   0.192305   0.136526   0.096261  -0.003436  -0.088733   -19.3180   -20.4854   -21.0010   -21.2507   -21.3786     1.1674     1.6830     0.2497
190.130734  15.383197  19.3111  17.5270  16.7461  16.3314  16.0145    0.07420000   0.00015739  22232.908    47.184335   0.658981   3.246840     960.235 1   0.089612   0.083351   0.030443   0.021635   0.022625   -18.3267   -20.1046   -20.8326   -21.2384   -21.5563     1.7778     2.5058     0.4059
189.994166  15.648113  19.5116  17.4699  16.4386  15.9123  15.5114    0.06960000   0.00020205  20867.654    60.573066   0.664640   3.274722    -405.020 0   0.686300   0.550680   0.196944   0.119251   0.092286   -18.5801   -20.4862   -21.1638   -21.6124   -21.9863     1.9061     2.5836     0.4486
188.853209  14.917132  18.3268  16.5827  15.7476  15.3822  15.0996    0.06420000   0.00016947  19246.916    50.805828   0.666358   3.283186   -2025.758 1   0.244063   0.182867   0.076830   0.037942   0.041856   -19.1464   -20.8293   -21.5583   -21.8849   -22.1714     1.6829     2.4120     0.3265
188.777442  15.262962  19.2429  18.0896  17.5346  17.1709  16.9450    0.07260000   0.00008885  21752.671    26.636560   0.669718   3.299745     479.998 0   0.192887   0.173037   0.109909  -0.004564  -0.098496   -18.4294   -19.5629   -20.0548   -20.3040   -20.4360     1.1334     1.6253     0.2492
188.727815  15.168064  18.8438  16.8001  15.8731  15.4411  15.1296    0.08080000   0.00018629  24236.212    55.848337   0.717707   3.536189    2963.538 1   0.388455   0.301975   0.110461   0.076911   0.064125   -19.2786   -21.2358   -21.9713   -22.3697   -22.6685     1.9572     2.6927     0.3985
190.180050  15.445522  19.1668  18.0811  17.7069  17.4240  17.2865    0.07040000   0.00008994  21112.704    26.963334   0.722360   3.559112    -159.969 0   0.164718   0.045240   0.079648  -0.044735  -0.057683   -18.4315   -19.3978   -19.8064   -19.9649   -20.0894     0.9662     1.3748     0.1585
