236.754749  29.505674  18.5647  16.4869  15.5256  15.0536  14.7078    0.09630000   0.00018797  28876.459    56.351988   0.016660   0.108116      -7.345 0   0.519959   0.424797   0.161482   0.104218   0.071862   -20.0715   -22.0541   -22.7521   -23.1669   -23.4803     1.9826     2.6806     0.4147
236.780054  29.502797  19.7618  17.9097  16.9128  16.4543  16.0685    0.09510000   0.00016679  28501.389    50.002384   0.026043   0.169008    -382.415 0   0.569478   0.463343   0.173209   0.109777   0.077755   -18.8966   -20.6426   -21.3493   -21.7444   -22.0982     1.7460     2.4527     0.3951
236.746730  29.414816  19.3864  18.2568  17.6663  17.2713  17.0342    0.08490000   0.00018944  25465.541    56.792683   0.074519   0.483600   -3418.264 1   0.212371   0.227280   0.125196   0.012153  -0.084902   -18.6466   -19.7911   -20.2795   -20.5615   -20.7015     1.1445     1.6329     0.2820
236.678305  29.538333  22.6980  17.5151  16.5124  16.0977  15.7635    0.09630000   0.00016078  28863.298    48.200631   0.082769   0.537141     -20.506 0   0.527057   0.418732   0.155717   0.106279   0.074381   -15.9453   -21.0199   -21.7596   -22.1248   -22.4271     5.0746     5.8143     0.3653
236.847816  29.451830  19.9714  18.0594  17.1175  16.7030  16.4001    0.09690000   0.00016091  29051.238    48.239604   0.089200   0.578876     167.434 0   0.383745   0.298199   0.109113   0.075708   0.063708   -18.5421   -20.3686   -21.1214   -21.5025   -21.7934     1.8265     2.5793     0.3811
236.620082  29.477289  20.2376  18.4107  17.5196  17.0782  16.8116    0.09560000   0.00013219  28663.697    39.629565   0.117737   0.764068    -220.108 0   0.325353   0.250984   0.092471   0.060441   0.057818   -18.1670   -19.9195   -20.6521   -21.0615   -21.3255     1.7525     2.4851     0.4094
236.879230  29.535138  19.9869  18.1515  17.2147  16.8076  16.4565    0.09660000   0.00015654  28954.285    46.929511   0.117827   0.764654      70.481 0   0.417316   0.335953   0.129743   0.085499   0.061917   -18.5323   -20.2864   -21.0170   -21.3798   -21.7073     1.7540     2.4846     0.3629
236.608201  29.492990  19.8944  17.9977  17.1005  16.7202  16.4188    0.09710000   0.00014194  29107.120    42.552541   0.127555   0.827787     223.315 0   0.301184   0.231574   0.085834   0.054129   0.054812   -18.5199   -20.3470   -21.0985   -21.4471   -21.7492     1.8271     2.5785     0.3486
236.642130  29.400197  18.7052  16.8625  15.9876  15.5810  15.2534    0.08310000   0.00014969  24907.537    44.875933   0.132229   0.858118   -3976.267 1   0.281041   0.215776   0.078820   0.049263   0.052965   -19.3470   -21.1244   -21.8624   -22.2394   -22.5707     1.7774     2.5154     0.3770
236.779785  29.350765  18.9614  17.9693  17.4079  17.0150  16.8435    0.08450000   0.00004834  25326.677    14.491967   0.139967   0.908331   -3557.127 1   0.169606   0.229025   0.126164  -0.012356  -0.098845   -19.0397   -20.0912   -20.5498   -20.8041   -20.8892     1.0515     1.5101     0.2544
236.677226  29.335806  19.7989  17.9193  17.0554  16.6597  16.3510    0.09600000   0.00013702  28783.494    41.077563   0.167383   1.086251    -100.311 0   0.249703   0.192191   0.071360   0.042060   0.048199   -18.5603   -20.3823   -21.1254   -21.4918   -21.8066     1.8221     2.5652     0.3664
236.947592  29.442910  19.4272  17.5301  16.6273  16.2422  15.9070    0.09740000   0.00013936  29185.305    41.779077   0.174144   1.130129     301.501 0   0.304957   0.234159   0.085040   0.055196   0.056201   -18.9976   -20.8239   -21.5776   -21.9329   -22.2691     1.8263     2.5800     0.3553
236.573930  29.413776  20.0468  18.3579  17.5358  17.1279  16.7941    0.09580000   0.00013162  28725.064    39.458683   0.174389   1.131723    -158.740 0   0.170427   0.139630   0.051270   0.031100   0.037141   -18.2285   -19.8866   -20.6204   -21.0081   -21.3480     1.6581     2.3918     0.3877
236.807552  29.315495  19.3112  17.4648  16.6205  16.2570  15.9813    0.09630000   0.00012279  28878.768    36.811516   0.179521   1.165027      -5.037 0   0.241025   0.181126   0.074568   0.037820   0.042701   -19.0461   -20.8326   -21.5703   -21.8971   -22.1776     1.7865     2.5242     0.3268
236.788813  29.304291  18.7396  16.8698  16.0042  15.6113  15.2974    0.08370000   0.00017054  25096.466    51.126606   0.187098   1.214198   -3787.338 1   0.252723   0.193639   0.073186   0.042275   0.047941   -19.3239   -21.1346   -21.8798   -22.2417   -22.5613     1.8107     2.5559     0.3620
236.940098  29.389666  19.4690  17.6901  16.7140  16.2392  15.8432    0.09770000   0.00012929  29287.415    38.760167   0.189532   1.229991     403.611 1   0.581258   0.473490   0.176355   0.110676   0.079179   -19.2365   -20.9076   -21.5866   -21.9957   -22.3602     1.6711     2.3501     0.4091
236.907204  29.642245  19.5397  18.1577  17.4875  17.0860  16.8171    0.09600000   0.00010689  28790.928    32.044816   0.202753   1.315791     -92.876 0   0.247333   0.198194   0.108934   0.028623  -0.020012   -18.8171   -20.1499   -20.7309   -21.0521   -21.2723     1.3329     1.9138     0.3212
236.642576  29.298218  19.5752  18.1528  17.5007  17.1206  16.9228    0.09650000   0.00015657  28919.120    46.938505   0.214297   1.390707      35.316 0   0.213639   0.146739   0.088361   0.016096  -0.015698   -18.7381   -20.0936   -20.6873   -20.9951   -21.1612     1.3555     1.9492     0.3078
236.645232  29.681267  18.8846  17.5601  16.8557  16.4398  16.1828    0.09620000   0.00010411  28853.315    31.211393   0.214559   1.392408     -30.489 0   0.282284   0.257302   0.129589   0.039548  -0.018778   -19.4882   -20.7877   -21.3644   -21.6902   -21.8889     1.2995     1.8762     0.3259
236.812829  29.272672  18.8458  17.5756  17.0236  16.6941  16.4581    0.08330000   0.00008228  24968.065    24.666923   0.222186   1.441907   -3915.739 1   0.180586   0.100995   0.079555  -0.000512  -0.066850   -19.1351   -20.3257   -20.8563   -21.1057   -21.2754     1.1906     1.7212     0.2494
236.623768  29.294419  19.9413  18.2818  17.4646  17.1072  16.8349    0.09690000   0.00013624  29049.829    40.843724   0.225500   1.463410     166.025 0   0.257758   0.194001   0.084888   0.039811   0.039854   -18.4462   -20.0420   -20.7501   -21.0624   -21.3347     1.5957     2.3038     0.3123
236.786874  29.258381  18.9737  17.1196  16.2557  15.8538  15.5319    0.08320000   0.00016256  24950.527    48.734262   0.232330   1.507738   -3933.277 1   0.247329   0.191854   0.069098   0.042179   0.048906   -19.0502   -20.8488   -21.5899   -21.9649   -22.2935     1.7986     2.5398     0.3750
236.763721  29.723029  19.7802  17.6676  16.7114  16.2778  15.9002    0.09670000   0.00017145  28983.425    51.399417   0.234148   1.519533      99.621 0   0.462489   0.365261   0.135752   0.095023   0.069002   -18.7841   -20.7994   -21.5261   -21.9190   -22.2706     2.0154     2.7421     0.3929
237.031668  29.408819  19.2431  17.9158  17.3954  17.0823  16.8285    0.08310000   0.00016290  24914.912    48.836191   0.254101   1.649020   -3968.892 1   0.150844   0.065853   0.065156   0.004589  -0.060552   -18.6789   -19.9212   -20.4409   -20.6934   -20.8821     1.2423     1.7620     0.2525
236.733815  29.232553  19.0059  17.7327  17.1858  16.8397  16.6182    0.08470000   0.00010318  25401.385    30.932586   0.257102   1.668500   -3482.419 1   0.187601   0.115966   0.086745  -0.003599  -0.076132   -18.9972   -20.1987   -20.7164   -20.9722   -21.1211     1.2016     1.7192     0.2558
237.006701  29.349509  19.3116  17.9981  17.4418  17.1317  16.9513    0.08330000   0.00019322  24964.557    57.925899   0.259980   1.687177   -3919.247 1   0.118123   0.051069   0.046575   0.012455  -0.030203   -18.6069   -19.8533   -20.4051   -20.6811   -20.8188     1.2464     1.7983     0.2760
236.954922  29.270577  18.9744  18.1277  17.8346  17.5091  17.4779    0.09440000   0.00004799  28294.832    14.387040   0.279461   1.813601    -588.972 1   0.170641   0.042839   0.086693  -0.079930  -0.034040   -19.2480   -19.9669   -20.3038   -20.4627   -20.5398     0.7189     1.0559     0.1589
237.072371  29.353454  20.6852  18.4667  17.3914  16.8807  16.5064    0.08360000   0.00016463  25056.084    49.354832   0.307982   1.998690   -3827.720 1   0.866772   0.689909   0.233677   0.139261   0.113524   -17.9658   -20.0074   -20.6265   -21.0428   -21.3914     2.0416     2.6607     0.4163
236.443594  29.677157  20.1802  18.3245  17.4117  17.0080  16.6967    0.09550000   0.00012528  28622.925    37.557999   0.329722   2.139777    -260.879 0   0.351586   0.274221   0.102905   0.067684   0.059209   -18.2695   -20.0478   -20.7893   -21.1578   -21.4606     1.7783     2.5198     0.3685
236.361528  29.535485  19.2347  17.7887  17.0178  16.5719  16.3001    0.08310000   0.00017092  24911.104    51.240527   0.345350   2.241196   -3972.700 1   0.347663   0.309888   0.141577   0.062052   0.021569   -18.8841   -20.2923   -20.8949   -21.2613   -21.4926     1.4082     2.0108     0.3664
237.078730  29.285347  19.3403  17.8420  17.0995  16.6527  16.3459    0.09800000   0.00016177  29387.096    48.497426   0.347921   2.257879     503.292 1   0.334227   0.288120   0.133148   0.058519   0.023085   -19.1272   -20.5794   -21.1669   -21.5391   -21.8104     1.4522     2.0397     0.3722
236.338979  29.647877  19.8371  18.1680  17.3213  16.8668  16.5255    0.09350000   0.00016854  28044.895    50.527021   0.395175   2.564543    -838.909 1   0.401179   0.343270   0.144632   0.079135   0.047722   -18.5949   -20.2061   -20.8542   -21.2432   -21.5531     1.6112     2.2593     0.3890
237.068081  29.147037  19.7214  17.7743  16.8029  16.3785  16.0401    0.09660000   0.00013733  28952.966    41.170498   0.437462   2.838969      69.162 0   0.462063   0.363758   0.134634   0.094813   0.069300   -18.8426   -20.6914   -21.4336   -21.8182   -22.1311     1.8488     2.5911     0.3846
237.114531  29.178353  18.5000  17.3406  16.7368  16.3812  16.1981    0.09830000   0.00019081  29466.151    57.203399   0.441169   2.863025     582.347 1   0.202592   0.198922   0.116999   0.003020  -0.091950   -19.8636   -21.0193   -21.5412   -21.7828   -21.8710     1.1557     1.6776     0.2416
237.065565  29.131328  18.5161  16.8669  16.1219  15.7253  15.4556    0.09590000   0.00012996  28759.630    38.961028   0.448524   2.910758    -124.174 0   0.197491   0.139257   0.065565   0.026888   0.031707   -19.7886   -21.3795   -22.0508   -22.4088   -22.6833     1.5910     2.2623     0.3579
237.132367  29.173517  19.4309  18.2587  17.5938  17.1831  16.9508    0.09500000   0.00018205  28478.215    54.577217   0.455660   2.957066    -405.589 1   0.244165   0.275351   0.139037   0.028053  -0.061871   -18.8999   -20.1033   -20.6319   -20.9316   -21.0740     1.2034     1.7320     0.2997
237.031743  29.893885  19.7028  18.3531  17.6291  17.2615  17.0260    0.09580000   0.00014688  28707.106    44.033516   0.471262   3.058314    -176.698 0   0.271270   0.233445   0.121013   0.036419  -0.016001   -18.6734   -19.9853   -20.5968   -20.8798   -21.0629     1.3119     1.9234     0.2830
237.083817  29.088245  19.6715  17.8059  16.8560  16.3890  16.0165    0.09530000   0.00014125  28566.444    42.345685   0.492647   3.197100    -317.360 0   0.528919   0.433451   0.164652   0.105210   0.072695   -18.9274   -20.6975   -21.3786   -21.7862   -22.1262     1.7701     2.4512     0.4076
237.235020  29.755628  18.1782  16.5668  15.6468  15.1588  14.8590    0.09640000   0.00129740  28914.143   388.950735   0.495892   3.218155      30.339 0   0.500777   0.457829   0.181793   0.097131   0.062214   -20.4411   -22.0095   -22.6535   -23.0568   -23.3217     1.5685     2.2124     0.4033
237.074344  29.073531  20.3896  18.5229  17.6489  17.2178  16.8932    0.09500000   0.00021129  28466.703    63.343148   0.500055   3.245175    -417.101 1   0.290579   0.223033   0.080521   0.051656   0.054657   -17.9876   -19.7868   -20.5183   -20.9205   -21.2481     1.7992     2.5306     0.4022
237.056829  29.914988  18.2066  16.3295  15.4207  14.9994  14.6606    0.09610000   0.00018138  28817.640    54.376356   0.500630   3.248906     -66.164 0   0.350771   0.270629   0.098258   0.066979   0.061229   -20.2348   -22.0317   -22.7682   -23.1582   -23.4912     1.7970     2.5334     0.3900
237.283780  29.693999  19.4831  18.1228  17.4138  17.0145  16.7545    0.09670000   0.00016749  29001.892    50.212239   0.504122   3.271564     118.088 0   0.283258   0.255551   0.128712   0.039947  -0.016369   -18.9019   -20.2345   -20.8167   -21.1272   -21.3309     1.3326     1.9148     0.3105
