240.366606  53.889721  18.6559  17.2535  16.5154  16.0689  15.7504    0.06990000   0.00009381  20951.296    28.123530   0.019907   0.090683    1390.138 1   0.328097   0.294911   0.138455   0.055581   0.010868   -19.0690   -20.4382   -21.0199   -21.3835   -21.6573     1.3692     1.9509     0.3636
240.380753  53.910475  19.3781  17.3274  16.5097  16.1022  15.7888    0.06500000   0.00015725  19485.311    47.142364   0.020130   0.091698     -75.847 0   0.165547   0.135820   0.050256   0.030426   0.036209   -18.0471   -20.0681   -20.8002   -21.1879   -21.5070     2.0210     2.7531     0.3877
240.305852  53.872685  19.7706  17.9115  17.0921  16.7182  16.4137    0.06640000   0.00015179  19892.069    45.505497   0.041420   0.188682     330.911 0   0.108749   0.095604   0.035862   0.023797   0.026062   -17.6230   -19.4689   -20.2286   -20.5904   -20.8972     1.8460     2.6056     0.3618
240.367008  53.947377  17.3580  15.2668  14.2962  13.8713  13.5648    0.06540000   0.00023399  19613.262    70.148437   0.042863   0.195255      52.104 0   0.446379   0.351619   0.130412   0.091513   0.067832   -20.3614   -22.3578   -23.1072   -23.4932   -23.7761     1.9964     2.7458     0.3860
240.295784  53.944370  19.5453  17.6592  16.8296  16.4266  16.1574    0.06430000   0.00014331  19271.858    42.963257   0.048879   0.222661    -289.300 0   0.220481   0.168481   0.065854   0.035521   0.042486   -17.9112   -19.7453   -20.4723   -20.8450   -21.1211     1.8341     2.5611     0.3727
240.456973  53.885114  19.8381  17.9735  17.0753  16.6561  16.3588    0.06340000   0.00017767  19012.178    53.264126   0.067876   0.309198    -548.980 0   0.343833   0.265033   0.096223   0.065174   0.060545   -17.7110   -19.4968   -20.2262   -20.6144   -20.9071     1.7858     2.5152     0.3882
240.438164  53.842187  18.8218  16.9910  16.1394  15.7348  15.3945    0.06550000   0.00017291  19641.862    51.837114   0.083330   0.379593      80.704 0   0.219824   0.172610   0.062836   0.037239   0.044677   -18.6531   -20.4367   -21.1785   -21.5575   -21.9053     1.7836     2.5254     0.3790
240.203493  53.895919  18.2730  16.3967  15.5559  15.1411  14.8442    0.06570000   0.00018532  19690.279    55.557538   0.085386   0.388961     129.121 0   0.211758   0.166640   0.061175   0.035780   0.043274   -19.2183   -21.0495   -21.7848   -22.1742   -22.4786     1.8312     2.5665     0.3894
240.242960  53.844224  19.2032  17.2525  16.4064  15.9997  15.6973    0.06720000   0.00016352  20140.597    49.022063   0.087259   0.397491     579.439 0   0.221566   0.173990   0.063126   0.037590   0.045027   -18.3259   -20.2290   -20.9643   -21.3454   -21.6553     1.9031     2.6384     0.3812
240.376655  53.992884  18.5745  16.7054  15.7958  15.3801  15.0822    0.06740000   0.00016507  20196.778    49.486741   0.088479   0.403047     635.620 1   0.331669   0.254697   0.091538   0.061960   0.059784   -19.0746   -20.8667   -21.6132   -21.9993   -22.2950     1.7921     2.5386     0.3861
240.501483  53.943696  20.1459  18.3892  17.5390  17.1415  16.8740    0.06390000   0.00015460  19161.265    46.347914   0.098250   0.447558    -399.893 0   0.280743   0.215268   0.086376   0.047794   0.048153   -17.3360   -19.0272   -19.7485   -20.1074   -20.3753     1.6912     2.4125     0.3589
240.328938  54.008590  19.7360  17.8516  16.9824  16.5737  16.2783    0.06540000   0.00016157  19610.054    48.437467   0.103065   0.469493      48.896 0   0.268741   0.206192   0.076891   0.046148   0.050542   -17.8058   -19.6276   -20.3675   -20.7455   -21.0453     1.8219     2.5618     0.3780
240.349767  54.023712  19.8431  18.1703  17.2913  16.9085  16.6051    0.06450000   0.00015273  19344.408    45.787302   0.117620   0.535797    -216.750 0   0.329281   0.261593   0.107579   0.061859   0.049472   -17.7290   -19.3341   -20.0591   -20.3962   -20.6872     1.6051     2.3301     0.3371
240.171022  53.975715  20.2214  18.5061  17.7215  17.3775  17.0843    0.06700000   0.00015612  20091.251    46.803599   0.125071   0.569737     530.093 0   0.079177   0.065255   0.026102   0.017514   0.018200   -17.1835   -18.8849   -19.6303   -19.9657   -20.2596     1.7014     2.4468     0.3354
240.467862  53.790640  18.9239  16.9541  16.0692  15.6626  15.3135    0.06440000   0.00017373  19291.944    52.082944   0.135525   0.617358    -269.214 0   0.318755   0.244738   0.088282   0.058689   0.058142   -18.6130   -20.5088   -21.2372   -21.6142   -21.9628     1.8958     2.6242     0.3770
240.104489  53.900513  19.7562  17.9434  17.1172  16.7397  16.4740    0.06480000   0.00014456  19438.783    43.337998   0.143210   0.652366    -122.375 0   0.227721   0.170276   0.070675   0.035043   0.040892   -17.7032   -19.4585   -20.1851   -20.5270   -20.7985     1.7554     2.4820     0.3419
240.372653  54.062018  20.1116  18.3387  17.5164  17.1485  16.8764    0.06480000   0.00016030  19423.643    48.056731   0.156626   0.713479    -137.515 0   0.232628   0.172978   0.073488   0.035309   0.040172   -17.3527   -19.0659   -19.7887   -20.1184   -20.3954     1.7133     2.4361     0.3297
240.094552  53.849047  17.5426  15.6428  14.7886  14.3779  14.0818    0.06500000   0.00018833  19492.715    56.459914   0.159508   0.726607     -68.443 0   0.232042   0.181065   0.065603   0.039250   0.046561   -19.9491   -21.7979   -22.5366   -22.9210   -23.2244     1.8488     2.5876     0.3843
240.633468  53.862671  18.7579  17.4329  16.8512  16.5164  16.3567    0.06600000   0.00018168  19781.955    54.466294   0.174031   0.792767     220.797 0   0.155878   0.076460   0.064407   0.009528  -0.038222   -18.6696   -19.9152   -20.4849   -20.7648   -20.8767     1.2456     1.8152     0.2799
240.268332  53.729378  18.9950  17.0838  16.2478  15.8968  15.5787    0.06510000   0.00015469  19508.215    46.374895   0.182758   0.832519     -52.943 0   0.112345   0.099508   0.036835   0.024563   0.027052   -18.3591   -20.2574   -21.0308   -21.3695   -21.6901     1.8984     2.6717     0.3387
240.583524  53.781905  18.7217  16.7417  15.7923  15.3212  14.9903    0.06490000   0.00021013  19467.863    62.995389   0.186478   0.849464     -93.295 0   0.525201   0.429621   0.163218   0.104870   0.072360   -19.0385   -20.9229   -21.6059   -22.0187   -22.3171     1.8844     2.5674     0.4128
240.035664  53.865100  18.5843  17.1435  16.4851  16.1089  15.8782    0.06810000   0.00010183  20408.312    30.527866   0.188168   0.857163     847.154 1   0.221030   0.155866   0.090754   0.018886  -0.009857   -18.9733   -20.3490   -20.9423   -21.2466   -21.4485     1.3756     1.9689     0.3043
240.476173  53.731643  20.0154  18.3789  17.6413  17.2518  16.9510    0.06350000   0.00016300  19032.684    48.866171   0.190237   0.866587    -528.474 0   0.134930   0.094986   0.045468   0.021910   0.025040   -17.3070   -18.9035   -19.5916   -19.9576   -20.2615     1.5966     2.2846     0.3659
240.314647  54.099304  19.0824  17.1662  16.2793  15.8856  15.5797    0.06370000   0.00017337  19091.833    51.975018   0.194165   0.884482    -469.325 0   0.278031   0.213477   0.078333   0.048516   0.052393   -18.3900   -20.2416   -20.9934   -21.3572   -21.6670     1.8516     2.6034     0.3639
240.627232  53.800947  19.6270  17.7798  16.9844  16.6154  16.3537    0.06640000   0.00014624  19906.369    43.841649   0.195533   0.890715     345.211 0   0.165473   0.124050   0.053204   0.027013   0.032461   -17.8233   -19.6291   -20.3536   -20.6964   -20.9636     1.8058     2.5303     0.3428
240.698249  53.890036  18.8380  16.8890  15.9965  15.5723  15.2517    0.06590000   0.00017197  19749.548    51.555309   0.207312   0.944371     188.390 0   0.314596   0.241241   0.086532   0.057608   0.057924   -18.7662   -20.6419   -21.3797   -21.7749   -22.0958     1.8756     2.6134     0.3953
239.993997  53.872159  18.9279  16.9610  16.1466  15.7786  15.4617    0.06380000   0.00016690  19138.391    50.035361   0.210942   0.960906    -422.767 0   0.098803   0.089970   0.033115   0.022888   0.024492   -18.3651   -20.3232   -21.0807   -21.4385   -21.7570     1.9581     2.7156     0.3578
240.000720  53.835887  19.7321  18.0661  17.3249  17.0054  16.7564    0.06450000   0.00012230  19324.832    36.664618   0.215965   0.983787    -236.326 0   0.079151   0.052839   0.024539   0.014134   0.014723   -17.5899   -19.2295   -19.9424   -20.2515   -20.5011     1.6397     2.3526     0.3091
240.715612  53.860970  20.2720  18.3352  17.4709  17.0934  16.8050    0.06680000   0.00015161  20031.323    45.451535   0.221563   1.009286     470.165 0   0.267658   0.204367   0.079866   0.045047   0.048300   -17.3148   -19.1884   -19.9282   -20.2708   -20.5625     1.8735     2.6133     0.3427
240.029588  54.031740  19.3538  17.5834  16.7595  16.3557  16.0637    0.06540000   0.00016903  19594.465    50.673919   0.225475   1.027109      33.307 0   0.238287   0.181752   0.070624   0.038797   0.044995   -18.1575   -19.8714   -20.5841   -20.9561   -21.2543     1.7139     2.4266     0.3720
240.664545  53.768015  19.6295  18.3716  17.7306  17.3407  17.1226    0.06460000   0.00008782  19379.214    26.327774   0.232324   1.058306    -181.944 0   0.235502   0.217514   0.120069   0.020790  -0.059107   -17.8309   -19.0708   -19.6144   -19.9050   -20.0432     1.2399     1.7835     0.2906
240.463432  54.128805  18.5999  16.6523  15.7188  15.3033  14.9610    0.06460000   0.00019966  19367.942    59.856562   0.232959   1.061200    -193.216 0   0.388650   0.301907   0.110260   0.076910   0.064253   -19.0137   -20.8745   -21.6164   -21.9985   -22.3282     1.8609     2.6027     0.3822
240.567356  54.108658  18.7539  17.4063  16.7732  16.3367  16.0907    0.06670000   0.00009283  19991.480    27.829734   0.240459   1.095364     430.322 0   0.256590   0.220407   0.118029   0.030682  -0.028391   -18.7939   -20.1053   -20.6361   -20.9852   -21.1721     1.3114     1.8421     0.3492
239.926185  53.935671  19.2755  18.2428  17.7545  17.4279  17.2624    0.06410000   0.00007702  19215.767    23.090015   0.249898   1.138361    -345.391 0   0.161061   0.146388   0.106069  -0.041242  -0.096284   -18.1148   -19.1328   -19.5808   -19.7601   -19.8706     1.0180     1.4660     0.1793
240.780053  53.812148  19.6647  18.0234  17.1773  16.7889  16.5377    0.06250000   0.00015431  18746.262    46.260974   0.271645   1.237425    -814.896 1   0.295616   0.230714   0.099031   0.050944   0.043233   -17.8051   -19.3815   -20.0959   -20.4362   -20.6797     1.5764     2.2908     0.3403
240.292267  54.189408  18.9117  17.6649  17.2219  16.9112  16.7336    0.06540000   0.00007399  19609.185    22.181644   0.285164   1.299010      48.027 0   0.168464   0.068281   0.078528  -0.024528  -0.085816   -18.5298   -19.6764   -20.1296   -20.3373   -20.4536     1.1466     1.5999     0.2076
239.898718  53.792515  18.1036  16.2448  15.3428  14.8971  14.5384    0.06460000   0.00019631  19367.672    58.852257   0.287695   1.310538    -193.486 0   0.418919   0.339856   0.132712   0.085902   0.060896   -19.5402   -21.3200   -22.0148   -22.4137   -22.7474     1.7797     2.4746     0.3989
239.831104  53.869028  20.2465  18.3916  17.5427  17.1879  16.9095    0.06630000   0.00013562  19865.178    40.657853   0.306406   1.395774     304.020 0   0.238500   0.179060   0.073843   0.037289   0.042349   -17.2948   -19.0903   -19.8340   -20.1522   -20.4357     1.7955     2.5391     0.3182
240.588990  54.184743  18.1461  16.2308  15.2713  14.7696  14.3801    0.06570000   0.00015865  19707.157    47.562073   0.312886   1.425292     145.999 0   0.556839   0.456589   0.171930   0.108169   0.075985   -19.6903   -21.5053   -22.1802   -22.6181   -22.9754     1.8151     2.4899     0.4379
240.663304  54.165973  19.2677  17.5561  16.8475  16.4873  16.3038    0.06500000   0.00015542  19477.996    46.593744   0.319637   1.456046     -83.162 0   0.122899   0.079443   0.042004   0.018823   0.019808   -18.1148   -19.7830   -20.4541   -20.7912   -20.9756     1.6681     2.3393     0.3370
240.669262  53.624580  20.0590  18.4964  17.6677  17.2892  16.9756    0.06520000   0.00016142  19550.006    48.392499   0.339421   1.546166     -11.152 0   0.326272   0.265166   0.116933   0.059762   0.039271   -17.5089   -19.0103   -19.6908   -20.0121   -20.3053     1.5015     2.1820     0.3213
240.743573  54.158097  19.0969  17.2266  16.4404  16.0353  15.7988    0.06530000   0.00015724  19564.426    47.139366   0.343472   1.564622       3.268 0   0.204907   0.153316   0.063666   0.031562   0.038332   -18.3564   -20.1751   -20.8717   -21.2447   -21.4879     1.8187     2.5153     0.3730
240.187600  54.241778  19.2349  17.5568  16.7049  16.2955  15.9924    0.06380000   0.00015602  19129.187    46.773619   0.348629   1.588113    -431.971 0   0.343106   0.278021   0.117320   0.065540   0.046700   -18.3024   -19.9154   -20.6066   -20.9642   -21.2485     1.6130     2.3042     0.3576
239.767019  53.824954  20.1148  18.3551  17.5185  17.1457  16.8132    0.06820000   0.00012991  20445.126    38.946038   0.351406   1.600762     883.968 1   0.142003   0.119819   0.044554   0.027917   0.032293   -17.3704   -19.1079   -19.8692   -20.2254   -20.5622     1.7375     2.4989     0.3562
239.770673  54.000066  19.3773  17.5556  16.6913  16.2839  16.0041    0.06510000   0.00015589  19503.028    46.734646   0.352510   1.605794     -58.130 0   0.265405   0.203122   0.077465   0.045007   0.049175   -18.1298   -19.8892   -20.6279   -21.0028   -21.2868     1.7594     2.4981     0.3749
240.365535  54.262066  18.7773  17.6469  17.1907  16.8618  16.7001    0.06300000   0.00008249  18883.657    24.729880   0.356126   1.622264    -677.501 1   0.174753   0.091851   0.089173  -0.036550  -0.094354   -18.5677   -19.6152   -20.0687   -20.2719   -20.3758     1.0475     1.5010     0.2032
240.563193  54.246977  19.2859  17.4490  16.6385  16.2174  15.9598    0.06440000   0.00016528  19291.825    49.549697   0.363811   1.657271    -269.334 0   0.228185   0.174089   0.067856   0.036741   0.043584   -18.1604   -19.9432   -20.6475   -21.0375   -21.3019     1.7828     2.4871     0.3900
240.147839  54.258123  19.0423  17.1121  16.2133  15.7957  15.4943    0.06440000   0.00017441  19303.217    52.286803   0.371135   1.690636    -257.941 0   0.304788   0.233933   0.084533   0.055175   0.056398   -18.4806   -20.3400   -21.0894   -21.4776   -21.7802     1.8593     2.6087     0.3882
240.205096  54.298239  18.8240  17.2010  16.4875  16.0979  15.8249    0.06470000   0.00014876  19400.529    44.597126   0.401000   1.826679    -160.629 0   0.192301   0.132837   0.064972   0.025255   0.029160   -18.5931   -20.1566   -20.8022   -21.1521   -21.4290     1.5635     2.2092     0.3499
239.702265  54.091599  19.1176  17.8008  17.3184  17.0579  16.8221    0.05300000   0.00019659  15898.774    58.936199   0.422909   1.926482   -3662.385 1   0.121013   0.042189   0.052632   0.006254  -0.057487   -17.8139   -19.0519   -19.5447   -19.7588   -19.9309     1.2380     1.7308     0.2141
240.154005  54.315440  19.9445  18.3180  17.5591  17.1957  16.9314    0.06450000   0.00015258  19334.935    45.742333   0.424899   1.935545    -226.223 0   0.144938   0.102638   0.048706   0.023043   0.026735   -17.4432   -19.0274   -19.7324   -20.0702   -20.3381     1.5842     2.2892     0.3377
240.028466  54.288133  19.7682  18.0309  17.1410  16.6947  16.3590    0.06580000   0.00014909  19726.913    44.696058   0.425735   1.939355     165.755 0   0.422850   0.358213   0.146846   0.085068   0.054191   -17.9410   -19.6136   -20.2922   -20.6767   -20.9815     1.6727     2.3512     0.3845
240.222207  54.333044  18.5208  16.7277  15.8915  15.5029  15.2048    0.06530000   0.00015363  19575.128    46.057115   0.433268   1.973669      13.970 0   0.255743   0.194621   0.076660   0.042146   0.046533   -18.9833   -20.7153   -21.4336   -21.7876   -22.0901     1.7320     2.4502     0.3541
239.617399  53.833320  19.0255  17.1149  16.2264  15.8193  15.4782    0.06550000   0.00018592  19622.616    55.737414   0.436166   1.986872      61.457 0   0.324088   0.249046   0.090033   0.060062   0.058643   -18.5537   -20.3892   -21.1187   -21.4958   -21.8355     1.8356     2.5650     0.3771
240.311284  54.342876  20.2459  17.8901  16.8835  16.3627  15.7343    0.06420000   0.00021499  19254.141    64.452381   0.437294   1.992010    -307.017 0   0.663579   0.531207   0.191553   0.117576   0.089332   -17.6468   -19.8702   -20.5372   -20.9840   -21.5841     2.2234     2.8904     0.4468
239.604804  53.950550  18.9784  17.0224  16.1663  15.7628  15.4506    0.06510000   0.00016198  19517.478    48.560382   0.439723   2.003074     -43.680 0   0.248438   0.192209   0.069881   0.042224   0.048751   -18.5118   -20.4115   -21.1453   -21.5211   -21.8399     1.8998     2.6335     0.3758
240.544453  54.333475  19.5948  17.8153  17.0074  16.6379  16.3496    0.06430000   0.00016021  19275.606    48.029750   0.442861   2.017366    -285.552 0   0.144331   0.113938   0.046371   0.026230   0.030700   -17.7856   -19.5347   -20.2750   -20.6244   -20.9171     1.7491     2.4894     0.3494
240.850878  53.569772  19.1956  17.9363  17.3847  17.0596  16.8128    0.05250000   0.00009690  15751.875    29.049889   0.448431   2.042740   -3809.283 1   0.170784   0.086557   0.073605   0.000700  -0.063710   -17.7650   -18.9400   -19.4787   -19.7309   -19.9133     1.1751     1.7137     0.2522
240.596635  54.340027  18.5144  16.6162  15.7876  15.3841  15.1020    0.06480000   0.00016575  19425.862    49.690600   0.458095   2.086763    -135.296 0   0.192934   0.153456   0.056971   0.033236   0.040240   -18.9102   -20.7689   -21.5010   -21.8808   -22.1699     1.8587     2.5908     0.3798
240.806298  53.534871  18.6293  17.7021  17.4185  17.1674  17.0835    0.06240000   0.00007958  18709.658    23.857484   0.459233   2.091950    -851.501 1   0.128716   0.017940   0.067943  -0.030585  -0.015939   -18.6451   -19.4616   -19.7952   -19.9477   -20.0463     0.8164     1.1500     0.1526
239.553317  53.881002  17.8976  16.0098  15.0930  14.6699  14.3526    0.06600000   0.00020256  19782.885    60.725960   0.468475   2.134050     221.727 0   0.368799   0.285526   0.104025   0.071716   0.062714   -19.7429   -21.5474   -22.2827   -22.6735   -22.9818     1.8045     2.5398     0.3908
240.671445  54.337235  19.1166  17.2389  16.3815  15.9613  15.6698    0.06540000   0.00017832  19592.666    53.458991   0.471507   2.147861      31.508 0   0.232392   0.181255   0.065721   0.039286   0.046587   -18.3888   -20.2154   -20.9572   -21.3510   -21.6498     1.8266     2.5684     0.3938
240.577543  54.382869  19.0695  17.4553  16.7570  16.3782  16.1124    0.06540000   0.00016193  19598.332    48.545393   0.495672   2.257937      37.174 0   0.151654   0.097672   0.053228   0.020646   0.021593   -18.3552   -19.9154   -20.5692   -20.9155   -21.1822     1.5602     2.2141     0.3462
240.427084  53.408240  19.2683  17.6563  16.8597  16.4661  16.1639    0.06520000   0.00014890  19546.198    44.639097   0.500068   2.277963     -14.960 0   0.282310   0.219266   0.099688   0.045724   0.035555   -18.2556   -19.8045   -20.4816   -20.8212   -21.1132     1.5490     2.2260     0.3396
241.019100  53.600225  19.5979  17.7165  16.7725  16.3455  16.0109    0.06580000   0.00015463  19729.282    46.356908   0.500142   2.278301     168.124 0   0.458120   0.377155   0.147317   0.093949   0.063818   -18.1465   -19.9470   -20.6611   -21.0348   -21.3392     1.8004     2.5146     0.3736
239.517619  54.034072  19.2365  18.1453  17.6537  17.3834  17.2484    0.06520000   0.00009969  19538.854    29.886310   0.505306   2.301825     -22.305 0   0.107529   0.035223   0.044655   0.007371  -0.051406   -18.1126   -19.1315   -19.6325   -19.8656   -19.9418     1.0189     1.5199     0.2330
240.934199  54.303555  18.7689  17.5959  17.1479  16.8037  16.6943    0.06660000   0.00008197  19973.163    24.573988   0.526756   2.399535     412.005 0   0.174865   0.088905   0.087547  -0.034548  -0.094109   -18.6973   -19.7844   -20.2310   -20.4531   -20.5030     1.0870     1.5337     0.2221
239.412280  53.859431  19.7049  17.9825  17.1367  16.7179  16.3841    0.06440000   0.00016958  19314.699    50.838805   0.552862   2.518458    -246.459 0   0.387134   0.320806   0.132547   0.077474   0.051447   -17.9004   -19.5565   -20.2140   -20.5777   -20.8855     1.6561     2.3136     0.3637
239.854860  53.426421  19.5735  17.9915  17.3022  16.9603  16.7292    0.06310000   0.00013660  18905.662    40.951650   0.560611   2.553757    -655.496 1   0.093042   0.054915   0.029600   0.014287   0.013030   -17.7145   -19.2584   -19.9224   -20.2490   -20.4788     1.5439     2.2079     0.3266
239.532976  53.567712  18.1066  17.0781  16.5584  16.2005  15.9900    0.06580000   0.00009974  19739.115    29.901300   0.587112   2.674476     177.957 0   0.174361   0.167160   0.110223  -0.022092  -0.103670   -19.3541   -20.3754   -20.8381   -21.0637   -21.1926     1.0213     1.4841     0.2256
240.515515  53.327167  18.4927  17.0705  16.4012  16.0496  15.7889    0.06190000   0.00016798  18556.644    50.359137   0.587344   2.675531   -1004.515 1   0.132133   0.075662   0.047739   0.016852   0.011091   -18.7889   -20.1546   -20.7960   -21.1167   -21.3716     1.3657     2.0071     0.3207
241.350659  53.830702  19.5090  18.1768  17.5219  17.1272  16.9358    0.06630000   0.00013980  19875.730    41.910986   0.595820   2.714145     314.572 0   0.243045   0.205485   0.114060   0.025162  -0.038834   -18.0369   -19.3315   -19.8950   -20.2008   -20.3282     1.2946     1.8581     0.3058
240.259239  53.307317  18.6816  16.7663  15.9354  15.5185  15.1735    0.06260000   0.00017760  18752.858    53.243141   0.601031   2.737881    -808.300 1   0.212633   0.167406   0.061297   0.035978   0.043475   -18.6874   -20.5574   -21.2822   -21.6738   -22.0263     1.8701     2.5949     0.3916
240.322420  53.303773  19.3717  17.9934  17.3904  17.0562  16.8195    0.06240000   0.00008882  18712.895    26.627566   0.602507   2.744604    -848.263 1   0.143753   0.073120   0.056768   0.013875  -0.014610   -17.9178   -19.2254   -19.8121   -20.1034   -20.3116     1.3077     1.8943     0.2913
239.598464  54.333451  18.9458  17.5287  16.8580  16.4910  16.1947    0.07550000   0.00015434  22621.410    46.269968   0.614241   2.798056    3060.251 1   0.230177   0.171257   0.098395   0.021835  -0.017987   -18.8492   -20.2074   -20.8052   -21.0957   -21.3522     1.3582     1.9560     0.2904
239.296011  53.831702  19.8235  18.9583  18.6875  18.3930  18.3553    0.06500000   0.00007178  19481.143    21.519103   0.623836   2.841766     -80.015 0   0.160155   0.029087   0.081404  -0.057243  -0.026221   -17.5963   -18.3304   -18.6535   -18.8094   -18.8781     0.7341     1.0572     0.1559
239.266416  53.890978  19.3849  18.0838  17.5522  17.2219  17.0218    0.06330000   0.00019359  18981.659    58.036822   0.636998   2.901724    -579.499 1   0.169749   0.083803   0.074004  -0.001763  -0.070179   -17.9618   -19.1770   -19.6988   -19.9533   -20.0850     1.2152     1.7370     0.2545
240.676128  53.292766  17.8952  16.5905  16.0175  15.7086  15.5192    0.06290000   0.00015583  18855.447    46.716659   0.643181   2.929887    -705.711 1   0.122026   0.054294   0.048277   0.012658  -0.027843   -19.4149   -20.6518   -21.2188   -21.4921   -21.6410     1.2370     1.8040     0.2733
239.284515  54.053575  18.3728  17.1405  16.6119  16.2316  16.0386    0.06790000   0.00008071  20369.369    24.196249   0.643289   2.930380     808.210 1   0.189769   0.127798   0.093101  -0.005945  -0.087832   -19.1718   -20.3421   -20.8360   -21.1173   -21.2284     1.1703     1.6642     0.2813
239.670916  54.417242  18.0280  16.2154  15.3311  14.9457  14.6465    0.06480000   0.00016951  19412.941    50.817820   0.648142   2.952486    -148.217 0   0.296333   0.227976   0.086243   0.052708   0.053231   -19.5000   -21.2442   -21.9868   -22.3386   -22.6384     1.7442     2.4868     0.3519
240.687403  54.533508  17.9513  16.4567  15.7516  15.3978  15.1367    0.06360000   0.00015016  19054.209    45.016835   0.658605   3.000150    -506.949 1   0.119255   0.073960   0.040829   0.017657   0.017351   -19.3801   -20.8294   -21.5014   -21.8320   -22.0928     1.4493     2.1213     0.3306
241.450100  54.035507  18.9273  17.3235  16.6624  16.2375  15.9608    0.06480000   0.00018489  19416.748    55.428628   0.662376   3.017327    -144.410 0   0.234256   0.169537   0.091168   0.025795   0.009496   -18.5386   -20.0777   -20.6604   -21.0199   -21.2803     1.5391     2.1218     0.3595
240.327493  53.243043  18.1621  16.4626  15.6335  15.1667  14.7897    0.06230000   0.00016171  18675.511    48.479438   0.663161   3.020903    -885.647 1   0.400467   0.338962   0.141629   0.079674   0.049717   -19.3842   -21.0222   -21.6540   -22.0588   -22.4059     1.6380     2.2698     0.4048
241.462115  54.008140  18.9373  17.9652  17.5668  17.2374  17.0939    0.06490000   0.00007873  19451.644    23.602660   0.664571   3.027323    -109.514 0   0.152765   0.107574   0.099063  -0.070981  -0.069802   -18.4505   -19.3774   -19.7673   -19.9266   -20.0713     0.9269     1.3168     0.1594
241.466909  53.703747  18.6159  17.1439  16.4702  16.0959  15.8524    0.06580000   0.00016058  19734.738    48.140673   0.689859   3.142522     173.580 0   0.203866   0.133618   0.077558   0.019165   0.006294   -18.8743   -20.2760   -20.8937   -21.2096   -21.4402     1.4018     2.0194     0.3159
240.299994  53.208923  18.8827  17.7904  17.3829  17.1117  16.9873    0.06370000   0.00008283  19095.700    24.831809   0.697737   3.178405    -465.458 1   0.140262   0.035322   0.068571  -0.017229  -0.055722   -18.4519   -19.4392   -19.8800   -20.0654   -20.1513     0.9874     1.4281     0.1854
239.184555  54.058037  19.3639  18.7952  19.2632  18.7976  19.1603    0.06310000   0.00095964  18924.309   287.692834   0.701691   3.196418    -636.849 1  -0.441320   0.291422   0.772912   0.401272   0.003352   -17.3898   -18.6912   -18.7047   -18.7986   -18.0380     1.3014     1.3149     0.0940
240.018304  53.230903  18.2040  16.9577  16.4072  16.0573  15.8256    0.06510000   0.00009533  19519.847    28.579215   0.702480   3.200011     -41.311 0   0.191458   0.134641   0.095757  -0.004301  -0.089447   -19.2292   -20.4187   -20.9303   -21.1801   -21.3267     1.1895     1.7011     0.2498
239.796616  54.530382  18.8853  17.5565  16.9936  16.6715  16.5406    0.06490000   0.00018601  19464.055    55.764395   0.703569   3.204976     -97.103 0   0.145991   0.068464   0.060587   0.010637  -0.037576   -18.4957   -19.7470   -20.3020   -20.5741   -20.6568     1.2513     1.8063     0.2721
239.997854  54.588278  18.5558  17.2403  16.6006  16.2336  15.9876    0.05790000   0.00011906  17357.863    35.693290   0.712580   3.246021   -2203.295 1   0.223575   0.175359   0.104382   0.017968  -0.047323   -18.6753   -19.9425   -20.5113   -20.7918   -20.9726     1.2673     1.8360     0.2806
239.138407  53.973745  19.4642  17.8731  17.1283  16.6952  16.3990    0.06800000   0.00018154  20400.757    54.424323   0.715435   3.259029     839.599 1   0.275066   0.211812   0.097230   0.043068   0.034382   -18.1476   -19.6755   -20.3057   -20.6846   -20.9721     1.5278     2.1581     0.3789
239.134373  53.584016  19.4078  17.5782  16.7471  16.3536  16.0639    0.06490000   0.00016154  19457.760    48.428474   0.783837   3.570620    -103.398 0   0.237973   0.179637   0.072545   0.037765   0.043313   -18.0652   -19.8364   -20.5605   -20.9192   -21.2144     1.7713     2.4953     0.3587
