230.268502  48.625538  19.9555  18.1622  17.2472  16.8321  16.5291    0.07290000   0.00015748  21855.860    47.211316   0.024707   0.124707     -11.002 0   0.383597   0.307244   0.119929   0.077044   0.058339   -17.9378   -19.6547   -20.3824   -20.7546   -21.0389     1.7169     2.4446     0.3722
230.237395  48.631219  20.1523  18.2806  17.4355  17.0450  16.6931    0.07610000   0.00015441  22802.634    46.290953   0.025754   0.129995     935.772 0   0.175684   0.143117   0.052509   0.031655   0.037965   -17.6055   -19.4446   -20.1991   -20.5688   -20.9270     1.8391     2.5936     0.3696
230.248025  48.636126  19.5657  17.7314  16.8667  16.4625  16.1352    0.07130000   0.00014431  21367.378    43.263050   0.030133   0.152094    -499.484 0   0.235032   0.182795   0.066542   0.039597   0.046836   -18.1306   -19.9127   -20.6612   -21.0384   -21.3729     1.7821     2.5305     0.3773
230.231688  48.647863  19.0128  17.0640  16.1399  15.7081  15.3182    0.07580000   0.00018033  22728.286    54.061574   0.042820   0.216136     861.424 0   0.447805   0.353430   0.131427   0.091882   0.067746   -19.0297   -20.8841   -21.5862   -21.9785   -22.3443     1.8544     2.5565     0.3923
230.187663  48.656371  18.8244  16.7952  15.8752  15.4401  15.0771    0.07800000   0.00019944  23391.966    59.790608   0.063238   0.319195    1525.104 0   0.410208   0.319594   0.116939   0.082446   0.065897   -19.2217   -21.1603   -21.8776   -22.2782   -22.6247     1.9386     2.6559     0.4006
230.243539  48.670297  18.7199  16.9263  16.0230  15.6213  15.3326    0.06990000   0.00016197  20945.630    48.557384   0.064274   0.324423    -921.232 0   0.322902   0.249752   0.093493   0.059804   0.056671   -18.9998   -20.7203   -21.4673   -21.8353   -22.1209     1.7204     2.4675     0.3680
230.272967  48.680758  18.9784  17.2466  16.4131  16.0085  15.7087    0.07000000   0.00016018  20991.708    48.020756   0.076888   0.388089    -875.154 0   0.268416   0.204670   0.081645   0.044807   0.047282   -18.7112   -20.3793   -21.0897   -21.4575   -21.7598     1.6681     2.3785     0.3678
230.224276  48.689596  19.8396  18.1191  17.2308  16.8332  16.5160    0.07630000   0.00017198  22885.107    51.558307   0.084736   0.427705    1018.245 0   0.361600   0.292791   0.119666   0.071071   0.051812   -18.1310   -19.7827   -20.4979   -20.8469   -21.1449     1.6517     2.3669     0.3490
230.276689  48.694101  19.5030  17.6518  16.7833  16.3796  16.0573    0.07740000   0.00015133  23211.431    45.367593   0.090437   0.456482    1344.569 0   0.248453   0.192058   0.070081   0.042158   0.048631   -18.3645   -20.1593   -20.9058   -21.2816   -21.6104     1.7948     2.5413     0.3758
230.121599  48.652341  20.0368  18.1985  17.3288  16.9280  16.5815    0.07320000   0.00015604  21955.121    46.779615   0.094142   0.475180      88.259 0   0.261096   0.201338   0.072670   0.044839   0.050747   -17.7217   -19.5002   -20.2413   -20.6142   -20.9666     1.7785     2.5196     0.3730
230.362492  48.662052  18.5324  16.5007  15.5817  15.1305  14.8354    0.07410000   0.00019580  22228.981    58.699363   0.095478   0.481922     362.119 0   0.385164   0.299392   0.109582   0.076083   0.063806   -19.3980   -21.3440   -22.0732   -22.4909   -22.7737     1.9459     2.6751     0.4177
230.149601  48.687930  20.2566  18.2983  17.4196  17.0269  16.6642    0.07050000   0.00016147  21122.387    48.407488   0.103598   0.522909    -744.475 0   0.298066   0.228733   0.082328   0.053528   0.055725   -17.4749   -19.3639   -20.0962   -20.4601   -20.8250     1.8890     2.6213     0.3639
230.160812  48.696982  19.7879  18.1434  17.3164  16.9289  16.6410    0.07020000   0.00014958  21043.932    44.842956   0.106824   0.539191    -822.930 0   0.303648   0.238985   0.102863   0.053541   0.043112   -17.9432   -19.5230   -20.2139   -20.5521   -20.8295     1.5798     2.2707     0.3382
230.345356  48.706931  19.8502  18.1311  17.2526  16.8239  16.5687    0.07100000   0.00015691  21289.612    47.040435   0.120557   0.608510    -577.250 0   0.398881   0.342661   0.145132   0.078290   0.046359   -17.9976   -19.6605   -20.3414   -20.7033   -20.9266     1.6629     2.3439     0.3619
230.058451  48.657429  19.8279  17.9410  17.1107  16.7275  16.4441    0.07250000   0.00014308  21722.962    42.894305   0.133972   0.676220    -143.900 0   0.211966   0.161409   0.064112   0.033815   0.040822   -17.8574   -19.6937   -20.4267   -20.7796   -21.0700     1.8363     2.5693     0.3529
230.471288  48.627792  17.8728  15.9856  15.1246  14.7052  14.4153    0.06900000   0.00017088  20693.504    51.228535   0.150836   0.761343   -1173.358 0   0.260168   0.200354   0.073009   0.044483   0.050286   -19.7772   -21.6046   -22.3382   -22.7291   -23.0248     1.8274     2.5610     0.3909
230.020088  48.664588  19.8337  17.9572  17.1260  16.7235  16.3885    0.07630000   0.00013440  22879.981    40.292106   0.160175   0.808480    1013.119 0   0.198303   0.158238   0.057769   0.034290   0.041478   -17.9736   -19.8101   -20.5408   -20.9198   -21.2620     1.8364     2.5672     0.3790
230.007593  48.656988  18.8281  17.4304  16.7530  16.3502  16.0722    0.07440000   0.00019569  22309.445    58.666386   0.165395   0.834831     442.584 0   0.256095   0.208272   0.111806   0.031763  -0.014735   -18.9790   -20.3289   -20.9098   -21.2326   -21.4641     1.3499     1.9308     0.3228
230.498722  48.653776  20.0998  18.3308  17.5298  17.1652  16.8732    0.07310000   0.00013857  21905.265    41.542241   0.174073   0.878632      38.403 0   0.112594   0.091036   0.037121   0.022503   0.025080   -17.5284   -19.2759   -20.0230   -20.3730   -20.6675     1.7474     2.4945     0.3500
230.408533  48.757956  19.8564  18.1110  17.2952  16.9048  16.6421    0.07310000   0.00015360  21913.360    46.048122   0.186259   0.940139      46.498 0   0.256350   0.193322   0.081356   0.040601   0.042808   -17.9156   -19.5980   -20.3018   -20.6515   -20.9164     1.6824     2.3862     0.3496
230.486799  48.492188  20.1789  18.1652  17.2575  16.8535  16.5402    0.07460000   0.00015303  22350.877    45.877240   0.195976   0.989188     484.015 0   0.343105   0.264231   0.095666   0.064950   0.060629   -17.7241   -19.6590   -20.3981   -20.7714   -21.0804     1.9348     2.6740     0.3733
230.422986  48.786830  19.7350  18.0822  17.2329  16.8414  16.5321    0.07310000   0.00015641  21923.643    46.890538   0.215522   1.087848      56.781 0   0.328140   0.262000   0.109789   0.061488   0.047196   -18.1088   -19.6955   -20.3925   -20.7357   -21.0307     1.5867     2.2837     0.3432
229.930110  48.667255  20.7714  19.3182  18.4095  17.9322  17.4025    0.07770000   0.00014714  23307.395    44.111462   0.217384   1.097243    1440.533 0   0.506128   0.415612   0.159201   0.102071   0.069903   -17.3834   -18.7461   -19.3984   -19.8185   -20.3161     1.3627     2.0150     0.4202
230.087972  48.801251  19.5212  17.6812  16.8477  16.4472  16.1452    0.07430000   0.00015345  22278.177    46.003153   0.221284   1.116928     411.315 0   0.204785   0.159555   0.060633   0.034016   0.041275   -18.2347   -20.0295   -20.7641   -21.1380   -21.4472     1.7948     2.5293     0.3739
229.938349  48.705673  19.5490  17.6638  16.7985  16.3981  16.0896    0.07170000   0.00017502  21504.173    52.469676   0.226258   1.142033    -362.689 0   0.238077   0.185087   0.067123   0.040224   0.047384   -18.1413   -19.9735   -20.7209   -21.0944   -21.4100     1.8322     2.5795     0.3735
230.587032  48.572948  20.1140  18.2383  17.3899  17.0745  16.6995    0.07610000   0.00013893  22812.287    41.650166   0.228204   1.151859     945.425 0   0.198345   0.155446   0.058935   0.033340   0.040437   -17.6664   -19.4992   -20.2511   -20.5409   -20.9230     1.8328     2.5847     0.2898
230.117119  48.823011  19.5124  17.6186  16.7430  16.3423  16.0524    0.07140000   0.00017108  21400.085    51.288494   0.233004   1.176084    -466.777 0   0.291745   0.224079   0.082780   0.051798   0.053826   -18.2225   -20.0486   -20.7829   -21.1526   -21.4445     1.8261     2.5604     0.3697
230.134801  48.828883  19.3396  17.3738  16.4889  16.0721  15.7858    0.07500000   0.00015506  22469.864    46.485819   0.234572   1.184002     603.003 0   0.298508   0.229019   0.082101   0.053651   0.055944   -18.5305   -20.4268   -21.1648   -21.5531   -21.8417     1.8963     2.6343     0.3883
229.881916  48.606903  19.6520  18.0306  17.2355  16.7989  16.4936    0.07300000   0.00017347  21898.190    52.004998   0.240455   1.213694      31.328 0   0.342241   0.284802   0.126301   0.063586   0.037205   -18.1998   -19.7637   -20.4003   -20.7742   -21.0531     1.5640     2.2006     0.3739
230.585412  48.508282  20.3780  18.4936  17.6078  17.1729  16.8716    0.07490000   0.00017355  22463.689    52.028981   0.245063   1.236954     596.827 0   0.306120   0.234920   0.084754   0.055509   0.056632   -17.4725   -19.2857   -20.0214   -20.4270   -20.7294     1.8132     2.5488     0.4057
229.884267  48.677313  19.6838  17.8401  17.0230  16.6237  16.3233    0.07410000   0.00014699  22228.262    44.066493   0.249305   1.258364     361.400 0   0.169673   0.137967   0.051398   0.030693   0.036678   -18.0311   -19.8431   -20.5737   -20.9523   -21.2586     1.8120     2.5425     0.3786
230.412008  48.377957  20.0671  18.2926  17.4390  17.0383  16.7798    0.07360000   0.00015258  22061.487    45.742333   0.253247   1.278261     194.625 0   0.270135   0.206142   0.082243   0.045240   0.047450   -17.7335   -19.4441   -20.1738   -20.5375   -20.7982     1.7105     2.4402     0.3637
230.603466  48.703274  19.8062  17.7863  16.8644  16.4458  16.1173    0.07360000   0.00016637  22074.738    49.876471   0.255856   1.291433     207.876 0   0.361863   0.279614   0.101600   0.069850   0.062263   -18.0862   -20.0238   -20.7677   -21.1546   -21.4755     1.9377     2.6815     0.3868
230.204980  48.865685  19.0988  17.2415  16.3993  16.0209  15.7642    0.07280000   0.00015707  21817.906    47.088401   0.261030   1.317549     -48.956 0   0.250538   0.189150   0.077501   0.040045   0.043927   -18.6372   -20.4331   -21.1637   -21.5046   -21.7652     1.7959     2.5265     0.3409
230.344256  48.861209  19.1177  17.2825  16.4199  15.9858  15.6824    0.07410000   0.00016215  22212.283    48.611347   0.263385   1.329433     345.421 0   0.271004   0.208509   0.075460   0.047067   0.051990   -18.6986   -20.4713   -21.2008   -21.6065   -21.9149     1.7727     2.5023     0.4057
229.841852  48.702346  19.2406  17.7459  17.0571  16.6809  16.4446    0.07780000   0.00017365  23318.367    52.058960   0.283787   1.432413    1451.505 1   0.211880   0.143026   0.080163   0.021330   0.010104   -18.6198   -20.0457   -20.6716   -20.9890   -21.2140     1.4258     2.0518     0.3174
230.091074  48.872753  17.9366  16.7022  16.0554  15.6620  15.4273    0.07410000   0.00004499  22204.758    13.487663   0.285609   1.441609     337.896 0   0.241775   0.235657   0.125913   0.024167  -0.057915   -19.8504   -21.0787   -21.6158   -21.9074   -22.0601     1.2283     1.7653     0.2917
229.835364  48.486569  18.7784  17.6952  17.4486  17.1945  17.2931    0.07710000   0.00007349  23103.746    22.031748   0.296380   1.495976    1236.884 1   0.138246   0.019772   0.073828  -0.038042  -0.016624   -18.9704   -19.9351   -20.2358   -20.3780   -20.3008     0.9647     1.2654     0.1422
230.617784  48.801812  18.4667  16.5308  15.6556  15.2393  14.9495    0.07400000   0.00018150  22185.062    54.412331   0.314494   1.587404     318.200 0   0.262904   0.202635   0.073131   0.045228   0.050998   -19.3385   -21.2142   -21.9599   -22.3482   -22.6438     1.8756     2.6213     0.3884
230.726216  48.588687  18.3021  17.0429  16.4333  16.0765  15.8745    0.07430000   0.00015820  22282.644    47.427167   0.318299   1.606609     415.782 0   0.211331   0.170961   0.105766   0.009729  -0.071975   -19.4604   -20.6792   -21.2236   -21.4844   -21.6047     1.2188     1.7632     0.2608
230.586007  48.837635  19.1930  17.7274  17.0683  16.7094  16.5015    0.07170000   0.00017215  21506.272    51.609272   0.322978   1.630227    -360.590 0   0.186492   0.114478   0.070729   0.016536   0.002831   -18.4458   -19.8393   -20.4547   -20.7594   -20.9536     1.3936     2.0089     0.3047
230.614816  48.391608  19.6540  17.8718  16.9812  16.5924  16.3102    0.07390000   0.00015053  22152.264    45.127759   0.324955   1.640208     285.402 0   0.312902   0.242725   0.093948   0.056986   0.053589   -18.1740   -19.8860   -20.6278   -20.9796   -21.2584     1.7120     2.4538     0.3518
229.803912  48.750518  18.6244  16.7019  15.8427  15.4355  15.1214    0.06180000   0.00016647  18525.225    49.906450   0.325818   1.644563   -3341.637 1   0.248491   0.192480   0.069608   0.042333   0.048935   -18.7737   -20.6402   -21.3765   -21.7564   -22.0771     1.8665     2.6028     0.3799
230.327058  48.935714  18.3272  16.5598  15.7844  15.3928  15.1194    0.07360000   0.00015087  22060.318    45.229688   0.334052   1.686124     193.456 0   0.181847   0.134730   0.057984   0.028258   0.034379   -19.3852   -21.1054   -21.8041   -22.1660   -22.4455     1.7203     2.4189     0.3619
230.728440  48.713522  18.6586  16.9063  16.0875  15.6431  15.3385    0.06150000   0.00015313  18445.091    45.907219   0.336902   1.700508   -3421.771 1   0.207872   0.162919   0.060790   0.034862   0.042246   -18.6633   -20.3706   -21.0873   -21.5058   -21.8177     1.7073     2.4240     0.4185
230.604325  48.849153  19.2740  17.4048  16.5379  16.1166  15.8345    0.07190000   0.00016720  21564.221    50.125299   0.339679   1.714527    -302.640 0   0.281425   0.215917   0.080390   0.049128   0.052220   -18.4658   -20.2694   -21.0008   -21.3909   -21.6761     1.8037     2.5351     0.3900
229.732923  48.658378  19.4839  17.7578  16.9488  16.5353  16.2191    0.07440000   0.00013933  22312.863    41.770083   0.342989   1.731236     446.001 0   0.204999   0.156994   0.061929   0.033000   0.040150   -18.2721   -19.9502   -20.6641   -21.0487   -21.3721     1.6781     2.3920     0.3846
229.875439  48.860998  18.7797  16.8935  15.9984  15.5919  15.2851    0.07340000   0.00016908  21990.646    50.688909   0.353413   1.783849     123.784 0   0.300053   0.230411   0.083871   0.053970   0.055497   -19.0449   -20.8615   -21.6101   -21.9867   -22.2950     1.8166     2.5651     0.3766
229.733963  48.734186  19.3335  17.4221  16.5361  16.1225  15.7878    0.07460000   0.00017772  22367.186    53.279116   0.361744   1.825900     500.324 0   0.305418   0.234379   0.084536   0.055337   0.056556   -18.5318   -20.3722   -21.1084   -21.4928   -21.8287     1.8404     2.5765     0.3844
230.753021  48.462615  19.4262  17.6725  16.8175  16.4360  16.1815    0.07480000   0.00015768  22429.332    47.271275   0.364916   1.841909     562.471 0   0.274332   0.209598   0.087058   0.045363   0.045166   -18.3927   -20.0816   -20.8141   -21.1539   -21.4082     1.6890     2.4214     0.3398
229.769428  48.791976  19.8433  18.1497  17.4137  17.0654  16.8293    0.07470000   0.00013017  22397.315    39.023984   0.365641   1.845572     530.453 0   0.112899   0.076187   0.037702   0.018691   0.020297   -17.8112   -19.4681   -20.1656   -20.4949   -20.7326     1.6569     2.3544     0.3293
230.883100  48.623179  19.0604  17.7272  17.0586  16.6793  16.4350    0.07600000   0.00016678  22770.856    49.999386   0.421911   2.129591     903.994 1   0.248927   0.220547   0.119461   0.027134  -0.041205   -18.7890   -20.0938   -20.6613   -20.9483   -21.1242     1.3048     1.8723     0.2870
230.294389  49.054544  19.0119  17.7014  17.0921  16.7412  16.5032    0.07440000   0.00008050  22293.437    24.133293   0.449668   2.269695     426.575 0   0.210873   0.156248   0.098573   0.011120  -0.056342   -18.7500   -20.0058   -20.5575   -20.8209   -20.9915     1.2559     1.8075     0.2634
230.073815  49.043871  20.2180  18.3668  17.4496  17.0230  16.7034    0.08490000   0.00016642  25437.810    49.891461   0.452322   2.283092    3570.948 1   0.383315   0.300120   0.111664   0.076072   0.062464   -17.9859   -19.7539   -20.4827   -20.8737   -21.1797     1.7680     2.4967     0.3910
230.355505  48.156759  18.8328  17.5259  16.9321  16.5592  16.3720    0.07390000   0.00021653  22141.832    64.914061   0.455121   2.297221     274.970 0   0.202518   0.139174   0.092029   0.006354  -0.055073   -18.8848   -20.1283   -20.6750   -20.9622   -21.0880     1.2436     1.7902     0.2872
229.711177  48.906122  19.3185  17.5224  16.6628  16.2751  15.9366    0.08460000   0.00014954  25377.042    44.830964   0.463582   2.339927    3510.180 1   0.202944   0.160766   0.059095   0.034674   0.041966   -18.7158   -20.4697   -21.2277   -21.5909   -21.9367     1.7539     2.5119     0.3633
229.769549  48.252330  18.8205  17.4257  16.8039  16.4276  16.2286    0.08030000   0.00014940  24070.067    44.788993   0.473475   2.389861    2203.205 1   0.202774   0.134345   0.087192   0.009970  -0.036009   -19.0815   -20.4079   -20.9825   -21.2816   -21.4346     1.3264     1.9010     0.2991
229.517743  48.601101  19.1597  17.3372  16.4822  16.0860  15.8208    0.07270000   0.00015990  21792.933    47.936814   0.481282   2.429265     -73.929 0   0.268111   0.204777   0.079834   0.045201   0.048473   -18.6121   -20.3713   -21.1013   -21.4629   -21.7314     1.7592     2.4892     0.3616
229.512547  48.610825  18.9101  17.0556  16.1699  15.7364  15.4374    0.07380000   0.00015766  22113.021    47.265279   0.484716   2.446601     246.160 0   0.310858   0.238485   0.085857   0.056679   0.057310   -18.9160   -20.6981   -21.4312   -21.8355   -22.1351     1.7821     2.5152     0.4043
230.379420  49.100003  18.8406  17.8625  17.5713  17.3314  17.1549    0.07600000   0.00006880  22787.555    20.625721   0.501834   2.533002     920.693 1   0.135644   0.019244   0.072500  -0.035691  -0.016545   -18.8955   -19.7572   -20.1017   -20.2334   -20.4290     0.8617     1.2062     0.1317
230.099349  49.108009  17.9077  16.4257  15.7543  15.3773  15.1481    0.08500000   0.00014224  25476.363    42.642479   0.511197   2.580263    3609.501 1   0.198645   0.127702   0.075402   0.018198   0.005405   -20.1353   -21.5464   -22.1655   -22.4852   -22.7017     1.4111     2.0302     0.3198
229.468515  48.585465  18.8324  17.2096  16.3764  15.9776  15.6848    0.08480000   0.00013270  25418.953    39.782459   0.514219   2.595516    3552.091 1   0.326044   0.264218   0.115833   0.059903   0.040374   -19.3117   -20.8727   -21.5575   -21.9004   -22.1736     1.5610     2.2458     0.3429
229.473137  48.512801  18.0466  16.3930  15.6839  15.3907  15.1350    0.07780000   0.00014248  23329.759    42.714429   0.519192   2.620616    1462.897 1   0.059035   0.034918   0.016346   0.009594   0.009203   -19.6610   -21.2904   -21.9810   -22.2674   -22.5227     1.6295     2.3200     0.2864
229.468868  48.684390  18.5042  16.5284  15.5973  15.1756  14.8424    0.07280000   0.00017875  21832.566    53.587902   0.519517   2.622258     -34.296 0   0.400555   0.312316   0.114627   0.080115   0.064887   -19.3818   -21.2694   -22.0028   -22.3900   -22.7079     1.8876     2.6210     0.3872
230.678421  48.171645  19.2461  18.1139  17.5952  17.2935  17.0717    0.07530000   0.00011300  22576.830    33.876548   0.520211   2.625761     709.968 1   0.179937   0.125360   0.097418  -0.020116  -0.102350   -18.4929   -19.5705   -20.0613   -20.2454   -20.3850     1.0776     1.5684     0.1842
230.973383  48.403303  19.4584  17.5955  16.7035  16.2795  15.9527    0.07470000   0.00017368  22381.036    52.067954   0.522219   2.635897     514.174 0   0.322320   0.248517   0.091546   0.059652   0.057495   -18.4055   -20.1946   -20.9297   -21.3218   -21.6464     1.7891     2.5241     0.3921
229.764594  48.187225  18.8792  16.9415  16.0349  15.6176  15.2914    0.07980000   0.00018305  23934.710    54.877009   0.525877   2.654361    2067.848 1   0.338505   0.260546   0.094360   0.063753   0.060151   -19.1449   -21.0046   -21.7451   -22.1317   -22.4543     1.8597     2.6002     0.3867
229.444668  48.618028  18.6692  17.1393  16.4882  16.1227  16.0212    0.07570000   0.00016478  22696.028    49.399801   0.529712   2.673715     829.166 1   0.178705   0.105722   0.068314   0.015333  -0.001373   -19.0801   -20.5370   -21.1507   -21.4632   -21.5480     1.4569     2.0706     0.3125
230.996029  48.792849  17.8076  15.8405  14.9770  14.5300  14.2292    0.07380000   0.00015328  22133.647    45.952188   0.530233   2.676349     266.785 0   0.286385   0.219870   0.078867   0.050681   0.054371   -19.9940   -21.8946   -22.6171   -23.0359   -23.3404     1.9006     2.6231     0.4188
229.521995  48.838503  19.7476  17.9675  17.1903  16.7904  16.5113    0.06180000   0.00015242  18513.713    45.694366   0.531931   2.684915   -3353.149 1   0.177474   0.133515   0.056181   0.028479   0.034564   -17.5795   -19.3156   -20.0155   -20.3877   -20.6729     1.7361     2.4360     0.3722
230.820506  48.991696  18.2059  16.9638  16.2653  15.9125  15.6898    0.06520000   0.00015493  19535.736    46.446846   0.541539   2.733411   -2331.126 1   0.246543   0.259076   0.133565   0.029183  -0.058255   -19.2822   -20.5369   -21.1098   -21.3583   -21.4935     1.2546     1.8276     0.2484
229.920733  48.104089  19.1981  17.2773  16.3731  15.9451  15.6249    0.07360000   0.00016952  22068.053    50.820817   0.545971   2.755786     201.191 0   0.344522   0.265398   0.096122   0.065323   0.060751   -18.6769   -20.5186   -21.2535   -21.6507   -21.9664     1.8417     2.5766     0.3972
229.559305  48.288594  20.3528  18.3877  17.4802  17.0653  16.7228    0.08100000   0.00014424  24283.639    43.242064   0.553788   2.795239    2416.777 1   0.348178   0.268353   0.097211   0.066274   0.061103   -17.7347   -19.6200   -20.3563   -20.7403   -21.0776     1.8853     2.6216     0.3840
229.473029  48.384884  19.0993  17.9752  17.3253  16.8886  16.6716    0.08400000   0.00004684  25194.019    14.042279   0.556641   2.809638    3327.157 1   0.243083   0.297752   0.146232   0.032574  -0.063104   -18.9623   -20.1411   -20.6395   -20.9625   -21.0839     1.1788     1.6771     0.3230
230.982711  48.317845  19.2563  17.5702  16.7386  16.3743  16.0772    0.06110000   0.00015453  18316.240    46.326929   0.566252   2.858151   -3550.622 1   0.249214   0.186926   0.079382   0.038775   0.041613   -18.1177   -19.7415   -20.4655   -20.7892   -21.0892     1.6238     2.3479     0.3237
229.381691  48.650334  18.6326  17.6315  17.2387  16.9421  16.8517    0.07150000   0.00007033  21426.946    21.084404   0.572934   2.891878    -439.915 0   0.160366   0.086330   0.095450  -0.075158  -0.061355   -18.9707   -19.8978   -20.2997   -20.4257   -20.5299     0.9271     1.3290     0.1260
229.409540  48.432837  19.0109  16.9204  15.9489  15.4732  15.0734    0.07240000   0.00019522  21710.580    58.525484   0.579302   2.924020    -156.282 0   0.535906   0.430588   0.161230   0.106956   0.074616   -18.9984   -20.9836   -21.6858   -22.1072   -22.4747     1.9852     2.6873     0.4214
229.426727  48.812125  18.9395  17.2687  16.6047  16.2846  16.0630    0.06190000   0.00014096  18562.160    42.258745   0.579335   2.924187   -3304.702 1   0.052161   0.028911   0.013636   0.008006   0.007007   -18.2621   -19.9097   -20.5584   -20.8729   -21.0935     1.6475     2.2963     0.3145
230.220764  49.185621  18.5625  16.7238  15.8974  15.4983  15.1866    0.08420000   0.00015709  25242.615    47.094397   0.579816   2.926616    3375.753 1   0.166833   0.136675   0.050563   0.030562   0.036411   -19.4281   -21.2366   -21.9769   -22.3560   -22.6736     1.8085     2.5488     0.3791
230.501579  49.165050  19.2490  18.0887  17.3990  16.9820  16.7004    0.07490000   0.00019312  22445.281    57.895919   0.584084   2.948157     578.420 1   0.265363   0.295382   0.144691   0.036387  -0.046961   -18.5608   -19.7511   -20.2901   -20.5988   -20.7970     1.1903     1.7293     0.3087
230.489936  48.033411  19.2996  18.1344  17.6604  17.3609  17.1993    0.07210000   0.00010469  21617.644    31.385272   0.594988   3.003198    -249.217 0   0.148845   0.054456   0.067561  -0.004805  -0.073738   -18.3136   -19.3844   -19.8716   -20.0987   -20.1914     1.0708     1.5579     0.2271
230.507969  48.023709  18.3132  16.3567  15.4692  15.0641  14.7592    0.07230000   0.00017111  21687.106    51.297487   0.607629   3.066999    -179.756 0   0.295163   0.226537   0.081698   0.052801   0.055279   -19.4524   -21.3403   -22.0829   -22.4591   -22.7665     1.8879     2.6305     0.3762
230.061524  48.003192  18.5533  16.5634  15.6239  15.1764  14.8445    0.07840000   0.00017298  23493.656    51.858099   0.615005   3.104230    1626.794 1   0.435957   0.342788   0.126944   0.089094   0.067096   -19.5509   -21.4476   -22.1713   -22.5809   -22.8908     1.8967     2.6204     0.4096
230.783115  48.066541  18.6163  17.1799  16.4836  16.0930  15.8124    0.07350000   0.00014323  22042.750    42.939274   0.646065   3.261005     175.888 0   0.267900   0.218344   0.113510   0.036562  -0.003434   -19.1760   -20.5629   -21.1544   -21.4680   -21.7086     1.3868     1.9783     0.3137
229.719309  48.060248  19.0403  17.1958  16.3160  15.9371  15.6257    0.07310000   0.00016336  21903.107    48.974096   0.647280   3.267141      36.245 0   0.303158   0.234251   0.090562   0.054342   0.052705   -18.7785   -20.5541   -21.2902   -21.6329   -21.9427     1.7756     2.5117     0.3427
229.723971  48.056027  18.3706  16.4360  15.5589  15.1409  14.8118    0.07300000   0.00016884  21872.648    50.616959   0.649201   3.276835       5.786 0   0.282776   0.217173   0.078474   0.049784   0.053614   -19.4217   -21.2907   -22.0291   -22.4184   -22.7514     1.8690     2.6074     0.3893
231.204455  48.759282  19.0162  17.2447  16.4068  16.0017  15.7329    0.05970000   0.00016439  17902.916    49.282882   0.652309   3.292525   -3963.946 1   0.262715   0.200141   0.079110   0.043668   0.047157   -18.3207   -20.0297   -20.7465   -21.1162   -21.3885     1.7089     2.4258     0.3697
229.531516  49.062757  17.4466  15.9502  15.1762  14.7403  14.4490    0.06200000   0.00016479  18590.670    49.402799   0.656901   3.315701   -3276.192 1   0.351101   0.311462   0.141553   0.063140   0.023960   -20.0611   -21.5179   -22.1220   -22.4795   -22.7316     1.4568     2.0609     0.3575
230.715008  48.020348  19.4430  17.6598  16.7987  16.3790  16.0881    0.07440000   0.00016587  22309.745    49.726575   0.662864   3.345801     442.883 0   0.276535   0.212207   0.078657   0.048034   0.051792   -18.3845   -20.1034   -20.8310   -21.2200   -21.5147     1.7189     2.4464     0.3891
230.696231  48.009632  18.1597  16.3638  15.5321  15.1402  14.8625    0.07420000   0.00016390  22243.401    49.135984   0.666710   3.365211     376.539 0   0.239873   0.180452   0.073911   0.037745   0.042842   -19.6284   -21.3649   -22.0900   -22.4458   -22.7286     1.7365     2.4616     0.3557
230.279672  49.293776  18.8520  17.1972  16.3804  16.0041  15.7242    0.08450000   0.00014620  25330.634    43.829657   0.688108   3.473221    3463.772 1   0.245999   0.183625   0.079297   0.037575   0.040216   -19.2255   -20.8179   -21.5304   -21.8650   -22.1475     1.5924     2.3049     0.3346
231.037760  49.057428  18.7201  17.4924  16.8712  16.5256  16.3882    0.08430000   0.00018112  25262.641    54.298410   0.691484   3.490260    3395.779 1   0.208278   0.197390   0.115972   0.006452  -0.086656   -19.2933   -20.5102   -21.0499   -21.2860   -21.3303     1.2168     1.7566     0.2361
229.835526  49.247248  18.9229  17.6331  17.1595  16.8320  16.6958    0.06710000   0.00009054  20120.091    27.143209   0.696176   3.513943   -1746.771 1   0.169920   0.075953   0.078178  -0.017234  -0.087761   -18.5547   -19.7505   -20.2264   -20.4585   -20.5241     1.1958     1.6717     0.2321
229.345931  48.236200  18.7319  17.1911  16.4090  15.9664  15.6829    0.08200000   0.00008877  24597.072    26.612576   0.700459   3.535559    2730.210 1   0.348488   0.302049   0.136872   0.062950   0.028028   -19.3615   -20.8558   -21.4727   -21.8414   -22.0900     1.4944     2.1113     0.3687
