220.366107  46.508394  20.6696  18.5439  17.5846  17.1889  16.8799    0.09800000   0.00017266  29367.040    51.762166   0.034297   0.223064     105.797 0   0.383539   0.298086   0.109115   0.075667   0.063662   -17.8472   -19.8874   -20.6578   -21.0200   -21.3170     2.0402     2.8106     0.3623
220.365827  46.461840  19.9009  18.4220  17.6110  17.2072  16.8880    0.08470000   0.00009878  25380.340    29.613499   0.036468   0.237184   -3880.903 1   0.353543   0.311365   0.140850   0.063923   0.026410   -18.2681   -19.7048   -20.3453   -20.6722   -20.9539     1.4367     2.0772     0.3269
220.293535  46.537942  20.1287  18.3100  17.4419  17.0638  16.7464    0.09740000   0.00016100  29190.042    48.266586   0.056112   0.364945     -71.201 0   0.286882   0.220509   0.087314   0.049606   0.049604   -18.2781   -20.0304   -20.7653   -21.1057   -21.4231     1.7523     2.4872     0.3404
220.300573  46.571626  19.0119  17.8496  17.3355  17.0109  16.8450    0.09650000   0.00010266  28919.629    30.776694   0.086726   0.564051    -341.614 0   0.180870   0.107309   0.088715  -0.017209  -0.095532   -19.2686   -20.3574   -20.8529   -21.0715   -21.1591     1.0887     1.5842     0.2187
220.334754  46.583397  18.9450  17.6633  16.9472  16.5532  16.2806    0.09850000   0.00010418  29537.292    31.232378   0.096656   0.628636     276.049 0   0.283214   0.279429   0.137993   0.042512  -0.028025   -19.4825   -20.7605   -21.3351   -21.6336   -21.8357     1.2779     1.8526     0.2985
220.361844  46.587444  19.7373  17.7940  16.9069  16.5062  16.2241    0.08440000   0.00014568  25305.631    43.673765   0.103338   0.672096   -3955.612 1   0.278901   0.214095   0.078746   0.048684   0.052411   -18.3493   -20.2278   -20.9796   -21.3502   -21.6361     1.8785     2.6302     0.3706
220.447308  46.560818  20.3010  18.4540  17.5399  17.1613  16.8590    0.08530000   0.00014623  25574.815    43.838651   0.110873   0.721099   -3686.428 1   0.329439   0.255305   0.095656   0.061587   0.057266   -17.8593   -19.6322   -20.3866   -20.7311   -21.0291     1.7729     2.5273     0.3445
220.419155  46.586904  18.3477  16.3885  15.4357  15.0262  14.7160    0.08480000   0.00019169  25431.154    57.467216   0.118338   0.769652   -3830.088 1   0.400359   0.311676   0.114051   0.079960   0.065088   -19.8707   -21.7412   -22.4964   -22.8718   -23.1671     1.8705     2.6257     0.3754
220.326619  46.605522  20.1344  18.2056  17.2530  16.8222  16.4526    0.09760000   0.00015503  29247.392    46.476825   0.118646   0.771653     -13.850 0   0.464393   0.369388   0.138507   0.095634   0.068416   -18.4543   -20.2881   -21.0098   -21.3978   -21.7402     1.8338     2.5555     0.3879
220.397258  46.601991  18.7323  17.5402  17.0442  16.7667  16.6625    0.09930000   0.00008603  29770.021    25.791145   0.124781   0.811557     508.778 1   0.106267   0.036622   0.043153   0.008898  -0.048775   -19.5359   -20.6584   -21.1609   -21.4041   -21.4507     1.1225     1.6250     0.2432
220.509697  46.521606  19.7291  18.0476  17.1753  16.7683  16.4927    0.08500000   0.00016478  25483.078    49.399801   0.130287   0.847367   -3778.164 1   0.345314   0.276667   0.113005   0.066576   0.051061   -18.4606   -20.0734   -20.7821   -21.1426   -21.4027     1.6129     2.3215     0.3606
220.450316  46.592863  20.3341  18.3176  17.3414  16.9264  16.6091    0.09860000   0.00015923  29555.549    47.735953   0.135665   0.882345     294.306 0   0.439006   0.344549   0.127198   0.089700   0.067588   -18.2491   -20.1711   -20.9300   -21.3075   -21.6027     1.9220     2.6809     0.3775
220.176189  46.590205  19.4850  18.0411  17.2620  16.9263  16.6285    0.08590000   0.00016851  25755.740    50.518027   0.146642   0.953737   -3505.503 1   0.106298   0.077111   0.035102   0.019361   0.021360   -18.4886   -19.9033   -20.6404   -20.9604   -21.2602     1.4147     2.1518     0.3200
220.374872  46.315732  18.6300  16.8657  16.0266  15.6620  15.3446    0.08570000   0.00014333  25688.106    42.969253   0.174249   1.133285   -3573.136 1   0.156089   0.125521   0.048805   0.028377   0.033576   -19.3671   -21.1009   -21.8633   -22.2074   -22.5300     1.7337     2.4961     0.3442
220.289385  46.307674  18.8090  17.5849  17.0878  16.8197  16.6172    0.09880000   0.00015385  29614.488    46.123070   0.181096   1.177819     353.245 1   0.117781   0.042126   0.050161   0.007984  -0.054016   -19.4597   -20.6082   -21.1133   -21.3392   -21.4797     1.1484     1.6536     0.2259
220.154248  46.344453  20.1140  18.4094  17.5079  17.1136  16.8151    0.08520000   0.00014487  25551.041    43.430933   0.185698   1.207752   -3710.201 1   0.358587   0.285995   0.113248   0.070318   0.055197   -18.0729   -19.7049   -20.4337   -20.7850   -21.0684     1.6320     2.3608     0.3514
220.385215  46.676260  18.6079  16.8564  16.1231  15.7917  15.5037    0.08470000   0.00014569  25384.207    43.676763   0.193534   1.258713   -3877.036 1   0.031810   0.023436   0.008934   0.006771   0.006630   -19.2394   -20.9825   -21.7013   -22.0306   -22.3184     1.7431     2.4619     0.3292
220.589705  46.574051  19.3191  17.8578  17.1519  16.8038  16.5852    0.10580000   0.00014081  31708.149    42.213776   0.200592   1.304622    2446.906 1   0.128832   0.078815   0.045117   0.018077   0.016993   -19.1308   -20.5421   -21.2143   -21.5353   -21.7529     1.4113     2.0835     0.3211
220.427589  46.292902  19.6127  18.3097  17.6645  17.3540  17.0161    0.10520000   0.00017398  31542.064    52.157892   0.205895   1.339108    2280.821 1   0.008123   0.004290   0.001749   0.001218   0.001027   -18.6830   -19.9822   -20.6249   -20.9348   -21.2725     1.2992     1.9418     0.3100
220.294068  46.722754  18.6133  17.3336  16.7049  16.3136  16.0973    0.08480000   0.00008435  25408.340    25.287494   0.236985   1.541314   -3852.903 1   0.234743   0.209327   0.117096   0.020912  -0.056027   -19.4395   -20.6938   -21.2302   -21.5254   -21.6647     1.2543     1.7908     0.2951
220.549863  46.293249  18.5154  17.0923  16.4644  16.1483  15.9055    0.09850000   0.00016620  29516.456    49.825507   0.246922   1.605942     255.213 0   0.003483   0.001727   0.000727   0.000497   0.000325   -19.6324   -21.0538   -21.6807   -21.9965   -22.2392     1.4213     2.0482     0.3159
220.454065  46.243995  19.1977  17.7576  17.0171  16.6792  16.3897    0.09790000   0.00018132  29360.594    54.358368   0.258084   1.678540      99.351 0   0.068615   0.047452   0.020839   0.012984   0.013457   -19.0019   -20.4209   -21.1348   -21.4648   -21.7548     1.4189     2.1328     0.3300
220.510766  46.238916  19.3958  17.4581  16.5244  16.1307  15.7778    0.09790000   0.00016049  29360.894    48.113692   0.278278   1.809873      99.651 0   0.353627   0.272563   0.098558   0.067651   0.061745   -19.0889   -20.9455   -21.7052   -22.0680   -22.4150     1.8566     2.6163     0.3628
220.470261  46.216093  19.8415  18.2200  17.3809  16.8345  16.6220    0.09000000   0.00015090  26970.319    45.238682   0.288115   1.873857   -2290.924 1   0.392836   0.338699   0.144715   0.076455   0.044050   -18.5202   -20.0876   -20.7327   -21.2108   -21.3909     1.5674     2.2125     0.4781
220.188737  46.191835  18.3650  16.8514  16.0934  15.7023  15.3997    0.08550000   0.00015590  25646.525    46.737644   0.310087   2.016756   -3614.718 1   0.283569   0.225613   0.109418   0.044812   0.021560   -19.7757   -21.2313   -21.8731   -22.1996   -22.4790     1.4556     2.0974     0.3265
220.244157  46.798047  20.0831  18.1085  17.2220  16.8500  16.5833    0.08480000   0.00014966  25413.676    44.866939   0.316393   2.057774   -3847.566 1   0.267994   0.205065   0.078477   0.045541   0.049340   -18.0029   -19.9146   -20.6745   -21.0136   -21.2841     1.9117     2.6716     0.3391
220.496253  46.191875  19.0102  17.7663  17.1531  16.7916  16.5688    0.09770000   0.00012086  29292.841    36.232916   0.317105   2.062399      31.598 0   0.218431   0.187002   0.110919   0.013014  -0.069420   -19.3324   -20.5449   -21.0820   -21.3456   -21.4860     1.2125     1.7496     0.2636
220.248698  46.802044  19.5279  17.5628  16.6181  16.1958  15.8390    0.08580000   0.00016645  25722.433    49.900455   0.319782   2.079813   -3538.810 1   0.416308   0.325675   0.119925   0.084216   0.065908   -18.7532   -20.6276   -21.3666   -21.7532   -22.0917     1.8745     2.6134     0.3866
220.330943  46.155543  19.1473  18.2300  17.9092  17.6474  17.5851    0.10400000   0.00004131  31175.118    12.384426   0.331343   2.155004    1913.875 1   0.151900   0.024359   0.079281  -0.049363  -0.021026   -19.2650   -20.0548   -20.4305   -20.5636   -20.6543     0.7898     1.1655     0.1332
220.717603  46.698715  19.4713  17.8758  17.2586  16.9435  16.7406    0.08510000   0.00015473  25526.099    46.386887   0.342179   2.225476   -3735.144 1   0.075150   0.035595   0.022047   0.010249   0.000352   -18.4481   -20.0040   -20.6077   -20.9110   -21.1040     1.5559     2.1596     0.3033
219.862570  46.645120  19.1090  17.8460  17.1800  16.8656  16.5742    0.09860000   0.00010026  29559.986    30.057192   0.356977   2.321722     298.743 1   0.012042   0.006429   0.002606   0.001822   0.001580   -19.0472   -20.3046   -20.9668   -21.2804   -21.5716     1.2574     1.9196     0.3136
220.278371  46.861719  19.8230  18.0113  17.0957  16.7108  16.3741    0.08460000   0.00016328  25349.401    48.950113   0.376354   2.447745   -3911.842 1   0.349038   0.270864   0.100261   0.066799   0.059894   -18.3574   -20.0909   -20.8359   -21.1874   -21.5172     1.7335     2.4785     0.3514
220.640838  46.160961  18.5039  17.1910  16.6101  16.2504  16.0710    0.08650000   0.00023531  25920.176    70.544163   0.390921   2.542491   -3341.067 1   0.194034   0.124834   0.087508   0.002438  -0.060895   -19.5699   -20.8136   -21.3572   -21.6318   -21.7479     1.2437     1.7873     0.2746
219.768136  46.564069  19.2740  18.1353  17.6356  17.3484  17.1178    0.09280000   0.00008876  27830.903    26.609579   0.392669   2.553860   -1430.340 1   0.149515   0.057588   0.067028  -0.002239  -0.072654   -18.9086   -19.9554   -20.4646   -20.6825   -20.8427     1.0468     1.5559     0.2179
220.595829  46.858268  19.1310  17.3960  16.5778  16.1604  15.8726    0.08580000   0.00013330  25714.518    39.962335   0.414862   2.698197   -3546.725 1   0.235535   0.177559   0.071995   0.037185   0.042850   -18.9693   -20.6463   -21.3590   -21.7415   -22.0350     1.6770     2.3897     0.3826
220.099678  46.094818  19.7140  18.2963  17.4885  17.0118  16.6084    0.08540000   0.00008674  25610.160    26.003998   0.422227   2.746098   -3651.082 1   0.402302   0.350702   0.149255   0.078637   0.044532   -18.5429   -19.9090   -20.5153   -20.9214   -21.2907     1.3661     1.9725     0.4061
220.403564  46.908570  19.0684  17.1766  16.2524  15.8381  15.5140    0.08500000   0.00015128  25480.170    45.352603   0.424948   2.763798   -3781.072 1   0.374804   0.289848   0.105127   0.073154   0.063533   -19.1508   -20.9576   -21.6971   -22.0794   -22.3939     1.8068     2.5463     0.3823
219.784780  46.268546  19.2307  17.2976  16.3903  15.9798  15.6738    0.08560000   0.00016530  25674.406    49.555693   0.432673   2.814038   -3586.837 1   0.335227   0.258468   0.094396   0.062970   0.059353   -18.9615   -20.8179   -21.5611   -21.9402   -22.2425     1.8563     2.5996     0.3791
220.525415  46.060835  17.7145  16.4385  15.7808  15.4319  15.2158    0.09790000   0.00016030  29351.960    48.056731   0.447342   2.909444      90.717 0   0.229782   0.206982   0.116872   0.018464  -0.062206   -20.6463   -21.8995   -22.4671   -22.7176   -22.8530     1.2532     1.8208     0.2505
220.454356  46.033539  19.2253  17.6056  16.9922  16.6228  16.4598    0.09820000   0.00015452  29442.767    46.323931   0.461700   3.002822     181.524 0   0.190202   0.115621   0.076708   0.012053  -0.019726   -19.1213   -20.6665   -21.2409   -21.5457   -21.6769     1.5451     2.1196     0.3047
219.630506  46.414828  19.5182  17.8466  16.9438  16.5462  16.1911    0.09750000   0.00014236  29230.304    42.678454   0.485148   3.155327     -30.939 0   0.391980   0.320623   0.129203   0.079164   0.055322   -18.9959   -20.5961   -21.3075   -21.6551   -21.9863     1.6002     2.3116     0.3476
219.648362  46.670311  20.1486  18.2628  17.2938  16.9108  16.5751    0.10430000   0.00015528  31281.544    46.551773   0.502175   3.266069    2020.301 1   0.419666   0.329868   0.122392   0.085253   0.065617   -18.5400   -20.3360   -21.0975   -21.4434   -21.7594     1.7960     2.5575     0.3459
220.503298  45.993927  20.4456  18.4183  17.4752  16.9434  16.4997    0.09800000   0.00015018  29381.190    45.022831   0.507623   3.301501     119.947 0   0.623615   0.499344   0.182583   0.114754   0.084404   -18.3113   -20.2143   -20.8406   -21.3046   -21.7180     1.9030     2.5294     0.4640
220.648944  46.027297  18.7897  17.5600  16.9694  16.6199  16.3838    0.08590000   0.00009964  25754.421    29.871321   0.510150   3.317934   -3506.822 1   0.203052   0.156161   0.101435   0.005471  -0.078366   -19.2807   -20.4635   -20.9993   -21.2529   -21.4051     1.1828     1.7187     0.2535
220.837558  46.860887  19.3121  17.3297  16.4016  15.9896  15.6302    0.08640000   0.00017343  25902.038    51.993006   0.513132   3.337327   -3359.204 1   0.388182   0.301670   0.110284   0.076822   0.064144   -18.9560   -20.8519   -21.5886   -21.9672   -22.3139     1.8959     2.6326     0.3785
220.622750  45.999591  19.5264  17.6040  16.6378  16.2121  15.8674    0.08640000   0.00016123  25893.015    48.335538   0.528038   3.434276   -3368.228 1   0.456784   0.363430   0.136468   0.094061   0.067672   -18.8103   -20.6394   -21.3786   -21.7619   -22.0802     1.8290     2.5683     0.3833
