160.320759  33.899247  17.6954  15.6632  14.7877  14.3703  14.0632    0.08300000   0.00018834  24878.307    56.462912   0.005513   0.031009     -11.362 0   0.290580   0.223026   0.080397   0.051664   0.054718   -20.3665   -22.3311   -23.0640   -23.4527   -23.7628     1.9646     2.6975     0.3887
160.299332  33.901515  19.4486  17.4777  16.6167  16.1626  15.8254    0.08070000   0.00016622  24200.147    49.831502   0.015035   0.084571    -689.523 1   0.318142   0.244259   0.088120   0.058532   0.058066   -18.5767   -20.4738   -21.1786   -21.6031   -21.9399     1.8970     2.6019     0.4245
160.339428  33.892196  18.8931  17.3372  16.5723  16.0957  15.8110    0.08190000   0.00018672  24559.238    55.977248   0.019788   0.111307    -330.431 0   0.373713   0.328083   0.144522   0.070328   0.034601   -19.2440   -20.7543   -21.3356   -21.7380   -21.9870     1.5103     2.0916     0.4024
160.340330  33.893088  19.5314  17.4167  16.5554  16.2139  15.8904    0.08130000   0.00018483  24376.275    55.410640   0.020403   0.114766    -513.395 0   0.373713   0.328083   0.144522   0.070328   0.034601   -18.5897   -20.6588   -21.3365   -21.6038   -21.8916     2.0691     2.7468     0.2673
160.323954  33.925692  18.3991  16.5293  15.6735  15.2740  14.9809    0.08470000   0.00016705  25397.308    50.080330   0.030946   0.174072     507.639 0   0.247673   0.189085   0.072916   0.040823   0.046491   -19.6641   -21.4753   -22.2149   -22.5823   -22.8811     1.8112     2.5508     0.3674
160.316545  33.942235  19.9205  18.4083  17.7584  17.3941  17.1274    0.08490000   0.00017608  25443.296    52.787456   0.046765   0.263051     553.627 0   0.158980   0.093974   0.058799   0.017838   0.010733   -18.0591   -19.5063   -20.1210   -20.4444   -20.7040     1.4472     2.0619     0.3233
160.266969  33.922293  18.8173  16.9342  16.0639  15.6402  15.3110    0.08350000   0.00018466  25035.758    55.359675   0.048684   0.273845     146.089 0   0.275404   0.211774   0.076487   0.048101   0.052653   -19.2425   -21.0620   -21.7970   -22.1923   -22.5260     1.8195     2.5545     0.3953
160.368386  33.924876  20.1894  18.3523  17.4829  17.1047  16.8428    0.08240000   0.00014362  24696.153    43.056193   0.052548   0.295577    -193.516 0   0.273670   0.209103   0.084523   0.045860   0.047002   -17.8397   -19.6123   -20.3571   -20.6966   -20.9597     1.7725     2.5174     0.3395
160.382077  33.874409  19.8637  17.7926  16.9560  16.5484  16.2304    0.08360000   0.00015318  25076.890    45.922209   0.058817   0.330842     187.220 0   0.216019   0.169902   0.062003   0.036587   0.044059   -18.1366   -20.1615   -20.8902   -21.2724   -21.5979     2.0250     2.7537     0.3822
160.421485  33.869468  20.0449  18.2212  17.3592  16.9585  16.6538    0.08330000   0.00015290  24971.003    45.838267   0.091404   0.514143      81.334 0   0.268670   0.205901   0.077641   0.045956   0.050072   -18.0241   -19.7850   -20.5188   -20.8878   -21.1966     1.7609     2.4947     0.3690
160.364228  33.985715  18.6465  17.6143  17.2240  16.9070  16.7518    0.08220000   0.00009128  24639.253    27.365056   0.098750   0.555466    -250.417 0   0.166679   0.085684   0.093850  -0.063150  -0.071941   -19.2676   -20.2188   -20.6172   -20.7772   -20.9236     0.9512     1.3497     0.1600
160.434296  33.882932  19.8627  17.8364  16.9643  16.5515  16.2304    0.08230000   0.00016124  24679.095    48.338536   0.099057   0.557191    -210.574 0   0.278425   0.214069   0.076869   0.048854   0.053270   -18.1686   -20.1305   -20.8654   -21.2502   -21.5757     1.9619     2.6968     0.3848
160.303307  33.788463  19.5830  17.8194  16.8782  16.3699  15.9976    0.08230000   0.00016742  24684.102    50.191253   0.107520   0.604796    -205.568 0   0.562952   0.484820   0.184328   0.106371   0.075507   -18.7328   -20.4183   -21.0590   -21.4893   -21.8307     1.6855     2.3262     0.4303
160.361035  33.792865  19.0169  17.5232  16.8512  16.4990  16.2152    0.07200000   0.00014152  21591.922    42.426629   0.109228   0.614404   -3297.747 1   0.007380   0.004666   0.001782   0.001336   0.001341   -18.4487   -19.9397   -20.6088   -20.9605   -21.2443     1.4910     2.1601     0.3518
160.179674  33.885258  19.6534  17.7719  16.8997  16.4866  16.1877    0.08150000   0.00014921  24440.070    44.732033   0.113551   0.638717    -449.599 0   0.271205   0.208789   0.075067   0.047185   0.052255   -18.3493   -20.1684   -20.9069   -21.2921   -21.5961     1.8191     2.5576     0.3852
160.225062  33.807337  18.7230  17.7921  17.5936  17.3211  17.3539    0.08530000   0.00008288  25578.772    24.846799   0.115998   0.652483     689.103 0   0.128206   0.017770   0.067626  -0.030354  -0.015661   -19.2361   -20.0565   -20.3049   -20.4794   -20.4613     0.8205     1.0688     0.1745
160.175016  33.892887  18.8694  17.5714  16.9502  16.5632  16.3352    0.08420000   0.00004478  25232.632    13.424706   0.116985   0.658034     342.963 0   0.225452   0.186909   0.109493   0.017260  -0.056026   -19.1798   -20.4393   -20.9830   -21.2778   -21.4325     1.2595     1.8032     0.2948
160.443737  33.955687  19.9890  18.1970  17.3164  16.9034  16.6141    0.08270000   0.00016619  24800.811    49.822509   0.121993   0.686205     -88.858 0   0.314727   0.243108   0.091323   0.057632   0.055605   -18.0863   -19.8067   -20.5355   -20.9149   -21.2021     1.7204     2.4492     0.3793
160.157898  33.911223  18.5141  16.5163  15.6669  15.2549  14.9658    0.08420000   0.00016672  25243.574    49.981399   0.132107   0.743097     353.905 0   0.220730   0.172931   0.063232   0.037276   0.044675   -19.5304   -21.4804   -22.2201   -22.6061   -22.9026     1.9500     2.6897     0.3860
160.446076  33.816119  19.7762  18.0300  17.1556  16.7427  16.4486    0.08290000   0.00014530  24858.970    43.559844   0.134050   0.754025     -30.699 0   0.332135   0.261485   0.103675   0.062640   0.053293   -18.3246   -20.0001   -20.7167   -21.0886   -21.3734     1.6755     2.3921     0.3719
160.156617  33.868454  18.4533  16.6887  15.8315  15.4134  15.1082    0.08360000   0.00017276  25071.763    51.792145   0.134961   0.759151     182.094 0   0.305136   0.236715   0.093719   0.054647   0.051295   -19.6361   -21.3323   -22.0465   -22.4255   -22.7273     1.6962     2.4104     0.3790
160.491912  33.927829  19.3224  17.4248  16.5067  16.0794  15.7237    0.08220000   0.00017740  24651.784    53.183182   0.149625   0.841634    -237.885 0   0.409351   0.320619   0.118461   0.082591   0.065092   -18.8343   -20.6432   -21.3591   -21.7506   -22.0888     1.8089     2.5248     0.3914
160.410880  33.764216  20.0488  18.2305  17.4780  17.0843  16.8216    0.08390000   0.00014138  25160.262    42.384658   0.153107   0.861218     270.593 0   0.155295   0.113559   0.051104   0.025052   0.029711   -17.9013   -19.6778   -20.3679   -20.7355   -21.0029     1.7766     2.4666     0.3676
160.122875  33.935287  19.8246  17.9908  17.1737  16.7877  16.5249    0.08500000   0.00013942  25482.119    41.797064   0.165109   0.928728     592.450 0   0.225062   0.168300   0.069724   0.034581   0.040695   -18.2448   -20.0219   -20.7404   -21.0912   -21.3601     1.7770     2.4956     0.3509
160.395330  34.049496  19.1788  18.0834  17.5756  17.2227  17.0863    0.08220000   0.00008265  24655.291    24.777847   0.167535   0.942376    -234.378 0   0.173300   0.153979   0.106972  -0.025585  -0.103355   -18.7419   -19.8180   -20.2788   -20.4991   -20.5577     1.0761     1.5369     0.2203
160.114348  33.907627  18.5608  17.1671  16.5307  16.1763  15.9347    0.08470000   0.00014441  25390.143    43.293029   0.167755   0.943615     500.474 0   0.177659   0.102696   0.069269   0.013543  -0.009888   -19.4323   -20.7511   -21.3540   -21.6527   -21.8709     1.3187     1.9217     0.2987
160.112919  33.895398  19.7092  17.9956  17.2390  16.8232  16.4837    0.08170000   0.00016505  24482.641    49.480745   0.168501   0.947807    -407.028 0   0.065807   0.063435   0.022961   0.017470   0.016988   -18.0907   -19.8019   -20.5180   -20.9283   -21.2674     1.7112     2.4274     0.4103
160.095072  33.924732  19.9265  18.4389  17.7241  17.2625  16.9528    0.08270000   0.00008424  24783.153    25.254517   0.185635   1.044185    -106.516 0   0.330239   0.287531   0.134111   0.056737   0.018720   -18.1644   -19.6093   -20.1706   -20.5549   -20.8265     1.4449     2.0063     0.3842
160.051028  33.891415  20.5018  18.5618  17.6991  17.2957  16.9990    0.08540000   0.00014820  25592.743    44.429242   0.219911   1.236986     703.073 1   0.232498   0.181100   0.065920   0.039208   0.046482   -17.5853   -19.4739   -20.2214   -20.5981   -20.9021     1.8886     2.6361     0.3767
160.251991  34.109582  18.9781  17.0637  16.1250  15.6586  15.2959    0.08340000   0.00016114  24988.601    48.308557   0.220586   1.240786      98.932 0   0.513389   0.425007   0.163266   0.102718   0.070167   -19.3171   -21.1431   -21.8200   -22.2259   -22.5560     1.8260     2.5030     0.4059
160.557844  33.800359  19.5464  18.1337  17.3601  16.9242  16.6973    0.08280000   0.00020042  24830.940    60.084404   0.222198   1.249853     -58.729 0   0.336299   0.338942   0.155257   0.059223   0.000244   -18.5771   -19.9925   -20.5824   -20.9222   -21.0902     1.4153     2.0053     0.3399
160.052140  33.834622  18.8850  17.6499  17.0736  16.6451  16.4050    0.08430000   0.00006374  25269.087    19.108771   0.227249   1.278263     379.417 0   0.223882   0.204993   0.116874   0.015377  -0.069684   -19.1440   -20.3603   -20.8484   -21.1754   -21.3305     1.2162     1.7044     0.3270
160.070307  34.009076  20.0667  18.0458  17.1606  16.7517  16.4228    0.08290000   0.00014723  24847.099    44.138444   0.233386   1.312783     -42.571 0   0.279987   0.215192   0.077359   0.049200   0.053438   -17.9819   -19.9381   -20.6854   -21.0662   -21.3993     1.9561     2.7035     0.3807
160.563662  33.780200  20.0346  18.2883  17.4017  16.9559  16.6529    0.08180000   0.00013296  24530.938    39.860405   0.235746   1.326059    -358.732 0   0.420113   0.357112   0.147140   0.084226   0.053066   -18.1463   -19.8296   -20.5062   -20.8891   -21.1609     1.6833     2.3599     0.3829
160.301181  34.160721  19.1014  17.2756  16.4166  16.0158  15.7187    0.08370000   0.00015608  25091.579    46.791607   0.265530   1.493593     201.910 0   0.272291   0.208418   0.079801   0.046519   0.049839   -18.9817   -20.7436   -21.4740   -21.8415   -22.1419     1.7619     2.4923     0.3675
160.038900  34.047425  18.4900  16.5800  15.7674  15.3829  15.0551    0.08140000   0.00016787  24397.440    50.326160   0.275612   1.550304    -492.229 0   0.127448   0.109600   0.040862   0.026236   0.029695   -19.3875   -21.2797   -22.0235   -22.3934   -22.7246     1.8922     2.6360     0.3699
160.633643  33.796213  20.1568  18.4644  17.6304  17.2722  16.9866    0.08340000   0.00013819  25011.085    41.428320   0.281791   1.585057     121.416 0   0.238817   0.177866   0.075807   0.036393   0.040533   -17.8638   -19.4952   -20.2272   -20.5460   -20.8357     1.6314     2.3634     0.3188
160.299057  34.183973  18.8630  16.9772  16.0687  15.6377  15.3013    0.08350000   0.00018022  25021.368    54.028597   0.288840   1.624708     131.699 0   0.391262   0.306832   0.114201   0.078161   0.063082   -19.3126   -21.1140   -21.8299   -22.2248   -22.5462     1.8014     2.5172     0.3950
159.966900  33.774957  18.1065  16.7700  16.2431  15.9012  15.7476    0.08480000   0.00015492  25414.936    46.443848   0.313772   1.764950     525.266 0   0.176095   0.092795   0.078604  -0.004732  -0.076676   -19.8876   -21.1408   -21.6536   -21.9121   -21.9938     1.2532     1.7659     0.2586
160.736593  34.030800  18.7972  16.8361  15.8849  15.4408  15.0643    0.08220000   0.00018115  24653.493    54.307404   0.374490   2.106486    -236.176 0   0.498367   0.398693   0.149723   0.101802   0.071134   -19.4485   -21.3100   -22.0122   -22.4084   -22.7542     1.8614     2.5637     0.3962
159.876123  33.776417  19.2795  17.5716  16.7498  16.3707  16.1193    0.08320000   0.00015627  24954.634    46.848567   0.383978   2.159856      64.965 0   0.258091   0.194584   0.083355   0.040527   0.041632   -18.7551   -20.3995   -21.1101   -21.4464   -21.6989     1.6444     2.3550     0.3363
160.343794  33.489974  18.4458  17.1195  16.4166  16.0294  15.7950    0.08100000   0.00019068  24290.144    57.164426   0.406159   2.284620    -599.525 1   0.269293   0.253784   0.129827   0.035053  -0.032828   -19.5628   -20.8736   -21.4525   -21.7450   -21.9115     1.3108     1.8897     0.2924
160.832262  34.019020  18.7979  17.1201  16.2734  15.8459  15.5667    0.08220000   0.00004337  24653.313    13.001999   0.446047   2.508987    -236.356 0   0.372925   0.317486   0.137597   0.071653   0.041169   -19.3224   -20.9448   -21.6116   -21.9731   -22.2218     1.6224     2.2892     0.3616
160.861718  33.869957  19.0668  18.5351  18.3352  18.0200  18.0189    0.07030000   0.00003776  21085.093    11.320163   0.453762   2.552389   -3804.576 1   0.137606   0.020025   0.073317  -0.036830  -0.017704   -18.4801   -18.8942   -19.1474   -19.3524   -19.3727     0.4141     0.6673     0.2051
160.216270  33.445847  18.3725  17.3059  16.8529  16.5215  16.3960    0.08230000   0.00009890  24671.121    29.649474   0.457171   2.571560    -218.549 0   0.165867   0.121613   0.100493  -0.044707  -0.093034   -19.5462   -20.5685   -21.0004   -21.1866   -21.2638     1.0223     1.4542     0.1862
160.756868  34.258776  19.1000  17.3813  16.5887  16.2454  15.9787    0.08950000   0.00014600  26821.862    43.769699   0.515708   2.900828    1932.192 1   0.120951   0.090472   0.040157   0.021865   0.024794   -18.9777   -20.6659   -21.4082   -21.7332   -22.0028     1.6882     2.4305     0.3250
160.963873  33.793639  18.5512  17.3544  16.7954  16.4387  16.2463    0.08350000   0.00019501  25046.790    58.462527   0.547395   3.079067     157.121 0   0.193545   0.149600   0.101532  -0.003171  -0.093491   -19.4267   -20.5796   -21.0905   -21.3425   -21.4446     1.1529     1.6638     0.2520
160.636525  34.389020  18.7122  16.9047  16.0785  15.6976  15.4067    0.07180000   0.00017490  21534.602    52.433701   0.560722   3.154030   -3355.067 1   0.222714   0.166068   0.069290   0.033937   0.040114   -18.9871   -20.7379   -21.4673   -21.8129   -22.1100     1.7509     2.4803     0.3455
160.975519  33.755441  19.5512  17.6616  16.7607  16.3431  16.0379    0.08290000   0.00016396  24856.872    49.153971   0.565130   3.178823     -32.797 0   0.319271   0.246047   0.090645   0.058856   0.057154   -18.5367   -20.3531   -21.0986   -21.4844   -21.7879     1.8164     2.5619     0.3858
160.945207  34.138523  20.0284  18.1365  17.3033  16.8830  16.6005    0.07160000   0.00017220  21462.952    51.624261   0.576123   3.240663   -3426.718 1   0.229656   0.176838   0.066966   0.037761   0.044801   -17.6505   -19.4895   -20.2129   -20.6040   -20.8935     1.8391     2.5624     0.3911
160.122693  33.328844  19.6874  18.1060  17.4684  17.0819  16.7687    0.08300000   0.00009991  24872.551    29.952264   0.588891   3.312479     -17.118 0   0.189430   0.117542   0.071881   0.016792   0.003216   -18.2733   -19.7828   -20.3748   -20.7062   -21.0058     1.5095     2.1015     0.3314
160.903247  33.548912  18.1061  16.3251  15.4439  15.0246  14.7295    0.08200000   0.00016405  24569.581    49.180953   0.598144   3.364527    -320.088 0   0.347599   0.273289   0.105424   0.066941   0.056777   -19.9864   -21.6931   -22.4064   -22.7872   -23.0721     1.7067     2.4200     0.3808
159.597907  33.713819  19.8091  18.0394  17.1501  16.7824  16.4835    0.08230000   0.00015337  24663.686    45.979169   0.623059   3.504671    -225.984 0   0.304576   0.236236   0.093588   0.054485   0.051199   -18.2483   -19.9497   -20.6963   -21.0249   -21.3205     1.7014     2.4480     0.3286
160.522279  34.497458  19.4103  17.5013  16.6681  16.2878  15.9578    0.08840000   0.00014173  26513.615    42.489585   0.625881   3.520547    1623.946 1   0.134820   0.115356   0.042679   0.027233   0.031162   -18.6332   -20.5227   -21.2832   -21.6481   -21.9820     1.8895     2.6501     0.3649
159.759890  33.468865  19.3509  17.4500  16.5723  16.1763  15.8710    0.08280000   0.00015198  24824.374    45.562458   0.628497   3.535261     -65.295 0   0.278980   0.213937   0.080214   0.048436   0.051612   -18.7153   -20.5511   -21.2951   -21.6593   -21.9678     1.8359     2.5798     0.3642
