178.139819   3.476141  20.1660  18.3053  17.3971  17.0009  16.6710    0.08260000   0.00017191  24755.032    51.537321   0.020701   0.114148     397.495 0   0.328341   0.252918   0.092332   0.061190   0.058629   -17.9231   -19.7084   -20.4560   -20.8211   -21.1484     1.7853     2.5329     0.3651
178.156557   3.472708  17.4882  15.5441  14.6242  14.2025  13.8854    0.08050000   0.00018944  24141.627    56.792683   0.029739   0.163991    -215.911 0   0.352866   0.272044   0.098470   0.067472   0.061612   -20.5905   -22.4538   -23.2001   -23.5908   -23.9020     1.8633     2.6096     0.3907
178.161475   3.474622  21.1526  18.8350  17.9326  17.5312  17.1624    0.07940000   0.00016869  23790.180    50.571990   0.031474   0.173557    -567.357 0   0.342579   0.263658   0.095271   0.064789   0.060686   -16.8646   -19.1033   -19.8373   -20.2082   -20.5729     2.2387     2.9727     0.3709
178.114210   3.524648  19.2889  17.2642  16.3705  15.9009  15.5207    0.08300000   0.00016112  24873.211    48.302561   0.037317   0.205772     515.673 0   0.460374   0.384261   0.151875   0.093774   0.062417   -18.9428   -20.8914   -21.5527   -21.9642   -22.3130     1.9486     2.6099     0.4115
178.116301   3.467078  20.2997  18.4169  17.5691  17.1869  16.8355    0.07770000   0.00014123  23303.557    42.339689   0.037475   0.206648   -1053.980 0   0.189457   0.152105   0.055791   0.033110   0.040052   -17.5384   -19.3839   -20.1354   -20.4949   -20.8532     1.8454     2.5969     0.3595
178.105141   3.553162  18.1594  16.2580  15.3155  14.8789  14.5276    0.08350000   0.00017278  25047.300    51.798141   0.065759   0.362613     689.762 0   0.463311   0.370405   0.139776   0.095438   0.067783   -20.0883   -21.8968   -22.6087   -23.0009   -23.3246     1.8085     2.5204     0.3923
178.116874   3.559053  19.4052  17.6638  16.7866  16.3867  16.0528    0.08480000   0.00015754  25425.159    47.229304   0.066070   0.364324    1067.621 0   0.342424   0.271918   0.108855   0.065765   0.053059   -18.7553   -20.4262   -21.1403   -21.4971   -21.8183     1.6709     2.3850     0.3568
178.096491   3.428641  20.1608  18.2925  17.4445  17.0289  16.7358    0.08030000   0.00015013  24069.347    45.007842   0.080381   0.443238    -288.190 0   0.246764   0.190949   0.069556   0.041858   0.048455   -17.7852   -19.5977   -20.3243   -20.7122   -21.0119     1.8125     2.5391     0.3879
178.205053   3.397928  19.8563  17.7958  16.9264  16.4972  16.1883    0.07960000   0.00016976  23852.118    50.892768   0.118791   0.655042    -505.420 0   0.275589   0.211911   0.076533   0.048144   0.052679   -18.1206   -20.1174   -20.8515   -21.2523   -21.5657     1.9968     2.7308     0.4008
178.243261   3.413783  20.4051  18.4917  17.6655  17.2772  16.9542    0.08130000   0.00015054  24368.780    45.130757   0.133040   0.733617      11.242 0   0.148582   0.124929   0.046050   0.028779   0.033563   -17.4909   -19.3806   -20.1279   -20.4989   -20.8267     1.8897     2.6371     0.3710
178.170612   3.339629  20.1906  18.3919  17.6437  17.3147  17.0299    0.08000000   0.00013616  23991.491    40.819741   0.160311   0.883994    -366.047 0   0.046802   0.034984   0.013875   0.009942   0.009898   -17.5685   -19.3553   -20.0824   -20.4075   -20.6922     1.7869     2.5140     0.3251
177.958094   3.526419  19.3491  17.5237  16.5956  16.1652  15.7995    0.08110000   0.00014311  24323.151    42.903299   0.183105   1.009687     -34.386 0   0.443221   0.357841   0.137419   0.091398   0.064496   -18.8149   -20.5550   -21.2626   -21.6470   -21.9858     1.7400     2.4477     0.3844
177.939916   3.473275  20.3763  18.3296  17.5070  17.1216  16.8027    0.08180000   0.00015770  24516.278    47.277271   0.200234   1.104137     158.740 0   0.134858   0.115157   0.042717   0.027183   0.031113   -17.5193   -19.5463   -20.2965   -20.6663   -20.9892     2.0270     2.7772     0.3699
178.239219   3.315048  18.5068  16.5884  15.6976  15.3108  14.9886    0.07950000   0.00016318  23824.027    48.920133   0.207425   1.143793    -533.511 0   0.291573   0.223749   0.080175   0.051935   0.055083   -19.4834   -21.3339   -22.0812   -22.4397   -22.7651     1.8506     2.5978     0.3586
178.295775   3.360017  20.0883  18.5022  17.6717  17.1701  16.8156    0.06890000   0.00009105  20651.503    27.296103   0.207760   1.145640   -3706.034 1   0.446818   0.400846   0.165433   0.087846   0.051545   -17.7239   -19.2641   -19.8591   -20.2832   -20.6014     1.5401     2.1352     0.4240
178.014736   3.670593  18.6959  16.8153  15.9566  15.5586  15.2798    0.08150000   0.00015385  24421.333    46.123070   0.213565   1.177649      63.796 0   0.268221   0.205887   0.076461   0.046090   0.050640   -19.3039   -21.1221   -21.8514   -22.2190   -22.5024     1.8183     2.5475     0.3676
178.362240   3.498039  18.8698  16.9968  16.1077  15.7034  15.3594    0.07850000   0.00016405  23541.503    49.180953   0.222697   1.228008    -816.035 0   0.300513   0.230701   0.083608   0.054106   0.055743   -19.0805   -20.8837   -21.6257   -22.0005   -22.3461     1.8032     2.5452     0.3748
178.211771   3.285979  19.0388  17.1072  16.1853  15.7823  15.4394    0.07730000   0.00018075  23164.753    54.187487   0.222969   1.229507   -1192.784 1   0.355374   0.273896   0.098973   0.068087   0.061956   -18.9510   -20.8012   -21.5481   -21.9202   -22.2570     1.8501     2.5971     0.3721
177.952475   3.370135  18.8725  17.7177  17.2347  16.9030  16.6783    0.08270000   0.00017224  24804.828    51.636253   0.225304   1.242380     447.290 0   0.178136   0.116526   0.095251  -0.024479  -0.101282   -19.0663   -20.1594   -20.6212   -20.8331   -20.9810     1.0932     1.5549     0.2120
178.282078   3.311684  18.4725  17.1850  16.5650  16.2212  16.0207    0.07780000   0.00017816  23316.119    53.411024   0.233746   1.288933   -1041.419 0   0.172462   0.094763   0.069250   0.010728  -0.024569   -19.3485   -20.5583   -21.1528   -21.4381   -21.6033     1.2098     1.8043     0.2853
177.893159   3.443818  19.7016  18.2799  17.6672  17.3004  17.0739    0.08070000   0.00016508  24190.313    49.489739   0.251171   1.385018    -167.224 0   0.201969   0.132705   0.086184   0.010313  -0.033859   -18.2076   -19.5600   -20.1262   -20.4171   -20.5994     1.3524     1.9186     0.2909
177.990001   3.699825  20.3694  18.4533  17.6048  17.1938  16.9074    0.08070000   0.00015984  24190.913    47.918826   0.251721   1.388051    -166.625 0   0.235304   0.182060   0.067401   0.039269   0.046330   -17.5731   -19.4360   -20.1698   -20.5527   -20.8461     1.8629     2.5967     0.3829
178.385700   3.558231  19.7224  17.8424  16.9091  16.5032  16.1498    0.08060000   0.00016997  24174.814    50.955724   0.253655   1.398716    -182.724 0   0.391007   0.304428   0.111646   0.077648   0.064156   -18.3759   -20.1694   -20.9099   -21.2818   -21.6217     1.7934     2.5339     0.3719
178.288815   3.702514  19.2665  18.0187  17.5071  17.2089  17.0981    0.07590000   0.00017410  22739.258    52.193867   0.254221   1.401834   -1618.280 1   0.121303   0.045806   0.051453   0.008744  -0.052409   -18.4494   -19.6217   -20.1389   -20.3944   -20.4441     1.1723     1.6895     0.2555
178.392168   3.527704  19.3986  17.3522  16.5319  16.2969  15.8113    0.06810000   0.00015774  20429.867    47.289262   0.254447   1.403084   -3927.671 1   0.025259   0.025056   0.008779   0.007474   0.006383   -17.9633   -20.0095   -20.8135   -21.0472   -21.5317     2.0462     2.8502     0.2337
178.090794   3.241745  19.6054  17.7217  16.7768  16.3313  16.0459    0.08160000   0.00014674  24475.446    43.991545   0.259607   1.431538     117.908 0   0.488157   0.411158   0.161278   0.098147   0.065439   -18.6170   -20.4237   -21.1187   -21.5011   -21.7537     1.8067     2.5017     0.3824
178.411209   3.550287  18.5444  16.8142  15.9508  15.5291  15.1941    0.07050000   0.00017019  21131.171    51.021678   0.276784   1.526253   -3226.366 1   0.375943   0.308954   0.127587   0.074699   0.051068   -19.2650   -20.9282   -21.6103   -21.9791   -22.2904     1.6632     2.3452     0.3688
177.869992   3.629425  19.9028  18.3068  17.5494  17.1874  16.9716    0.07980000   0.00014555  23934.201    43.634792   0.299578   1.651946    -423.337 0   0.188450   0.128189   0.064461   0.024178   0.027247   -17.9712   -19.5070   -20.2007   -20.5224   -20.7412     1.5357     2.2294     0.3217
178.450789   3.490749  17.7955  15.9626  15.1170  14.7327  14.4340    0.07020000   0.00016091  21030.681    48.239604   0.311138   1.715691   -3326.857 1   0.239185   0.182098   0.071229   0.038815   0.044843   -19.8711   -21.6469   -22.3816   -22.7335   -23.0383     1.7758     2.5105     0.3519
178.451375   3.511770  18.3968  16.4030  15.4921  15.0715  14.7319    0.06860000   0.00020741  20573.707    62.179954   0.312021   1.720560   -3783.831 1   0.354616   0.273664   0.099297   0.067962   0.061643   -19.3104   -21.2232   -21.9598   -22.3490   -22.6823     1.9128     2.6494     0.3893
178.449400   3.563431  18.4013  16.5573  15.7114  15.3078  14.9899    0.06980000   0.00016479  20913.762    49.402799   0.316773   1.746764   -3443.776 1   0.212541   0.167210   0.061345   0.035917   0.043405   -19.2049   -21.0036   -21.7436   -22.1218   -22.4472     1.7987     2.5387     0.3782
178.349888   3.211015  18.5825  17.6191  17.1287  16.7539  16.6060    0.08680000   0.00008324  26016.289    24.954724   0.354886   1.956925    1658.752 1   0.136907   0.193415   0.115248  -0.042498  -0.091006   -19.4444   -20.4643   -20.8766   -21.0936   -21.1930     1.0199     1.4321     0.2171
177.885752   3.225524  19.9465  18.1184  17.2743  16.9085  16.6434    0.06840000   0.00015472  20514.348    46.383889   0.370902   2.045244   -3843.189 1   0.249161   0.187897   0.077241   0.039652   0.043605   -17.6735   -19.4403   -20.1737   -20.5019   -20.7710     1.7668     2.5003     0.3282
177.951989   3.175859  18.8547  16.8832  15.9832  15.5698  15.2824    0.07480000   0.00015951  22428.763    47.819895   0.371368   2.047810   -1928.775 1   0.322383   0.247354   0.088751   0.059597   0.058808   -19.0122   -20.9087   -21.6501   -22.0343   -22.3209     1.8965     2.6379     0.3842
177.953524   3.154544  18.8496  17.6211  16.9913  16.6608  16.5044    0.07540000   0.00015835  22592.060    47.472136   0.389205   2.146173   -1765.478 1   0.021918   0.009836   0.004529   0.002989   0.000329   -18.7312   -19.9477   -20.5721   -20.9011   -21.0548     1.2164     1.8409     0.3290
178.336516   3.836598  18.2920  17.2387  16.8725  16.6076  16.4641    0.07400000   0.00007930  22182.573    23.773542   0.392757   2.165759   -2174.964 1   0.164297   0.042548   0.079909  -0.047130  -0.052830   -19.4146   -20.3462   -20.7497   -20.8876   -21.0254     0.9316     1.3351     0.1379
177.996856   3.111451  20.1625  19.5142  19.1973  18.7588  18.6316    0.08180000   0.00007999  24535.464    23.980399   0.410711   2.264761     177.927 0   0.105969   0.138994   0.098669  -0.092628  -0.056154   -17.7042   -18.3855   -18.6621   -18.9093   -19.0730     0.6813     0.9579     0.2472
177.754227   3.681547  20.1594  19.5143  19.1857  18.8528  18.8925    0.07970000   0.00007026  23890.881    21.063418   0.426285   2.350640    -466.657 0   0.156177   0.081304   0.095250  -0.087107  -0.050372   -17.6980   -18.2682   -18.6107   -18.7613   -18.7583     0.5702     0.9128     0.1505
178.582712   3.445744  17.5507  16.1850  15.5732  15.1795  14.9458    0.07010000   0.00010418  21005.708    31.232378   0.445693   2.457660   -3351.830 1   0.212232   0.148974   0.092555   0.012872  -0.034077   -20.0826   -21.3850   -21.9404   -22.2544   -22.4412     1.3024     1.8578     0.3140
178.628517   3.456419  19.8090  17.9129  17.0823  16.7401  16.3687    0.07580000   0.00014834  22715.185    44.471213   0.490145   2.702777   -1642.353 1   0.107391   0.096489   0.035473   0.024061   0.026225   -17.8931   -19.7783   -20.5479   -20.8787   -21.2522     1.8852     2.6548     0.3308
178.552738   3.782601  19.7624  17.8465  16.9597  16.5706  16.2975    0.07500000   0.00015540  22495.647    46.587748   0.502096   2.768679   -1861.891 1   0.280927   0.215495   0.080948   0.048909   0.051762   -18.0901   -19.9406   -20.6928   -21.0499   -21.3258     1.8505     2.6027     0.3571
177.642682   3.647183  18.8466  17.8404  17.3733  17.0232  16.8695    0.08300000   0.00007508  24885.772    22.508418   0.517831   2.855448     528.234 0   0.157727   0.145984   0.106051  -0.044933  -0.093834   -19.0824   -20.0769   -20.5040   -20.7032   -20.8080     0.9945     1.4216     0.1991
178.603684   3.256545  18.7606  17.7665  17.3463  17.0724  16.9120    0.06920000   0.00007722  20760.328    23.149974   0.522249   2.879808   -3597.210 1   0.164552   0.090128   0.095148  -0.063789  -0.071900   -18.8001   -19.7198   -20.1450   -20.2600   -20.4122     0.9197     1.3449     0.1150
178.288753   4.000300  18.9595  17.1564  16.3119  15.9299  15.6289    0.06990000   0.00016389  20952.975    49.132986   0.525153   2.895822   -3404.563 1   0.227382   0.172816   0.068162   0.036286   0.043036   -18.6647   -20.4132   -21.1531   -21.5032   -21.8110     1.7485     2.4884     0.3501
178.545556   3.843968  18.7138  17.3619  16.6862  16.2693  16.0760    0.07430000   0.00008273  22274.250    24.801830   0.533922   2.944176   -2083.288 1   0.265242   0.238804   0.124468   0.033249  -0.029626   -19.1026   -20.4280   -20.9894   -21.3151   -21.4455     1.3255     1.8868     0.3257
178.527053   3.871086  19.6616  18.3273  17.6768  17.2760  17.0607    0.07650000   0.00009859  22947.164    29.556538   0.538509   2.969468   -1410.374 1   0.238072   0.198258   0.111805   0.023260  -0.041243   -18.1700   -19.4645   -20.0285   -20.3408   -20.4916     1.2945     1.8585     0.3123
178.554960   3.881964  17.9989  16.4834  15.6492  15.2636  14.9637    0.07490000   0.00015856  22467.316    47.535092   0.566215   3.122247   -1890.221 1   0.334778   0.279460   0.126158   0.060809   0.033022   -19.8803   -21.3405   -22.0214   -22.3416   -22.6137     1.4602     2.1411     0.3203
178.216664   2.923020  20.3489  18.4597  17.5892  17.1978  16.9475    0.08080000   0.00013840  24238.100    41.491276   0.579006   3.192777    -119.437 0   0.278634   0.213509   0.082995   0.047860   0.049804   -17.6637   -19.4877   -20.2277   -20.5840   -20.8362     1.8241     2.5641     0.3563
177.823255   3.000194  19.4542  17.5572  16.6603  16.2492  15.9594    0.07630000   0.00014408  22876.203    43.194097   0.588263   3.243823   -1481.334 1   0.315984   0.243005   0.088680   0.057995   0.057268   -18.4708   -20.2948   -21.0374   -21.4178   -21.7069     1.8240     2.5666     0.3804
178.114817   4.098580  18.8266  17.6725  17.1257  16.7806  16.6062    0.07620000   0.00007672  22853.989    23.000077   0.602239   3.320891   -1503.549 1   0.187411   0.156912   0.105668  -0.010210  -0.101449   -18.9458   -20.0694   -20.5649   -20.7942   -20.8773     1.1236     1.6192     0.2292
178.152295   4.101355  17.8989  16.5493  15.8883  15.5197  15.3193    0.07640000   0.00013965  22903.095    41.866017   0.604668   3.334283   -1454.443 1   0.220562   0.159841   0.095565   0.016879  -0.026931   -19.9306   -21.2194   -21.8162   -22.1061   -22.2627     1.2889     1.8856     0.2899
177.784946   2.986870  19.9768  18.1110  17.2307  16.8433  16.5366    0.07610000   0.00016121  22817.444    48.329542   0.620515   3.421670   -1540.094 1   0.286663   0.220085   0.081843   0.050462   0.052912   -17.8920   -19.6912   -20.4332   -20.7893   -21.0984     1.7992     2.5413     0.3560
178.641542   3.128261  19.1507  17.8493  17.1229  16.7128  16.4469    0.07960000   0.00019331  23857.124    57.952880   0.622353   3.431802    -500.414 0   0.295597   0.278994   0.136579   0.045523  -0.015190   -18.8462   -20.1310   -20.7150   -21.0340   -21.2392     1.2848     1.8688     0.3190
177.576666   3.767446  17.7971  16.3393  15.5688  15.1256  14.8768    0.08040000   0.00032866  24092.071    98.529789   0.623235   3.436669    -265.466 0   0.343377   0.306042   0.140622   0.060627   0.019708   -20.2694   -21.6899   -22.2949   -22.6581   -22.8660     1.4205     2.0255     0.3632
177.796370   2.968149  19.5403  18.2808  17.7461  17.4742  17.3189    0.07590000   0.00016252  22750.200    48.722270   0.629722   3.472442   -1607.337 1   0.070737   0.025535   0.022006   0.009402  -0.024515   -18.1250   -19.3393   -19.8705   -20.1298   -20.2512     1.2143     1.7455     0.2593
178.599833   3.058207  18.4668  17.2256  16.6107  16.2680  16.0753    0.07960000   0.00015577  23856.315    46.698671   0.635490   3.504247    -501.223 0   0.209066   0.178314   0.109191   0.007471  -0.080505   -19.4436   -20.6540   -21.1998   -21.4408   -21.5455     1.2104     1.7562     0.2410
177.766622   2.976528  19.7010  18.0538  17.3463  16.9995  16.7858    0.07640000   0.00013680  22893.261    41.011608   0.639500   3.526356   -1464.276 1   0.109087   0.068464   0.036388   0.016973   0.017072   -18.0170   -19.6236   -20.2990   -20.6264   -20.8402     1.6066     2.2820     0.3274
178.231939   4.129763  19.0727  17.6299  16.9047  16.3836  16.0784    0.08790000   0.00009704  26341.924    29.091860   0.639676   3.527331    1984.386 1   0.361954   0.319037   0.142771   0.066638   0.029563   -19.1855   -20.5854   -21.1344   -21.5793   -21.8475     1.3999     1.9488     0.4450
