208.279791   5.155365  20.3077  18.6843  17.6466  17.2437  16.8346    0.07970000   0.00014772  23906.170    44.285342   0.005451   0.029286     257.941 0   0.524300   0.417000   0.155261   0.105858   0.074052   -17.9178   -19.4339   -20.2098   -20.5633   -20.9406     1.5161     2.2921     0.3535
208.276668   5.149733  17.1409  15.0861  14.1413  13.7305  13.4240    0.07890000   0.00023360  23645.171    70.031518   0.008432   0.045304      -3.058 0   0.394381   0.306106   0.111473   0.078274   0.064934   -20.9143   -22.8809   -23.6310   -24.0086   -24.3018     1.9665     2.7167     0.3776
208.265502   5.138230  20.0803  18.0845  17.1885  16.8267  16.5121    0.07900000   0.00017033  23690.559    51.063649   0.021917   0.117755      42.331 0   0.287363   0.220643   0.082088   0.050634   0.052976   -17.8919   -19.8210   -20.5784   -20.9088   -21.2257     1.9291     2.6865     0.3303
208.304093   5.171522  18.5410  16.6279  15.7153  15.3220  15.0064    0.07850000   0.00018722  23540.693    56.127144   0.031975   0.171797    -107.536 0   0.317901   0.244015   0.087917   0.058467   0.058100   -19.4267   -21.2659   -22.0224   -22.3863   -22.7015     1.8392     2.5957     0.3638
208.247962   5.138539  19.8187  17.9845  17.1168  16.7280  16.4170    0.07650000   0.00017747  22927.348    53.204168   0.033225   0.178513    -720.881 0   0.271300   0.207923   0.078411   0.046560   0.050399   -18.0461   -19.8170   -20.5551   -20.9121   -21.2269     1.7708     2.5090     0.3569
208.281105   5.123812  19.1540  17.2580  16.3343  15.9306  15.5936    0.08400000   0.00016944  25185.235    50.796834   0.034724   0.186567    1537.006 0   0.369432   0.285897   0.104032   0.071850   0.062850   -19.0340   -20.8465   -21.5883   -21.9598   -22.2878     1.8125     2.5543     0.3715
208.315590   5.159221  19.9133  17.9042  17.0107  16.6248  16.3218    0.07870000   0.00016028  23600.082    48.050735   0.040444   0.217300     -48.147 0   0.279787   0.214885   0.078242   0.049015   0.052927   -18.0430   -19.9872   -20.7441   -21.1008   -21.4077     1.9442     2.7011     0.3567
208.235819   5.169062  19.7868  17.8945  16.9738  16.5582  16.2297    0.07750000   0.00018077  23230.888    54.193483   0.040560   0.217926    -417.341 0   0.361668   0.279685   0.101857   0.069844   0.062107   -18.2179   -20.0282   -20.7711   -21.1547   -21.4755     1.8103     2.5532     0.3836
208.233343   5.157624  19.4339  17.4909  16.5546  16.1311  15.7955    0.08140000   0.00219805  24391.174   658.958812   0.041490   0.222923     742.946 0   0.405899   0.316292   0.115841   0.081395   0.065477   -18.7220   -20.5754   -21.3113   -21.7003   -22.0200     1.8534     2.5892     0.3891
208.275574   5.114757  19.5182  17.6032  16.6836  16.2764  15.9483    0.08040000   0.00017884  24094.440    53.614883   0.043247   0.232361     446.211 0   0.367040   0.283453   0.102677   0.071118   0.062931   -18.5720   -20.4034   -21.1422   -21.5178   -21.8377     1.8314     2.5702     0.3756
208.315798   5.139927  18.3893  16.8416  16.0684  15.6451  15.3354    0.08360000   0.00017850  25069.725    53.512954   0.044471   0.238938    1421.496 0   0.318933   0.264458   0.122496   0.055538   0.027591   -19.7139   -21.2071   -21.8383   -22.1947   -22.4764     1.4932     2.1245     0.3563
208.317757   5.143928  20.0012  18.2779  17.3851  17.0201  16.7318    0.08230000   0.00014665  24659.069    43.964564   0.044849   0.240966    1010.840 0   0.319674   0.251564   0.102426   0.058905   0.049998   -18.0713   -19.7265   -20.4702   -20.7916   -21.0710     1.6552     2.3989     0.3215
208.247059   5.193427  19.8211  17.9489  17.0589  16.6751  16.3729    0.08430000   0.00017012  25267.528    51.000693   0.045050   0.242046    1619.299 0   0.290685   0.223353   0.084001   0.051358   0.052866   -18.2747   -20.0796   -20.8303   -21.1814   -21.4851     1.8049     2.5555     0.3512
208.317464   5.177540  19.1349  17.2408  16.4151  16.0610  15.7953    0.07540000   0.00015718  22617.572    47.121379   0.046588   0.250309   -1030.656 0   0.162355   0.126034   0.051313   0.027951   0.033444   -18.5864   -20.4442   -21.1951   -21.5259   -21.7971     1.8578     2.6088     0.3307
208.309225   5.189916  18.9032  16.9844  16.1327  15.7651  15.4771    0.07340000   0.00016950  22006.685    50.814822   0.046696   0.250891   -1641.544 1   0.210238   0.161542   0.062904   0.034086   0.041265   -18.8316   -20.7017   -21.4548   -21.7936   -22.0887     1.8701     2.6232     0.3388
208.321139   5.171887  19.9272  18.0966  17.2579  16.8942  16.5942    0.07650000   0.00016539  22948.183    49.582675   0.048005   0.257922    -700.045 0   0.152482   0.123824   0.047726   0.028210   0.033202   -17.8188   -19.6208   -20.3834   -20.7275   -21.0325     1.8019     2.5645     0.3442
208.302840   5.117398  19.9702  18.1640  17.2977  16.9134  16.6370    0.07740000   0.00015329  23210.052    45.955186   0.049167   0.264166    -438.177 0   0.285283   0.219113   0.086206   0.049328   0.049834   -17.9341   -19.6741   -20.4075   -20.7550   -21.0319     1.7400     2.4734     0.3474
208.224954   5.135133  19.3284  17.3735  16.4923  16.0992  15.7986    0.08300000   0.00015634  24874.500    46.869553   0.054838   0.294638    1226.271 0   0.257914   0.199132   0.071853   0.044223   0.050319   -18.7008   -20.5969   -21.3508   -21.7163   -22.0230     1.8961     2.6500     0.3655
208.331163   5.163814  20.5280  18.5479  17.6580  17.2692  16.9753    0.08420000   0.00015725  25241.955    47.142364   0.056237   0.302156    1593.727 0   0.287323   0.220566   0.080698   0.050763   0.053700   -17.5831   -19.4964   -20.2464   -20.6053   -20.9022     1.9133     2.6634     0.3589
208.315689   5.203004  19.3496  17.4519  16.5286  16.1218  15.8146    0.07960000   0.00015814  23862.850    47.409179   0.060560   0.325383     214.621 0   0.331661   0.254846   0.091844   0.061975   0.059648   -18.6834   -20.5043   -21.2646   -21.6415   -21.9464     1.8209     2.5812     0.3769
208.225210   5.120548  17.7789  15.7846  14.8684  14.4583  14.1285    0.07790000   0.00019278  23342.260    57.793990   0.062142   0.333882    -305.968 0   0.365474   0.282172   0.102196   0.070708   0.062802   -20.2196   -22.1306   -22.8669   -23.2455   -23.5674     1.9110     2.6472     0.3786
208.225664   5.117108  20.4103  18.4752  17.5357  17.1392  17.1462    0.07780000   0.00015288  23309.433    45.832271   0.063926   0.343464    -338.795 0   0.298408   0.229937   0.088111   0.053121   0.052753   -17.5366   -19.4033   -20.2009   -20.5625   -20.5551     1.8666     2.6643     0.3615
208.241763   5.100098  19.3211  17.4233  16.5588  16.1810  15.8867    0.07820000   0.00014742  23435.436    44.195404   0.066697   0.358353    -212.793 0   0.246088   0.188032   0.072306   0.040579   0.046403   -18.5664   -20.4062   -21.1549   -21.5010   -21.8011     1.8397     2.5885     0.3461
208.313650   5.102759  18.8629  16.9638  16.0686  15.6786  15.3750    0.08020000   0.00016796  24051.030    50.353141   0.067330   0.361757     402.801 0   0.280838   0.215722   0.078143   0.049314   0.053263   -19.1328   -20.9668   -21.7244   -22.0855   -22.3931     1.8340     2.5916     0.3612
208.261341   5.086144  20.3558  18.4362  17.5507  17.1662  16.8367    0.07900000   0.00017177  23693.048    51.495351   0.073132   0.392931      44.819 0   0.279931   0.215007   0.078188   0.049062   0.052994   -17.6090   -19.4636   -20.2123   -20.5677   -20.9011     1.8547     2.6034     0.3554
208.321893   5.216592  20.4761  18.3744  17.4704  17.1109  16.7848    0.08010000   0.00015567  24021.051    46.668692   0.074928   0.402578     372.822 0   0.289099   0.221930   0.080772   0.051242   0.054141   -17.5280   -19.5625   -20.3253   -20.6553   -20.9843     2.0345     2.7974     0.3300
208.228322   5.221266  20.2783  18.4163  17.5499  17.1776  16.8637    0.07640000   0.00015175  22893.681    45.493506   0.078510   0.421823    -754.548 0   0.263830   0.201548   0.077967   0.044376   0.048340   -17.5944   -19.3941   -20.1370   -20.4757   -20.7935     1.7997     2.5425     0.3387
208.351235   5.178621  19.3816  17.3808  16.6418  16.2218  15.8724    0.07750000   0.00016513  23229.958    49.504729   0.078677   0.422719    -418.270 0   0.046125   0.046148   0.016363   0.013319   0.012007   -18.3076   -20.3084   -21.0176   -21.4346   -21.7827     2.0008     2.7100     0.4170
208.225912   5.095126  18.8566  16.8717  15.9470  15.5389  15.2096    0.08030000   0.00018227  24073.334    54.643171   0.079645   0.427922     425.106 0   0.368118   0.285052   0.103926   0.071555   0.062608   -19.2107   -21.1126   -21.8561   -22.2319   -22.5522     1.9018     2.6454     0.3757
208.308116   5.085347  20.4838  18.6082  17.8602  17.5231  17.1891    0.08060000   0.00016713  24150.591    50.104314   0.079789   0.428697     502.362 0   0.013148   0.011279   0.004007   0.003363   0.003008   -17.2367   -19.1104   -19.8511   -20.1876   -20.5212     1.8737     2.6145     0.3365
208.348078   5.195605  19.8400  18.0374  17.1232  16.7221  16.3890    0.08100000   0.00015208  24275.994    45.592437   0.081923   0.440162     627.765 0   0.359229   0.282126   0.107261   0.070019   0.058856   -18.2585   -19.9840   -20.7234   -21.0872   -21.4092     1.7255     2.4648     0.3639
208.191697   5.140753  19.9367  18.0136  17.1271  16.7540  16.4302    0.07890000   0.00016000  23656.953    47.966793   0.084739   0.455291       8.724 0   0.277149   0.212561   0.079407   0.048058   0.051542   -18.0013   -19.8598   -20.6132   -20.9549   -21.2822     1.8585     2.6119     0.3418
208.360377   5.163934  19.6737  17.6648  16.8190  16.4422  16.1796    0.08020000   0.00014068  24044.344    42.174803   0.085238   0.457975     396.116 0   0.236602   0.180359   0.070276   0.038400   0.044673   -18.2777   -20.2304   -20.9661   -21.3110   -21.5799     1.9527     2.6884     0.3449
208.322134   5.081800  20.0951  18.2378  17.3546  17.0688  16.6559    0.07970000   0.00015212  23905.001    45.604429   0.089499   0.480867     256.772 0   0.277753   0.213076   0.079279   0.048258   0.051790   -17.8838   -19.6765   -20.4259   -20.6806   -21.0971     1.7926     2.5420     0.2548
208.366828   5.184580  19.0744  17.1692  16.3083  15.9124  15.6276    0.07340000   0.00015174  22016.248    45.490508   0.095240   0.511715   -1631.980 1   0.251143   0.193087   0.071926   0.042276   0.048275   -18.7013   -20.5485   -21.2882   -21.6545   -21.9453     1.8471     2.5869     0.3663
208.174700   5.140166  18.4393  16.5458  15.6702  15.2844  14.9631    0.07910000   0.00018677  23728.453    55.992237   0.101473   0.545203      80.224 0   0.263361   0.202632   0.074064   0.045181   0.050605   -19.5117   -21.3444   -22.0915   -22.4484   -22.7751     1.8328     2.5798     0.3569
208.172903   5.137803  20.2845  19.0001  17.6723  17.3144  17.0536    0.07710000   0.00014715  23112.290    44.114460   0.103670   0.557007    -535.939 0   0.578530   0.967267   0.360674   0.203001   0.058511   -17.9046   -19.5777   -20.2989   -20.4992   -20.6155     1.6731     2.3943     0.2002
208.184588   5.096800  20.3788  18.4505  17.6080  17.2106  16.9035    0.07800000   0.00015944  23390.017    47.798910   0.108875   0.584971    -258.211 0   0.197298   0.157100   0.057724   0.034011   0.041156   -17.4544   -19.3425   -20.0856   -20.4593   -20.7735     1.8881     2.6312     0.3737
208.274429   5.268446  19.3087  17.3655  16.4683  16.0422  15.7373    0.07590000   0.00018330  22742.436    54.951958   0.110447   0.593419    -905.793 0   0.335725   0.258193   0.093300   0.063022   0.059969   -18.6216   -20.4873   -21.2196   -21.6154   -21.9172     1.8657     2.5980     0.3958
208.206857   5.070855  18.6901  16.7708  15.8850  15.4824  15.1560    0.07760000   0.00018782  23273.968    56.307019   0.110454   0.593455    -374.261 0   0.293233   0.225019   0.080728   0.052343   0.055246   -19.2278   -21.0789   -21.8204   -22.1946   -22.5239     1.8511     2.5926     0.3742
208.385665   5.131046  19.2446  17.4614  16.6485  16.2657  15.9580    0.07700000   0.00015830  23077.454    47.457146   0.113465   0.609631    -570.775 0   0.150981   0.121643   0.047566   0.027747   0.032640   -18.5141   -20.2680   -21.0068   -21.3698   -21.6824     1.7539     2.4927     0.3630
208.173273   5.104987  19.1458  17.2556  16.3946  15.9868  15.6717    0.08160000   0.00014485  24457.638    43.424938   0.114347   0.614370     809.410 0   0.227057   0.177219   0.064757   0.038273   0.045593   -18.8155   -20.6558   -21.4044   -21.7857   -22.1081     1.8404     2.5889     0.3813
208.395749   5.198266  20.2353  18.2587  17.3543  16.9510  16.6284    0.07500000   0.00019274  22493.758    57.781998   0.126823   0.681401   -1154.471 0   0.321666   0.247129   0.089332   0.059442   0.058373   -17.6579   -19.5600   -20.3066   -20.6800   -21.0016     1.9021     2.6487     0.3734
208.399801   5.126876  19.9599  18.2621  17.4655  17.1444  16.8455    0.07840000   0.00014749  23503.519    44.216390   0.128134   0.688445    -144.710 0   0.078220   0.062847   0.025554   0.016904   0.017612   -17.7865   -19.4690   -20.2283   -20.5407   -20.8403     1.6824     2.4417     0.3124
208.387400   5.228079  19.8753  18.2205  17.3428  16.9349  16.6488    0.07570000   0.00014364  22679.689    43.062189   0.132070   0.709596    -968.539 0   0.382438   0.322772   0.137115   0.075014   0.046010   -18.0777   -19.6729   -20.3649   -20.7107   -20.9678     1.5951     2.2872     0.3458
208.181891   5.059816  19.2251  17.4877  16.6752  16.3163  16.0542    0.07840000   0.00014049  23508.196    42.117842   0.135053   0.725623    -140.033 0   0.208449   0.152363   0.066716   0.030472   0.036394   -18.6516   -20.3329   -21.0597   -21.3824   -21.6504     1.6813     2.4082     0.3227
208.371159   5.256100  19.7748  18.0024  17.2239  16.8752  16.6260    0.08330000   0.00012508  24977.179    37.498041   0.137097   0.736603    1328.950 0   0.119778   0.088350   0.039838   0.021392   0.024186   -18.1453   -19.8863   -20.6163   -20.9465   -21.1985     1.7410     2.4710     0.3303
208.367868   5.261063  19.5728  17.5447  16.6680  16.1826  15.9319    0.08360000   0.00016722  25060.431    50.131295   0.138480   0.744037    1412.202 0   0.331049   0.254631   0.092206   0.061847   0.059342   -18.5425   -20.4942   -21.2084   -21.6635   -21.9117     1.9517     2.6660     0.4550
208.165852   5.063119  19.4383  17.5861  16.6887  16.2747  15.9783    0.07680000   0.00013923  23018.874    41.740104   0.144290   0.775249    -629.354 0   0.316425   0.244041   0.090591   0.058106   0.056442   -18.4772   -20.2570   -21.0010   -21.3825   -21.6772     1.7798     2.5238     0.3815
208.215876   5.302370  18.2260  17.4454  17.1267  16.8180  16.8107    0.08070000   0.00007283  24179.011    21.833885   0.155917   0.837723     530.783 0   0.170504   0.049296   0.088154  -0.083416  -0.039071   -19.6517   -20.3111   -20.6687   -20.8058   -20.8574     0.6594     1.0169     0.1371
208.333265   5.008213  19.7107  18.0348  17.2102  16.8390  16.5971    0.07350000   0.00015887  22048.146    47.628028   0.160635   0.863071   -1600.082 0   0.249084   0.186060   0.081142   0.037915   0.039684   -18.0628   -19.6757   -20.3954   -20.7234   -20.9670     1.6129     2.3326     0.3280
208.110985   5.148539  19.9006  18.1830  17.3661  16.9993  16.6959    0.08060000   0.00012672  24161.443    37.989700   0.163624   0.879132     513.215 0   0.207641   0.155664   0.064294   0.032102   0.038857   -18.0144   -19.6800   -20.4055   -20.7401   -21.0503     1.6656     2.3912     0.3346
208.292365   4.993865  19.2695  17.2193  16.3554  15.9555  15.7051    0.07900000   0.00015614  23688.671    46.809594   0.165044   0.886759      40.442 0   0.250948   0.192459   0.072538   0.041988   0.047814   -18.6663   -20.6580   -21.4020   -21.7713   -22.0275     1.9917     2.7357     0.3693
208.163644   5.281610  20.4976  18.6260  17.7157  17.1686  16.9836    0.07950000   0.00018011  23833.680    53.995620   0.166070   0.892273     185.452 0   0.352535   0.273076   0.100303   0.067615   0.060708   -17.5535   -19.3457   -20.0832   -20.5976   -20.7757     1.7921     2.5297     0.5144
208.220595   4.995335  19.8033  17.8805  16.9780  16.5538  16.2687    0.08050000   0.00015019  24126.847    45.025829   0.171452   0.921191     478.619 0   0.332535   0.255679   0.092384   0.062212   0.059618   -18.2551   -20.1010   -20.8402   -21.2342   -21.5167     1.8459     2.5851     0.3940
208.413896   5.269861  18.3172  16.2918  15.3506  14.9203  14.6226    0.08050000   0.00019632  24125.168    58.855255   0.177902   0.955845     476.940 0   0.403894   0.314526   0.115093   0.080856   0.065379   -19.8125   -21.7485   -22.4903   -22.8864   -23.1686     1.9360     2.6778     0.3961
208.183855   4.993575  19.7672  17.8982  16.9936  16.5584  16.2637    0.07800000   0.00017122  23377.276    51.330465   0.187818   1.009123    -270.952 0   0.365511   0.284811   0.105625   0.071256   0.061224   -18.2342   -20.0225   -20.7479   -21.1487   -21.4334     1.7883     2.5137     0.4008
208.471981   5.133293  19.9015  18.0666  17.2119  16.8263  16.5332    0.08130000   0.00013985  24366.861    41.925975   0.197733   1.062394     718.633 0   0.261502   0.198904   0.079452   0.043150   0.046471   -18.1074   -19.8797   -20.6149   -20.9642   -21.2606     1.7723     2.5075     0.3493
208.304268   5.355447  20.2062  18.3077  17.4682  17.0907  16.8205    0.08170000   0.00013996  24496.342    41.958952   0.199587   1.072354     848.113 0   0.252749   0.191177   0.077852   0.040698   0.044494   -17.7806   -19.6175   -20.3437   -20.6841   -20.9581     1.8369     2.5631     0.3403
208.085773   5.077849  19.9327  18.4000  17.6336  17.2685  17.0029    0.07720000   0.00015380  23130.097    46.108080   0.204797   1.100345    -518.131 0   0.233391   0.168217   0.082914   0.030143   0.027112   -17.9353   -19.4028   -20.0839   -20.3962   -20.6588     1.4675     2.1486     0.3123
208.069896   5.128216  20.0086  18.2869  17.4763  17.0829  16.8098    0.08200000   0.00012800  24575.037    38.373435   0.206434   1.109142     926.808 0   0.243343   0.182857   0.075568   0.038206   0.042733   -17.9796   -19.6408   -20.3441   -20.7002   -20.9778     1.6612     2.3645     0.3560
208.217055   5.357932  20.9172  19.4309  18.5512  18.1592  17.8365    0.08130000   0.00014537  24385.298    43.580830   0.208094   1.118061     737.070 0   0.402239   0.360293   0.154717   0.078207   0.040092   -17.2324   -18.6768   -19.3509   -19.6664   -19.9510     1.4444     2.1185     0.3155
208.220370   5.358984  17.7322  16.1726  15.4256  15.0124  14.8137    0.08130000   0.00015599  24383.919    46.764626   0.208218   1.118730     735.691 0   0.248250   0.183909   0.089788   0.033343   0.026852   -20.2634   -21.7587   -22.4116   -22.7683   -22.9605     1.4953     2.1481     0.3568
208.392896   5.345719  19.2176  17.5111  16.7071  16.3217  16.0437    0.07660000   0.00014074  22955.558    42.192791   0.221417   1.189644    -692.670 0   0.226401   0.167574   0.071758   0.033908   0.039167   -18.6052   -20.2529   -20.9610   -21.3086   -21.5918     1.6477     2.3559     0.3476
208.045962   5.176405  20.1701  18.5055  17.6505  17.2859  16.9688    0.08030000   0.00015265  24065.300    45.763319   0.228852   1.229593     417.071 0   0.309166   0.243638   0.103152   0.055448   0.045283   -17.8383   -19.4373   -20.1519   -20.4688   -20.7757     1.5991     2.3136     0.3169
208.344184   5.380437  20.2267  18.4288  17.5873  17.1947  16.9189    0.08010000   0.00018275  23999.346    54.787072   0.232865   1.251153     351.117 0   0.266302   0.202616   0.082431   0.043866   0.045898   -17.7546   -19.4888   -20.2101   -20.5641   -20.8420     1.7342     2.4555     0.3540
208.051028   5.247533  19.2203  17.8993  17.3736  17.0949  16.9364    0.08180000   0.00014227  24529.978    42.651473   0.240363   1.291438     881.750 0   0.096939   0.036040   0.036225   0.010955  -0.037117   -18.6374   -19.8975   -20.4234   -20.6768   -20.7872     1.2601     1.7860     0.2534
208.489098   5.274179  19.5210  17.8153  17.0610  16.7642  16.4356    0.08290000   0.00012957  24839.244    38.844109   0.242827   1.304678    1191.015 0   0.045840   0.033355   0.013348   0.009462   0.009479   -18.2935   -19.9867   -20.7210   -21.0139   -21.3425     1.6932     2.4275     0.2929
208.075577   5.298500  19.6486  17.8947  16.9883  16.5803  16.2974    0.07730000   0.00016690  23163.134    50.035361   0.243287   1.307147    -485.094 0   0.349204   0.273266   0.103773   0.067196   0.058138   -18.3351   -20.0130   -20.7499   -21.1214   -21.3952     1.6780     2.4149     0.3714
208.185261   4.927753  19.5295  17.7389  16.8437  16.4259  16.1059    0.07840000   0.00016493  23505.647    49.444770   0.246985   1.327019    -142.581 0   0.366549   0.292209   0.114573   0.072460   0.056708   -18.5053   -20.2215   -20.9391   -21.3148   -21.6190     1.7163     2.4338     0.3757
208.131430   4.942258  20.0272  18.2538  17.3877  16.9789  16.6898    0.08310000   0.00014819  24910.355    44.426244   0.258825   1.390635    1262.126 0   0.304043   0.235374   0.092092   0.054473   0.052017   -18.0480   -19.7527   -20.4755   -20.8467   -21.1334     1.7047     2.4275     0.3712
208.129212   4.934712  18.2907  16.1705  15.0874  14.5745  14.1694    0.08350000   0.00019014  25042.773    57.002538   0.266346   1.431042    1394.545 0   0.742236   0.595196   0.208551   0.123960   0.099362   -20.2359   -22.2091   -22.9055   -23.3338   -23.7143     1.9732     2.6696     0.4283
208.553440   5.146622  19.9350  18.0317  17.1576  16.7757  16.5008    0.07790000   0.00016631  23363.276    49.858484   0.277546   1.491219    -284.953 0   0.271241   0.207282   0.081001   0.045896   0.048710   -17.9693   -19.8086   -20.5565   -20.9033   -21.1810     1.8393     2.5872     0.3468
208.350876   4.877433  19.1693  17.6441  16.8752  16.4400  16.1139    0.07490000   0.00014893  22458.023    44.648091   0.290566   1.561172   -1190.206 0   0.343154   0.296194   0.135062   0.061419   0.026769   -18.7183   -20.1965   -20.8043   -21.1658   -21.4573     1.4782     2.0860     0.3616
208.080228   4.939206  18.8803  17.3164  16.6168  16.2678  16.0111    0.08250000   0.00014856  24725.773    44.537168   0.292404   1.571051    1077.544 0   0.087110   0.054600   0.027297   0.014386   0.014443   -18.9861   -20.5175   -21.1898   -21.5259   -21.7826     1.5314     2.2037     0.3361
208.543206   5.281637  18.3863  16.4782  15.5668  15.1419  14.8362    0.07930000   0.00018438  23764.698    55.275733   0.294345   1.581476     116.469 0   0.343021   0.264061   0.095476   0.064912   0.060695   -19.6469   -21.4761   -22.2189   -22.6132   -22.9147     1.8291     2.5720     0.3943
208.268141   4.855865  19.7470  17.9880  17.1103  16.6949  16.4126    0.07740000   0.00016088  23205.105    48.230611   0.302213   1.623749    -443.123 0   0.321112   0.251007   0.098956   0.059353   0.052936   -18.1931   -19.8820   -20.6077   -20.9835   -21.2594     1.6889     2.4145     0.3758
208.041753   5.362876  19.2626  18.1143  17.6143  17.2848  17.1577    0.07870000   0.00008402  23598.253    25.188562   0.309740   1.664192     -49.975 0   0.177771   0.099329   0.088121  -0.024370  -0.097189   -18.5917   -19.6616   -20.1504   -20.3674   -20.4217     1.0699     1.5587     0.2170
207.968247   5.091235  18.9592  17.2992  16.5572  16.1305  15.8382    0.06780000   0.00009558  20339.989    28.654163   0.312721   1.680211   -3308.240 1   0.198202   0.141919   0.064734   0.027943   0.033503   -18.5693   -20.1730   -20.8379   -21.2278   -21.5256     1.6037     2.2685     0.3899
208.528107   4.969975  18.7587  16.9383  16.0791  15.6855  15.4009    0.07720000   0.00015112  23132.106    45.304636   0.314482   1.689670    -516.123 0   0.269518   0.206024   0.079800   0.045657   0.048958   -19.1454   -20.9023   -21.6353   -21.9948   -22.2827     1.7569     2.4899     0.3595
208.572474   5.282558  19.6860  17.8768  16.9871  16.5708  16.2623    0.08010000   0.00015198  24019.941    45.562458   0.321388   1.726774     371.713 0   0.321313   0.248469   0.093083   0.059384   0.056459   -18.3503   -20.0866   -20.8210   -21.2036   -21.5091     1.7364     2.4707     0.3826
208.012550   4.964783  18.7500  16.8294  15.8092  15.3285  14.9354    0.07660000   0.00017742  22963.773    53.189178   0.325047   1.746437    -684.456 0   0.627759   0.501922   0.183213   0.115112   0.084903   -19.4741   -21.2689   -21.9704   -22.3830   -22.7459     1.7948     2.4963     0.4126
208.511144   5.387318  19.4072  18.1443  17.4526  17.0827  16.8903    0.08130000   0.00016749  24372.257    50.212239   0.328481   1.764888     724.029 0   0.247248   0.271354   0.137596   0.029452  -0.059141   -18.5874   -19.8744   -20.4324   -20.6941   -20.7979     1.2870     1.8449     0.2618
208.214175   5.484398  18.2051  16.3650  15.4511  15.0123  14.6820    0.07930000   0.00018212  23772.403    54.598202   0.331972   1.783643     124.174 0   0.429604   0.348096   0.135015   0.088391   0.062418   -19.9147   -21.6733   -22.3741   -22.7663   -23.0706     1.7586     2.4594     0.3922
207.932294   5.177533  20.0157  18.2107  17.3499  16.9806  16.6857    0.08150000   0.00012764  24445.677    38.265509   0.341877   1.836859     797.448 0   0.262778   0.200100   0.079406   0.043593   0.046960   -17.9786   -19.7209   -20.4610   -20.7945   -21.0928     1.7423     2.4824     0.3335
208.555034   5.375307  20.0701  18.2766  17.3836  16.9685  16.6793    0.07840000   0.00018741  23489.219    56.184105   0.353564   1.899654    -159.010 0   0.337730   0.261434   0.096724   0.063759   0.058840   -17.9358   -19.6530   -20.3813   -20.7635   -21.0478     1.7172     2.4455     0.3821
208.110505   4.837362  17.5825  16.1321  15.3809  14.9888  14.7073    0.08360000   0.00014311  25058.093    42.903299   0.360068   1.934596    1409.864 1   0.285294   0.234536   0.116935   0.043108   0.008621   -20.4870   -21.8867   -22.5203   -22.8385   -23.0856     1.3996     2.0332     0.3183
208.552781   5.390883  19.7094  18.0406  17.2354  16.8606  16.5989    0.08040000   0.00013917  24097.648    41.722116   0.361625   1.942965     449.419 0   0.254159   0.190419   0.084523   0.038498   0.038417   -18.2679   -19.8729   -20.5722   -20.9010   -21.1626     1.6051     2.3044     0.3288
208.032215   5.432168  17.6685  15.8261  14.9428  14.4869  14.2166    0.07860000   0.00014739  23566.265    44.186410   0.365563   1.964121     -81.963 0   0.342639   0.264048   0.095840   0.064859   0.060441   -20.3479   -22.1117   -22.8268   -23.2517   -23.5176     1.7638     2.4789     0.4249
207.913571   5.065738  19.9944  18.1573  17.3105  16.9125  16.6436    0.08010000   0.00015024  24006.840    45.040819   0.371601   1.996565     358.612 0   0.275213   0.210592   0.082624   0.046837   0.048928   -17.9958   -19.7683   -20.4871   -20.8493   -21.1203     1.7725     2.4913     0.3622
207.933292   4.976001  17.7571  16.3334  15.5847  15.1720  14.8711    0.07660000   0.00017405  22960.505    52.178877   0.385933   2.073569    -687.724 0   0.321423   0.285928   0.135520   0.053225   0.009474   -20.1607   -21.5489   -22.1472   -22.4776   -22.7348     1.3882     1.9865     0.3304
208.651246   5.256816  19.7774  18.1435  17.3760  16.9798  16.7195    0.08150000   0.00018715  24437.732    56.106159   0.387533   2.082163     789.503 0   0.236515   0.172657   0.080602   0.032965   0.033279   -18.1907   -19.7607   -20.4361   -20.7847   -21.0453     1.5700     2.2455     0.3486
208.081791   5.500386  18.1651  17.4346  17.2521  16.9515  16.9748    0.08190000   0.00003909  24556.990    11.718887   0.392755   2.110219     908.761 0   0.134450   0.019423   0.071679  -0.033923  -0.017742   -19.7328   -20.3482   -20.5830   -20.7780   -20.7709     0.6155     0.8502     0.1950
208.007424   4.858586  19.8374  18.4136  17.6721  17.3058  17.0127    0.07740000   0.00033968  23198.210   101.833502   0.400833   2.153626    -450.018 0   0.273358   0.218104   0.110171   0.040095   0.010402   -18.0550   -19.4235   -20.0571   -20.3533   -20.6167     1.3685     2.0021     0.2962
208.532165   5.483230  18.2135  16.4969  15.6768  15.2777  14.9812    0.07650000   0.00016829  22930.765    50.452073   0.413973   2.224225    -717.463 0   0.266261   0.202332   0.084280   0.043294   0.044317   -19.6463   -21.2990   -22.0010   -22.3591   -22.6566     1.6527     2.3547     0.3581
208.522050   5.494352  19.9646  18.2562  17.3824  16.9896  16.6821    0.07940000   0.00014585  23793.718    43.724730   0.416741   2.239098     145.489 0   0.335546   0.266728   0.108443   0.063762   0.051051   -18.0456   -19.6852   -20.4007   -20.7488   -21.0436     1.6396     2.3551     0.3481
207.992338   5.471055  19.5451  17.5367  16.6241  16.1883  15.9037    0.08110000   0.00015307  24327.139    45.889232   0.421017   2.262071     678.910 0   0.377119   0.292000   0.106156   0.073814   0.063580   -18.5528   -20.4761   -21.2029   -21.6063   -21.8807     1.9233     2.6500     0.4035
208.011006   5.489181  19.0614  17.4833  16.6330  16.2428  15.9708    0.08200000   0.00015127  24583.221    45.349605   0.422860   2.271969     934.993 0   0.335090   0.274696   0.120723   0.062195   0.039668   -19.0186   -20.5363   -21.2326   -21.5643   -21.8137     1.5177     2.2140     0.3317
208.488481   5.531205  19.1994  17.9020  17.2325  16.8101  16.5805    0.08430000   0.00009063  25262.401    27.170190   0.429520   2.307757    1614.173 1   0.264822   0.245354   0.127115   0.033022  -0.034062   -18.8706   -20.1485   -20.6998   -21.0281   -21.1906     1.2779     1.8292     0.3283
208.017454   5.504619  19.3845  18.1752  17.6758  17.3876  17.2681    0.07870000   0.00009385  23600.802    28.135522   0.431206   2.316814     -47.427 0   0.118617   0.042550   0.050646   0.007849  -0.054423   -18.4107   -19.5439   -20.0514   -20.2968   -20.3540     1.1332     1.6407     0.2454
208.654041   5.401975  19.1647  17.6276  16.8392  16.4194  16.1309    0.07670000   0.00016283  22989.914    48.815206   0.449483   2.415014    -658.314 0   0.335530   0.287032   0.131895   0.059428   0.025811   -18.7701   -20.2587   -20.8919   -21.2392   -21.4941     1.4886     2.1219     0.3473
207.821965   5.121590  19.7727  18.0062  17.1705  16.7959  16.5115    0.07610000   0.00014959  22818.883    44.845954   0.452668   2.432124    -829.346 0   0.251247   0.189767   0.077687   0.040227   0.044046   -18.0606   -19.7657   -20.4893   -20.8264   -21.1146     1.7050     2.4286     0.3371
208.730118   5.186703  20.4140  18.5201  17.6564  17.2828  17.0266    0.07960000   0.00015703  23867.437    47.076410   0.454183   2.440264     219.208 0   0.259108   0.197345   0.077671   0.042936   0.046961   -17.5464   -19.3786   -20.1226   -20.4615   -20.7217     1.8321     2.5762     0.3389
208.707390   5.304544  20.3953  18.4996  17.6255  17.2280  16.9443    0.07890000   0.00016121  23656.443    48.329542   0.454891   2.444068       8.214 0   0.287030   0.220405   0.082828   0.050447   0.052471   -17.5526   -19.3817   -20.1182   -20.4833   -20.7690     1.8291     2.5656     0.3651
208.036672   4.739794  19.0709  17.5591  16.7493  16.2950  15.9806    0.08150000   0.00009529  24438.811    28.567223   0.480872   2.583663     790.583 0   0.390130   0.349460   0.151941   0.074969   0.036390   -19.0508   -20.5219   -21.1342   -21.5115   -21.7873     1.4711     2.0834     0.3773
207.899537   4.850122  18.9333  16.8848  15.7768  15.2170  14.7793    0.07580000   0.00017166  22716.684    51.462373   0.484378   2.602499    -931.545 0   0.840619   0.672521   0.229104   0.136281   0.110816   -19.5020   -21.3824   -22.0470   -22.5140   -22.9262     1.8804     2.5450     0.4670
207.782506   5.099448  18.4580  16.6095  15.7570  15.3588  15.0757    0.07640000   0.00015701  22910.799    47.070414   0.493982   2.654099    -737.429 0   0.243878   0.187053   0.070915   0.040466   0.046661   -19.3948   -21.1865   -21.9228   -22.2906   -22.5799     1.7917     2.5280     0.3678
207.990042   4.753651  19.7428  17.9499  17.0571  16.6672  16.3514    0.07590000   0.00014850  22755.477    44.519180   0.494007   2.654236    -892.752 0   0.309255   0.238938   0.090813   0.056116   0.054356   -18.1610   -19.8836   -20.6283   -20.9835   -21.2975     1.7226     2.4673     0.3552
208.717920   5.418784  19.6351  18.1601  17.5218  17.1333  16.8805    0.07760000   0.00012864  23252.233    38.565302   0.512445   2.753303    -395.996 0   0.213466   0.145450   0.086247   0.017557  -0.008252   -18.2030   -19.6100   -20.1891   -20.5089   -20.7359     1.4070     1.9861     0.3198
208.676136   5.482238  17.5479  15.6079  14.7033  14.2751  13.9864    0.07690000   0.00020496  23055.959    61.445462   0.514529   2.764496    -592.270 0   0.343782   0.264482   0.095394   0.065078   0.060907   -20.4220   -22.2827   -23.0182   -23.4161   -23.7006     1.8607     2.5962     0.3979
208.769194   5.464192  19.2504  17.5299  16.6816  16.2797  15.9773    0.07770000   0.00015168  23284.700    45.472520   0.579661   3.114445    -363.528 0   0.303613   0.235754   0.094500   0.054073   0.050236   -18.7019   -20.3545   -21.0616   -21.4230   -21.7216     1.6526     2.3597     0.3615
207.732423   5.387930  19.7258  18.1302  17.3590  16.9655  16.7269    0.07700000   0.00012648  23095.741    37.917750   0.587263   3.155289    -552.488 0   0.247377   0.182999   0.087273   0.034265   0.030430   -18.1293   -19.6605   -20.3360   -20.6765   -20.9113     1.5312     2.2067     0.3405
207.678803   5.128046  18.5076  17.4356  17.0567  16.7737  16.6533    0.07200000   0.00008225  21583.738    24.657930   0.594538   3.194373   -2064.491 1   0.162935   0.042355   0.078938  -0.043372  -0.054719   -19.1135   -20.0649   -20.4804   -20.6411   -20.7502     0.9514     1.3669     0.1607
208.718858   5.568936  19.4052  17.6087  16.7588  16.3537  16.0760    0.07640000   0.00016965  22901.656    50.859790   0.603561   3.242855    -746.573 0   0.282843   0.217024   0.083321   0.049115   0.050927   -18.4865   -20.2172   -20.9334   -21.3043   -21.5838     1.7307     2.4469     0.3709
207.690956   5.348650  18.6528  17.5842  17.3446  17.0316  17.0215    0.07900000   0.00008474  23689.480    25.404413   0.612126   3.288873      41.251 0   0.153833   0.025361   0.079772  -0.050813  -0.022337   -19.1859   -20.1260   -20.4200   -20.6024   -20.6410     0.9401     1.2341     0.1824
208.335570   4.546693  19.6942  18.1758  17.5403  17.2791  17.0682    0.07650000   0.00015989  22920.003    47.933816   0.614276   3.300426    -728.226 0   0.037664   0.016202   0.008426   0.005118  -0.001609   -17.9370   -19.4339   -20.0617   -20.3195   -20.5237     1.4969     2.1247     0.2579
208.370156   4.538325  18.2717  16.2757  15.3201  14.8784  14.5604    0.07680000   0.00018197  23025.470    54.553234   0.626880   3.368145    -622.759 0   0.442882   0.348402   0.129019   0.090722   0.067655   -19.7703   -21.6718   -22.4080   -22.8114   -23.1063     1.9015     2.6377     0.4034
208.839680   5.450243  17.7031  16.3378  15.6742  15.2647  14.9768    0.07680000   0.00018760  23023.641    56.241065   0.633793   3.405285    -624.588 0   0.265588   0.225216   0.118284   0.034458  -0.017253   -20.1616   -21.4865   -22.0432   -22.3688   -22.6050     1.3249     1.8816     0.3257
208.638981   5.685412  19.0611  17.6335  16.9500  16.6100  16.3821    0.08270000   0.00016757  24781.144    50.236222   0.639981   3.438533    1132.916 1   0.089942   0.052268   0.028241   0.013745   0.012179   -18.7895   -20.1794   -20.8389   -21.1644   -21.3907     1.3899     2.0494     0.3255
208.898868   5.315368  19.4318  18.0103  17.4179  17.0765  16.8757    0.08110000   0.00013559  24309.661    40.648859   0.640960   3.443796     661.432 0   0.155572   0.078979   0.063001   0.011597  -0.026961   -18.4446   -19.7895   -20.3659   -20.6559   -20.8181     1.3449     1.9213     0.2900
208.840940   5.485554  19.9239  18.2294  17.3546  16.8610  16.5000    0.08310000   0.00014005  24905.318    41.985934   0.651914   3.502647    1257.090 1   0.466806   0.408015   0.164806   0.092779   0.058396   -18.3141   -19.9498   -20.5814   -21.0029   -21.3295     1.6357     2.2673     0.4216
