212.517459  41.755796  17.6033  15.5945  14.6384  14.2197  13.9005    0.09380000   0.00019760  28108.751    59.238990   0.004288   0.027046    -147.288 0   0.413924   0.323103   0.118564   0.083494   0.065979   -20.8671   -22.7851   -23.5367   -23.9203   -24.2220     1.9180     2.6695     0.3836
212.538229  41.757093  20.0255  18.2414  17.3122  16.8961  16.5931    0.09130000   0.00017602  27380.945    52.769468   0.013817   0.087153    -875.094 1   0.409265   0.334355   0.132698   0.083544   0.058347   -18.3839   -20.0931   -20.8206   -21.1876   -21.4654     1.7092     2.4367     0.3669
212.499761  41.767854  20.4133  18.4053  17.4152  16.9689  16.6282    0.09560000   0.00016756  28652.964    50.233224   0.022099   0.139396     396.925 0   0.527510   0.430417   0.163149   0.105272   0.072785   -18.1935   -20.1044   -20.8272   -21.2156   -21.5238     1.9109     2.6337     0.3884
212.553825  41.740817  20.3784  18.3379  17.4091  17.0015  16.6696    0.09590000   0.00014619  28747.758    43.826659   0.027166   0.171359     491.720 0   0.358378   0.276210   0.099726   0.068839   0.062299   -18.0872   -20.0455   -20.7978   -21.1745   -21.4999     1.9583     2.7106     0.3767
212.608760  41.746299  20.5991  18.5943  17.6696  17.2739  16.9426    0.09410000   0.00016285  28201.806    48.821202   0.065865   0.415465     -54.232 0   0.347907   0.267704   0.096469   0.066129   0.061371   -17.8147   -19.7393   -20.4928   -20.8581   -21.1847     1.9246     2.6781     0.3654
212.412747  41.738773  20.3942  18.3838  17.4304  17.0132  16.6627    0.09390000   0.00014929  28139.210    44.756016   0.081776   0.515831    -116.829 0   0.418943   0.327939   0.120839   0.084868   0.066081   -18.0649   -19.9843   -20.7306   -21.1118   -21.4435     1.9194     2.6657     0.3812
212.527930  41.837313  19.0693  17.2717  16.4453  16.0724  15.7558    0.09270000   0.00014167  27778.889    42.471598   0.085146   0.537089    -477.150 0   0.145116   0.120905   0.045489   0.027987   0.032547   -19.1091   -20.8825   -21.6335   -21.9889   -22.3100     1.7734     2.5244     0.3554
212.566898  41.645939  19.8255  17.9398  17.0431  16.6826  16.4102    0.09450000   0.00014656  28329.938    43.937583   0.111802   0.705234      73.899 0   0.293084   0.225621   0.087613   0.051536   0.051426   -18.5427   -20.3610   -21.1197   -21.4441   -21.7164     1.8182     2.5769     0.3244
212.673621  41.783802  19.3132  17.4074  16.5105  16.1014  15.7652    0.09410000   0.00016754  28206.453    50.227228   0.118242   0.745852     -49.586 0   0.304403   0.233612   0.084297   0.055085   0.056411   -19.0571   -20.8921   -21.6397   -22.0196   -22.3571     1.8350     2.5826     0.3799
212.343796  41.786874  19.5775  17.8584  16.8501  16.3920  16.0457    0.09570000   0.00015076  28703.869    45.196711   0.136525   0.861185     447.830 0   0.571880   0.494144   0.187049   0.107459   0.076876   -19.0735   -20.7149   -21.4161   -21.7946   -22.1103     1.6414     2.3426     0.3785
212.505826  41.909294  19.2897  17.2888  16.3726  15.9564  15.6467    0.08800000   0.00015904  26376.130    47.678993   0.157362   0.992621   -1879.909 1   0.357433   0.275590   0.099643   0.068624   0.062125   -18.9639   -20.8829   -21.6232   -22.0084   -22.3116     1.9191     2.6593     0.3852
212.401849  41.607800  19.9122  18.1529  17.2092  16.8335  16.4757    0.09410000   0.00016307  28205.883    48.887156   0.169617   1.069920     -50.155 0   0.378295   0.300147   0.115281   0.075416   0.059471   -18.5320   -20.2132   -20.9720   -21.3078   -21.6497     1.6812     2.4400     0.3358
212.373361  41.887155  19.7181  17.7690  16.8631  16.4700  16.1451    0.09390000   0.00015716  28148.503    47.115383   0.174021   1.097702    -107.536 0   0.302654   0.232293   0.083912   0.054649   0.056147   -18.6247   -20.5035   -21.2610   -21.6248   -21.9512     1.8787     2.6363     0.3638
212.343056  41.874133  20.2947  18.3382  17.3377  16.8363  16.4834    0.09300000   0.00014073  27889.243    42.189793   0.180077   1.135904    -366.796 0   0.611975   0.509443   0.188371   0.112338   0.082985   -18.3365   -20.1904   -20.8699   -21.2952   -21.6188     1.8540     2.5334     0.4254
212.717199  41.625583  18.9374  17.6941  17.0711  16.6487  16.4222    0.09170000   0.00010034  27480.506    30.081175   0.193710   1.221894    -775.533 0   0.242434   0.229194   0.123557   0.023906  -0.054889   -19.2935   -20.5236   -21.0410   -21.3637   -21.5114     1.2301     1.7474     0.3227
212.265410  41.883522  20.3582  18.5406  17.6176  17.2366  16.9064    0.09440000   0.00014433  28295.581    43.269045   0.231354   1.459350      39.543 0   0.343521   0.267063   0.099838   0.065433   0.058737   -18.0371   -19.7782   -20.5340   -20.8806   -21.2041     1.7411     2.4969     0.3466
212.256587  41.898195  20.2354  18.6755  17.7220  17.2357  16.8513    0.09450000   0.00019737  28317.856    59.170037   0.245239   1.546935      61.817 0   0.527851   0.462333   0.179688   0.101451   0.069238   -18.3676   -19.8620   -20.5328   -20.9409   -21.2931     1.4944     2.1652     0.4081
212.646027  41.984774  19.4737  17.5125  16.6059  16.2074  15.8519    0.08780000   0.00018643  26325.885    55.890308   0.250503   1.580139   -1930.154 1   0.329946   0.253292   0.090935   0.061517   0.059641   -18.7712   -20.6558   -21.4000   -21.7691   -22.1227     1.8845     2.6288     0.3691
212.796561  41.558849  19.2421  18.1470  17.6243  17.3185  17.1756    0.08440000   0.00010569  25297.417    31.685065   0.282391   1.781286   -2958.622 1   0.175428   0.133047   0.101192  -0.027022  -0.102625   -18.7411   -19.7938   -20.2846   -20.4622   -20.5295     1.0527     1.5436     0.1776
212.523475  41.463783  18.7230  17.5969  17.1321  16.7687  16.6579    0.09110000   0.00003814  27301.470    11.434084   0.288555   1.820166    -954.569 1   0.174473   0.123514   0.098902  -0.030187  -0.101017   -19.4257   -20.5008   -20.9410   -21.1753   -21.2153     1.0751     1.5153     0.2343
212.129693  41.856638  19.5835  17.8850  17.0481  16.5859  16.2871    0.08870000   0.00013462  26602.024    40.358061   0.309892   1.954760   -1654.015 1   0.395339   0.344512   0.147648   0.076753   0.042707   -18.7490   -20.3967   -21.0367   -21.4280   -21.6928     1.6477     2.2877     0.3913
212.062331  41.720713  18.7288  17.4679  16.9019  16.4642  16.2570    0.09380000   0.00010132  28121.192    30.374972   0.343522   2.166894    -134.847 0   0.213535   0.198583   0.115811   0.009668  -0.080997   -19.5412   -20.7872   -21.2704   -21.6020   -21.7185     1.2459     1.7292     0.3316
212.981902  41.536188  20.3134  18.0232  17.2830  16.8266  16.4882    0.08460000   0.00019801  25354.737    59.361905   0.406237   2.562489   -2901.301 1   0.093446   0.085576   0.031532   0.022037   0.023291   -17.6114   -19.8937   -20.5799   -21.0268   -21.3665     2.2823     2.9685     0.4469
212.019298  41.929569  18.6333  17.5878  17.2404  16.9815  16.8416    0.09220000   0.00008994  27645.631    26.963334   0.414024   2.611606    -610.407 0   0.144319   0.027683   0.074012  -0.032675  -0.035420   -19.5325   -20.4614   -20.8551   -21.0073   -21.1445     0.9289     1.3226     0.1522
212.672848  41.335268  19.0090  17.6670  17.0877  16.8693  16.7186    0.08120000   0.00014387  24339.250    43.131141   0.432205   2.726291   -3916.788 1   0.025870   0.009093   0.005610   0.003677  -0.007606   -18.7375   -20.0628   -20.6386   -20.8550   -20.9945     1.3252     1.9010     0.2165
213.008869  41.501750  19.6857  17.8997  16.9852  16.5964  16.3033    0.09390000   0.00014398  28145.835    43.164118   0.441980   2.787949    -110.204 0   0.333452   0.259488   0.098351   0.062773   0.056890   -18.6879   -20.3999   -21.1533   -21.5065   -21.7938     1.7120     2.4654     0.3532
211.938917  41.838343  19.0756  17.9125  17.3476  16.9845  16.8226    0.09480000   0.00017026  28408.903    51.042664   0.442573   2.791694     152.864 0   0.189485   0.178822   0.112098  -0.007451  -0.100637   -19.1724   -20.3248   -20.8230   -21.0665   -21.1353     1.1524     1.6506     0.2436
213.044104  41.531879  19.2873  17.4085  16.4613  15.9670  15.5756    0.09330000   0.00015707  27956.516    47.088401   0.448315   2.827912    -299.523 0   0.552910   0.457003   0.172853   0.107308   0.075223   -19.3105   -21.0933   -21.7564   -22.1851   -22.5445     1.7829     2.4459     0.4288
213.033669  41.987634  19.1732  18.1672  17.7419  17.3996  17.2753    0.09360000   0.00005093  28049.272    15.268430   0.449151   2.833188    -206.767 0   0.150606   0.129119   0.102710  -0.060785  -0.081305   -19.0317   -20.0162   -20.4151   -20.5939   -20.6977     0.9845     1.3834     0.1788
212.762402  42.164250  18.9040  17.6172  16.9724  16.6101  16.3600    0.08780000   0.00016188  26331.041    48.530403   0.449614   2.836107   -1924.997 1   0.231532   0.195508   0.112003   0.019912  -0.051688   -19.2425   -20.4933   -21.0546   -21.3248   -21.5033     1.2508     1.8121     0.2702
213.178995  41.741696  19.8701  18.0987  17.1435  16.6619  16.2202    0.08610000   0.00014117  25824.122    42.321701   0.491116   3.097895   -2431.916 1   0.544197   0.452339   0.172042   0.106103   0.073875   -18.5253   -20.2048   -20.8797   -21.2954   -21.7049     1.6795     2.3544     0.4157
212.953101  41.368327  20.1408  18.4644  17.5625  17.1990  16.9219    0.09890000   0.00013237  29646.206    39.683528   0.501448   3.163069    1390.168 1   0.325847   0.256001   0.102021   0.060775   0.052398   -18.3382   -19.9448   -20.6927   -21.0149   -21.2837     1.6066     2.3545     0.3223
211.926368  41.992201  19.8757  17.9475  17.0229  16.5966  16.2467    0.09280000   0.00017508  27833.122    52.487664   0.504209   3.180486    -422.917 0   0.395482   0.307115   0.111932   0.078581   0.064970   -18.5529   -20.3927   -21.1222   -21.5151   -21.8514     1.8398     2.5692     0.3929
212.014018  42.100846  19.2014  18.1449  17.7539  17.3841  17.2505    0.09200000   0.00003937  27567.985    11.802829   0.514226   3.243670    -688.054 0   0.163776   0.107609   0.098140  -0.054709  -0.083698   -18.9580   -19.9583   -20.3399   -20.5568   -20.6614     1.0003     1.3819     0.2170
