 26.643013  -0.651446  19.7510  18.0886  17.2169  16.8147  16.5001    0.08370000   0.00012509  25093.318    37.501039   0.020955   0.117979     459.072 0   0.359941   0.295393   0.124349   0.070116   0.047516   -18.4197   -20.0176   -20.7182   -21.0662   -21.3582     1.5979     2.2985     0.3480
 26.588979  -0.655460  19.2839  17.4137  16.5607  16.1941  15.9146    0.08240000   0.00014309  24707.905    42.897303   0.037152   0.209175      73.659 0   0.254716   0.193425   0.077127   0.041643   0.045816   -18.7263   -20.5352   -21.2719   -21.6030   -21.8867     1.8089     2.5456     0.3311
 26.625355  -0.619113  18.5251  17.2100  16.5514  16.1930  15.9112    0.08510000   0.00008778  25523.161    26.315782   0.043689   0.245974     888.915 0   0.230479   0.178664   0.103662   0.021807  -0.033021   -19.5496   -20.8129   -21.3965   -21.6730   -21.9000     1.2633     1.8469     0.2765
 26.644974  -0.702596  18.5165  16.6262  15.7278  15.3197  14.9951    0.07920000   0.00017016  23756.334    51.012685   0.044347   0.249680    -877.912 0   0.318189   0.244381   0.088344   0.058549   0.057975   -19.4920   -21.3085   -22.0509   -22.4292   -22.7532     1.8165     2.5589     0.3783
 26.686772  -0.678659  16.9833  16.1770  15.7401  15.3406  15.2816    0.08270000   0.00123428  24780.365   370.027835   0.063383   0.356856     146.119 0   0.073840   0.201360   0.107470  -0.077037  -0.064743   -20.8512   -21.7850   -22.1280   -22.3430   -22.4143     0.9338     1.2768     0.2150
 26.688152  -0.675279  19.2235  17.3842  16.5058  16.1253  15.8308    0.08230000   0.00015614  24669.292    46.809594   0.063975   0.360190      35.046 0   0.283881   0.217905   0.085080   0.049112   0.050130   -18.8132   -20.5865   -21.3321   -21.6766   -21.9722     1.7733     2.5189     0.3445
 26.552935  -0.643352  18.0690  16.2237  15.3592  14.9184  14.5886    0.07870000   0.00015928  23600.742    47.750943   0.075026   0.422413   -1033.505 1   0.286463   0.219905   0.079139   0.050667   0.054257   -19.8940   -21.6727   -22.3965   -22.8088   -23.1422     1.7787     2.5025     0.4123
 26.691277  -0.623495  18.4184  17.1035  16.3869  15.9717  15.7152    0.08250000   0.00007946  24729.550    23.821509   0.076708   0.431879      95.304 0   0.294481   0.279503   0.136905   0.045318  -0.016602   -19.6554   -20.9553   -21.5293   -21.8529   -22.0475     1.2999     1.8739     0.3236
 26.716593  -0.681071  19.2805  17.8282  17.1118  16.7523  16.4858    0.08450000   0.00013285  25344.065    39.827428   0.092997   0.523593     709.819 0   0.125493   0.081234   0.043027   0.019066   0.020125   -18.6765   -20.0845   -20.7627   -21.0983   -21.3658     1.4080     2.0862     0.3355
 26.709545  -0.704347  18.6382  17.0138  16.2024  15.7328  15.4056    0.07920000   0.00018065  23732.201    54.157508   0.093836   0.528315    -902.046 0   0.398448   0.345567   0.147271   0.077742   0.044432   -19.4506   -21.0221   -21.6352   -22.0353   -22.3292     1.5715     2.1846     0.4001
 26.703941  -0.718279  18.4968  17.2164  16.6641  16.2299  15.9932    0.08200000   0.00008115  24588.018    24.328158   0.096154   0.541362     -46.228 0   0.211972   0.175861   0.107660   0.009681  -0.074078   -19.4600   -20.7043   -21.1884   -21.5247   -21.6776     1.2443     1.7284     0.3362
 26.530242  -0.617554  18.2967  16.2946  15.3661  14.9464  14.6376    0.07980000   0.00017520  23909.828    52.523639   0.105363   0.593213    -724.418 0   0.361039   0.278828   0.101186   0.069614   0.062259   -19.7499   -21.6698   -22.4207   -22.8088   -23.1102     1.9199     2.6707     0.3881
 26.626522  -0.773742  18.5782  17.5888  17.1237  16.8322  16.6684    0.07880000   0.00008383  23626.794    25.131602   0.110946   0.624645   -1007.453 0   0.170185   0.098694   0.094588  -0.046675  -0.088447   -19.2684   -20.1863   -20.6473   -20.7975   -20.9196     0.9179     1.3789     0.1502
 26.514784  -0.644259  19.8873  18.1022  17.2360  16.8559  16.5289    0.08030000   0.00014104  24063.441    42.282728   0.112153   0.631443    -570.805 0   0.277961   0.212878   0.084493   0.047318   0.048553   -18.0899   -19.8099   -20.5477   -20.8906   -21.2189     1.7200     2.4578     0.3429
 26.555855  -0.532327  18.8569  17.0612  16.2111  15.7898  15.4694    0.08330000   0.00014362  24959.011    43.056193   0.147851   0.832427     324.765 0   0.226585   0.176988   0.064582   0.038234   0.045569   -19.1700   -20.9161   -21.6538   -22.0488   -22.3765     1.7461     2.4838     0.3950
 26.741437  -0.799999  18.7864  17.4638  16.8690  16.5530  16.3286    0.08370000   0.00017698  25083.605    53.057269   0.179682   1.011644     449.359 0   0.121955   0.057696   0.046705   0.013676  -0.015623   -19.1463   -20.4047   -20.9885   -21.2714   -21.4665     1.2583     1.8422     0.2830
 26.651029  -0.481027  17.9893  16.7589  16.1206  15.7583  15.5018    0.08330000   0.00011217  24966.596    33.627720   0.183572   1.033543     332.350 0   0.230680   0.210825   0.118180   0.018706  -0.062717   -20.0417   -21.2523   -21.7979   -22.0607   -22.2358     1.2105     1.7562     0.2628
 26.618549  -0.473317  19.2676  17.7865  17.0507  16.6720  16.3729    0.08320000   0.00018816  24955.294    56.408949   0.189609   1.067531     321.048 0   0.134442   0.093348   0.045498   0.021504   0.024398   -18.6434   -20.0834   -20.7713   -21.1260   -21.4280     1.4400     2.1280     0.3547
 26.640054  -0.466149  18.3955  16.3880  15.4475  15.0373  14.6956    0.08300000   0.00017925  24888.980    53.737798   0.197198   1.110263     254.734 0   0.395870   0.308298   0.113000   0.078874   0.064601   -19.7717   -21.6916   -22.4368   -22.8129   -23.1403     1.9199     2.6651     0.3761
 26.419016  -0.561610  18.9331  18.2173  18.0855  17.8316  17.8701    0.08310000   0.00078441  24905.408   235.160202   0.229846   1.294072     271.162 0   0.104329   0.012306   0.050215  -0.018973  -0.008646   -18.9424   -19.5662   -19.7359   -19.9206   -19.8924     0.6238     0.7935     0.1847
 26.754154  -0.467495  19.2773  17.7205  16.9040  16.4845  16.1857    0.09100000   0.00017031  27294.484    51.057654   0.233923   1.317027    2660.238 1   0.367112   0.322866   0.143460   0.068276   0.031920   -19.0828   -20.5953   -21.2324   -21.5767   -21.8392     1.5126     2.1496     0.3443
 26.757879  -0.467406  19.4974  17.8110  16.9460  16.5635  16.2458    0.09170000   0.00015486  27491.538    46.425860   0.236066   1.329097    2857.292 1   0.339921   0.272659   0.112822   0.064953   0.049248   -18.8310   -20.4502   -21.1553   -21.4900   -21.7920     1.6191     2.3243     0.3346
 26.566585  -0.893927  20.3672  19.2700  18.8032  18.5656  18.3515    0.08350000   0.00012521  25022.387    37.537014   0.238491   1.342746     388.141 0   0.096112   0.027071   0.038734   0.005227  -0.045776   -17.5133   -18.5415   -19.0199   -19.2240   -19.3871     1.0282     1.5066     0.2041
 26.657182  -0.425432  19.7655  18.1628  17.4219  17.1287  16.8549    0.08450000   0.00013192  25328.565    39.548621   0.239488   1.348361     694.319 0   0.049803   0.030679   0.013460   0.008528   0.008489   -18.1158   -19.6994   -20.4231   -20.7113   -20.9851     1.5836     2.3073     0.2883
 26.697918  -0.897115  19.8577  18.1167  17.2615  16.8803  16.6070    0.08330000   0.00013427  24974.121    40.253133   0.245277   1.380955     339.875 0   0.282312   0.216797   0.088947   0.047742   0.046726   -18.2249   -19.9004   -20.6278   -20.9678   -21.2401     1.6755     2.4028     0.3400
 26.765335  -0.444323  18.8880  17.5721  16.9490  16.6093  16.3816    0.09160000   0.00016882  27450.676    50.610963   0.259445   1.460724    2816.430 1   0.184327   0.107761   0.074947   0.010088  -0.026777   -19.2825   -20.5218   -21.1121   -21.3869   -21.5778     1.2393     1.8296     0.2748
 26.381846  -0.519165  19.5165  17.6157  16.7562  16.3539  16.0521    0.07960000   0.00015350  23861.921    46.018142   0.282741   1.591885    -772.325 0   0.260382   0.199919   0.074362   0.044249   0.049557   -18.4452   -20.2855   -21.0195   -21.3917   -21.6988     1.8403     2.5743     0.3722
 26.665151  -0.988208  19.2025  17.5122  16.6752  16.2749  15.9757    0.08970000   0.00013989  26900.647    41.937967   0.327824   1.845709    2266.401 1   0.289229   0.223479   0.092971   0.049437   0.046084   -19.0272   -20.6517   -21.3582   -21.7150   -22.0108     1.6246     2.3310     0.3568
 26.845454  -0.916609  19.2868  17.3931  16.5188  16.1261  15.8292    0.08490000   0.00015833  25466.710    47.466140   0.335909   1.891229     832.464 0   0.275144   0.210985   0.079052   0.047551   0.051161   -18.8090   -20.6385   -21.3809   -21.7421   -22.0426     1.8295     2.5719     0.3612
 26.353058  -0.900601  18.8104  17.5966  16.9119  16.6467  16.5310    0.09450000   0.00018483  28335.544    55.410640   0.361537   2.035520    3701.298 1   0.017243   0.007190   0.003418   0.002352  -0.001000   -19.2820   -20.4857   -21.1667   -21.4308   -21.5432     1.2037     1.8847     0.2641
 26.571438  -0.286241  19.7408  18.0719  17.3021  16.9620  16.7254    0.07060000   0.00014197  21174.761    42.561535   0.380407   2.141762   -3459.485 1   0.109752   0.079200   0.036356   0.019678   0.021822   -17.7875   -19.4259   -20.1528   -20.4762   -20.7150     1.6383     2.3653     0.3234
 26.284056  -0.484586  19.4884  17.7636  17.0956  16.6781  16.4597    0.09220000   0.00011039  27644.882    33.094089   0.385048   2.167891    3010.636 1   0.214000   0.146571   0.078008   0.024031   0.019024   -18.7471   -20.4045   -21.0039   -21.3674   -21.5808     1.6574     2.2568     0.3635
 26.467089  -1.034720  19.2033  17.8939  17.2540  16.8804  16.6288    0.07910000   0.00009939  23708.457    29.796372   0.404206   2.275754    -925.789 0   0.233895   0.192981   0.110311   0.021528  -0.044341   -18.7182   -19.9867   -20.5439   -20.8287   -21.0144     1.2685     1.8257     0.2848
 26.677305  -1.103716  19.4515  18.4467  18.1109  17.8188  17.7456    0.08960000   0.00004470  26874.655    13.400723   0.443958   2.499563    2240.409 1   0.170775   0.047941   0.087708  -0.081956  -0.038687   -18.6785   -19.5604   -19.9360   -20.0584   -20.1749     0.8820     1.2575     0.1224
 27.093044  -0.804321  18.6592  16.6205  15.7153  15.2999  14.9566    0.08580000   0.00017498  25731.726    52.457684   0.488558   2.750668    1097.480 1   0.342415   0.263453   0.095104   0.064735   0.060723   -19.5480   -21.5077   -22.2446   -22.6296   -22.9689     1.9597     2.6966     0.3850
 27.083607  -0.480680  19.5198  17.9180  17.1269  16.6693  16.3383    0.08600000   0.00015972  25779.513    47.882851   0.493045   2.775933    1145.267 1   0.385201   0.337007   0.146291   0.073794   0.038994   -18.7326   -20.2862   -20.8866   -21.2717   -21.5679     1.5536     2.1540     0.3851
 27.005720  -0.977494  19.5468  18.1399  17.5237  17.2064  16.9880    0.08650000   0.00017004  25942.810    50.976710   0.493613   2.779132    1308.564 1   0.092396   0.044192   0.030048   0.012310  -0.001887   -18.4254   -19.7841   -20.3862   -20.6857   -20.8899     1.3587     1.9608     0.2996
 26.892509  -0.238587  19.2532  17.7540  16.9804  16.5918  16.3230    0.08400000   0.00014857  25177.950    44.540165   0.501294   2.822376     543.704 0   0.280278   0.220469   0.105972   0.044035   0.024834   -18.8456   -20.2850   -20.9441   -21.2708   -21.5204     1.4394     2.0985     0.3267
 26.964756  -0.288455  20.1551  18.1384  17.2615  16.8509  16.5451    0.07930000   0.00017721  23760.861    53.126221   0.505254   2.844673    -873.385 0   0.292514   0.224525   0.081146   0.052133   0.054858   -17.8276   -19.7763   -20.5098   -20.8914   -21.2000     1.9487     2.6822     0.3816
 26.864371  -0.181871  18.8101  17.2973  16.4898  16.0442  15.7535    0.08270000   0.00017871  24785.551    53.575910   0.537023   3.023536     151.305 0   0.369788   0.324109   0.143378   0.069143   0.033557   -19.3203   -20.7874   -21.4142   -21.7856   -22.0407     1.4671     2.0939     0.3714
 26.089470  -0.609187  20.1071  18.2304  17.3684  17.0597  17.3043    0.08300000   0.00014386  24885.832    43.128143   0.538570   3.032248     251.586 0   0.209790   0.417016   0.177597   0.028639  -0.072672   -17.8740   -19.9579   -20.5805   -20.7402   -20.3943     2.0839     2.7065     0.1597
 26.875904  -0.182991  20.2002  18.2115  17.2590  16.8248  16.4880    0.08440000   0.00016158  25291.361    48.440465   0.541260   3.047392     657.115 0   0.450881   0.354777   0.131326   0.092434   0.068362   -18.0584   -19.9510   -20.6801   -21.0754   -21.3881     1.8926     2.6216     0.3953
 26.608160  -0.117304  19.9264  18.2712  17.5462  17.1204  16.7998    0.08500000   0.00008593  25475.404    25.761166   0.545770   3.072784     841.158 0   0.019897   0.020161   0.007005   0.006050   0.005073   -17.9378   -19.5933   -20.3052   -20.7300   -21.0496     1.6555     2.3673     0.4248
 27.096149  -0.385172  18.8464  17.2812  16.4707  16.0184  15.6722    0.08500000   0.00016313  25481.340    48.905144   0.546491   3.076841     847.094 0   0.385635   0.335624   0.145290   0.074037   0.040127   -19.3836   -20.8988   -21.5189   -21.9000   -22.2123     1.5152     2.1354     0.3810
 27.155284  -0.520748  19.6285  17.7378  16.8432  16.4255  16.1100    0.08500000   0.00015174  25480.890    45.490508   0.548560   3.088492     846.644 0   0.303316   0.232715   0.083659   0.054829   0.056433   -18.5192   -20.3393   -21.0848   -21.4737   -21.7908     1.8201     2.5656     0.3889
 26.840884  -0.131769  19.4367  18.1580  17.5295  17.1363  16.9168    0.07930000   0.00007180  23762.150    21.525098   0.573082   3.226554    -872.096 0   0.232348   0.196377   0.112219   0.020284  -0.050889   -18.4858   -19.7286   -20.2729   -20.5742   -20.7225     1.2427     1.7871     0.3013
 26.786705  -0.090991  18.2874  17.3155  16.9251  16.6472  16.5403    0.08500000   0.00007325  25490.843    21.959798   0.594124   3.345026     856.597 0   0.162525   0.041281   0.078960  -0.043911  -0.052908   -19.7195   -20.5701   -20.9982   -21.1532   -21.2511     0.8507     1.2787     0.1550
 26.779688  -0.068236  18.6229  17.2789  16.7394  16.4568  16.2671    0.08540000   0.00015634  25599.908    46.869553   0.614256   3.458371     965.661 0   0.098646   0.038225   0.036618   0.011481  -0.033536   -19.3303   -20.6139   -21.1518   -21.4093   -21.5539     1.2836     1.8215     0.2575
 26.253775  -0.171435  19.5937  17.9653  17.1854  16.8034  16.2966    0.08000000   0.00013925  23981.808    41.746100   0.616059   3.468522    -652.438 0   0.099339   0.084560   0.033064   0.021583   0.023312   -18.2179   -19.8315   -20.5599   -20.9304   -21.4390     1.6136     2.3420     0.3705
