193.249924  45.025175  19.4477  17.6663  16.7391  16.3239  16.0109    0.07930000   0.00017157  23778.608    51.435392   0.017206   0.092804     272.182 0   0.427375   0.348969   0.136940   0.087821   0.060963   -18.6699   -20.3729   -21.0880   -21.4541   -21.7403     1.7030     2.4182     0.3661
193.267989  45.043816  19.6509  17.8419  16.9530  16.5572  16.2386    0.07530000   0.00018492  22583.366    55.437621   0.030261   0.163222    -923.061 0   0.326627   0.253188   0.095299   0.060829   0.056710   -18.2348   -19.9703   -20.7014   -21.0627   -21.3772     1.7356     2.4666     0.3613
193.263244  45.012459  17.4613  15.5025  14.5918  14.1695  13.8523    0.07770000   0.00020286  23300.140    60.815898   0.032105   0.173168    -206.287 0   0.356584   0.275259   0.099893   0.068472   0.061825   -20.5440   -22.4214   -23.1568   -23.5476   -23.8582     1.8775     2.6128     0.3909
193.291456  45.018115  19.8816  18.0851  17.2008  16.8063  16.5224    0.07910000   0.00015979  23708.847    47.903837   0.047119   0.254154     202.420 0   0.322928   0.251232   0.096630   0.059852   0.054932   -18.1289   -19.8537   -20.5834   -20.9411   -21.2201     1.7248     2.4545     0.3577
193.228647  44.984998  19.3206  17.3516  16.4341  16.0039  15.6748    0.07800000   0.00018608  23385.521    55.785381   0.047809   0.257874    -120.906 0   0.393731   0.305774   0.111493   0.078152   0.064792   -18.7090   -20.5900   -21.3133   -21.7101   -22.0259     1.8810     2.6043     0.3969
193.262634  44.987445  19.2757  17.3770  16.5204  16.1307  15.8077    0.07880000   0.00016632  23617.770    49.861482   0.051509   0.277828     111.343 0   0.221024   0.173056   0.063348   0.037295   0.044683   -18.6217   -20.4725   -21.2193   -21.5830   -21.9134     1.8507     2.5976     0.3636
193.289778  44.999497  19.3755  17.6017  16.7179  16.3151  16.0283    0.07630000   0.00015423  22875.394    46.236991   0.054856   0.295884    -631.033 0   0.325871   0.254868   0.099725   0.060745   0.053915   -18.5594   -20.2622   -20.9909   -21.3547   -21.6347     1.7028     2.4315     0.3638
193.191897  45.088553  18.8585  17.7715  17.3906  17.1433  17.0573    0.08180000   0.00008203  24535.734    24.591975   0.061339   0.330852    1029.307 0   0.122221   0.024649   0.059997  -0.014101  -0.038326   -19.0245   -20.0139   -20.4301   -20.6033   -20.6651     0.9894     1.4057     0.1732
193.317821  45.019135  19.4931  17.6450  16.7557  16.3322  15.9995    0.07700000   0.00015982  23072.088    47.912831   0.064860   0.349843    -434.339 0   0.329086   0.253519   0.092561   0.061382   0.058706   -18.4437   -20.2162   -20.9446   -21.3369   -21.6669     1.7725     2.5009     0.3923
193.145258  45.068094  19.7617  17.7167  16.7876  16.3845  16.0702    0.07970000   0.00016345  23900.804    49.001077   0.068359   0.368718     394.377 0   0.369130   0.285128   0.103277   0.071657   0.063120   -18.3086   -20.2696   -21.0169   -21.3883   -21.6941     1.9610     2.7082     0.3715
193.346875  44.998532  19.9977  18.2189  17.4931  17.1586  16.9471    0.08080000   0.00013568  24225.719    40.675841   0.090664   0.489024     719.292 0   0.071672   0.046852   0.021543   0.012724   0.013069   -17.8079   -19.5619   -20.2624   -20.5881   -20.7999     1.7540     2.4545     0.3257
193.126620  44.966666  20.4313  18.3725  17.4234  17.0072  16.7032    0.07610000   0.00015161  22824.549    45.451535   0.097561   0.526225    -681.878 0   0.428231   0.335238   0.123403   0.087048   0.066931   -17.5790   -19.5448   -20.2821   -20.6619   -20.9458     1.9658     2.7031     0.3798
193.325165  44.961266  19.5701  17.8216  16.9521  16.5653  16.2930    0.07990000   0.00016245  23944.334    48.701285   0.099111   0.534584     437.907 0   0.300755   0.233425   0.094365   0.053159   0.049333   -18.4190   -20.1001   -20.8306   -21.1762   -21.4447     1.6812     2.4116     0.3456
193.203558  44.915075  20.0823  18.4421  17.5923  17.2189  16.9870    0.07840000   0.00013361  23498.752    40.055270   0.119003   0.641877      -7.675 0   0.284591   0.219505   0.093281   0.047684   0.043852   -17.8705   -19.4456   -20.1692   -20.4970   -20.7251     1.5751     2.2987     0.3278
193.074729  45.085581  17.9796  16.3706  15.6221  15.2281  14.9528    0.07800000   0.00014652  23397.152    43.925591   0.120556   0.650256    -109.274 0   0.213700   0.151204   0.072254   0.028200   0.031155   -19.8700   -21.4165   -22.0860   -22.4360   -22.7142     1.5465     2.2161     0.3499
193.050188  44.967615  18.5737  16.9332  16.0509  15.6192  15.3140    0.07610000   0.00015601  22803.743    46.770621   0.141629   0.763921    -702.684 0   0.413088   0.359694   0.151420   0.081474   0.047449   -19.4215   -21.0086   -21.6826   -22.0444   -22.3155     1.5871     2.2611     0.3618
193.384043  45.122125  19.8760  18.0375  17.1466  16.7489  16.4418    0.07740000   0.00016201  23203.666    48.569376   0.141854   0.765132    -302.760 0   0.303403   0.233366   0.086666   0.054665   0.054982   -18.0464   -19.8149   -20.5591   -20.9248   -21.2322     1.7685     2.5127     0.3657
193.060290  45.151423  19.4944  17.9149  17.2083  16.8604  16.6082    0.07870000   0.00015806  23602.420    47.385196   0.167733   0.904723      95.994 0   0.091992   0.058388   0.029303   0.015200   0.015459   -18.2741   -19.8200   -20.4975   -20.8313   -21.0838     1.5459     2.2234     0.3338
193.067197  45.173218  18.0359  16.8057  16.2125  15.8681  15.6584    0.08180000   0.00018056  24509.412    54.130526   0.180683   0.974569    1002.986 1   0.201969   0.154763   0.101140   0.004727  -0.079772   -19.9268   -21.1098   -21.6494   -21.8974   -22.0226     1.1830     1.7226     0.2480
193.151388  44.854503  19.9597  18.2842  17.4030  17.0371  16.7742    0.07670000   0.00014150  22986.227    42.420633   0.186363   1.005209    -520.200 0   0.305693   0.239675   0.100508   0.054402   0.046215   -17.9452   -19.5547   -20.2967   -20.6165   -20.8712     1.6095     2.3515     0.3198
192.965200  45.047392  18.4579  17.7713  17.5657  17.2434  17.2434    0.07870000   0.00007780  23595.735    23.323853   0.186366   1.005226      89.308 0   0.141613   0.021535   0.075033  -0.039270  -0.019814   -19.3603   -19.9268   -20.1859   -20.3939   -20.4133     0.5665     0.8256     0.2080
192.963683  45.075946  18.9720  18.0084  17.5818  17.2997  17.1311    0.08680000   0.00009130  26026.842    27.371051   0.191782   1.034436    2520.415 1   0.160101   0.050636   0.075328  -0.026568  -0.072129   -19.0781   -19.9322   -20.3835   -20.5637   -20.6868     0.8541     1.3054     0.1802
192.970199  45.117822  20.0921  18.4174  17.5919  17.1064  16.8391    0.07750000   0.00018297  23236.344    54.853026   0.201115   1.084777    -270.083 0   0.428853   0.402219   0.169134   0.082856   0.042640   -17.9798   -19.6279   -20.2203   -20.6195   -20.8466     1.6481     2.2405     0.3992
192.949298  45.126194  19.7390  18.0328  17.1493  16.7362  16.4385    0.07790000   0.00015921  23349.096    47.729957   0.218044   1.176090    -157.331 0   0.391767   0.328072   0.136729   0.078087   0.050085   -18.2858   -19.9283   -20.6205   -20.9749   -21.2446     1.6425     2.3347     0.3545
193.434776  44.862050  20.2794  18.4937  17.4999  16.9965  16.6671    0.07610000   0.00014355  22806.052    43.035207   0.224699   1.211986    -700.375 0   0.611109   0.524292   0.194448   0.112568   0.082986   -17.9138   -19.6127   -20.2766   -20.6982   -20.9980     1.6989     2.3628     0.4215
192.947788  45.161029  19.3098  17.6777  16.9731  16.5816  16.3650    0.07780000   0.00017830  23320.765    53.452995   0.235976   1.272812    -185.661 0   0.206110   0.139106   0.073998   0.023238   0.020655   -18.5448   -20.1099   -20.7494   -21.0902   -21.3042     1.5651     2.2046     0.3407
193.426676  44.843081  19.0648  17.4484  16.5861  16.1535  15.9129    0.07670000   0.00015333  22981.130    45.967178   0.235984   1.272853    -525.296 0   0.404758   0.371336   0.159560   0.078170   0.037645   -18.9392   -20.5222   -21.1727   -21.5239   -21.7240     1.5830     2.2335     0.3512
192.891332  45.013140  18.7488  17.3959  16.7566  16.3333  16.0696    0.07780000   0.00008945  23318.367    26.816435   0.238809   1.288090    -188.060 0   0.252508   0.216192   0.116943   0.029049  -0.031599   -19.1522   -20.4688   -21.0089   -21.3443   -21.5473     1.3166     1.8566     0.3354
193.163019  44.786127  19.3937  17.5513  16.6799  16.3026  16.0250    0.07890000   0.00014814  23647.299    44.411255   0.250931   1.353474     140.872 0   0.278468   0.213311   0.084695   0.047439   0.048584   -18.5456   -20.3229   -21.0657   -21.4057   -21.6844     1.7772     2.5200     0.3400
193.020415  45.239654  19.6488  18.1897  17.4051  16.9837  16.7318    0.07710000   0.00015628  23111.870    46.851565   0.253631   1.368040    -394.557 0   0.336321   0.298726   0.138558   0.058191   0.017133   -18.2981   -19.7196   -20.3440   -20.6851   -20.8959     1.4215     2.0459     0.3410
193.572848  45.107660  19.6051  17.7904  16.8974  16.4775  16.1630    0.07680000   0.00015325  23016.476    45.943194   0.254871   1.374726    -489.951 0   0.360821   0.285469   0.110499   0.070759   0.057482   -18.3548   -20.0941   -20.8122   -21.1923   -21.4936     1.7393     2.4574     0.3802
192.863444  45.116467  19.1432  17.3092  16.4030  15.9928  15.6652    0.08480000   0.00016340  25417.934    48.986088   0.270946   1.461431    1911.507 1   0.377551   0.298996   0.114423   0.075154   0.059735   -19.0524   -20.8078   -21.5295   -21.9004   -22.2126     1.7554     2.4771     0.3709
193.029117  45.306354  18.7822  17.6332  17.1445  16.7399  16.6751    0.08010000   0.00009414  24012.087    28.222462   0.307577   1.659013     505.660 0   0.178028   0.107743   0.092071  -0.026036  -0.099680   -19.1108   -20.1895   -20.6625   -20.9490   -20.9402     1.0787     1.5517     0.2865
193.093690  45.341878  18.4963  17.2517  16.6287  16.2524  16.0290    0.07830000   0.00018192  23461.308    54.538244   0.323340   1.744037     -45.119 0   0.227818   0.206349   0.116887   0.017451  -0.064750   -19.3728   -20.5959   -21.1295   -21.4064   -21.5476     1.2231     1.7567     0.2769
193.452829  44.747859  19.0948  17.6421  16.9984  16.6754  16.4863    0.07790000   0.00014341  23353.743    42.993236   0.326215   1.759546    -152.684 0   0.079011   0.040608   0.023597   0.011127   0.005682   -18.6173   -20.0316   -20.6583   -20.9688   -21.1524     1.4143     2.0410     0.3105
193.429355  44.737216  18.2924  16.5052  15.6488  15.2637  15.0162    0.07800000   0.00015420  23373.439    46.227997   0.328026   1.769313    -132.988 0   0.286923   0.220771   0.088970   0.049339   0.048422   -19.6304   -21.3514   -22.0760   -22.4215   -22.6681     1.7210     2.4456     0.3455
193.349025  44.691620  19.4587  17.8511  17.0820  16.7049  16.4847    0.08550000   0.00014390  25640.979    43.140135   0.351725   1.897141    2134.552 1   0.219057   0.155181   0.075213   0.028534   0.029866   -18.6175   -20.1612   -20.8503   -21.1808   -21.4023     1.5437     2.2329     0.3304
192.872605  45.297036  18.3429  16.4340  15.5061  15.1046  14.7885    0.08700000   0.00017980  26089.798    53.902684   0.364602   1.966596    2583.372 1   0.364482   0.281246   0.101733   0.070427   0.062786   -19.9140   -21.7396   -22.4880   -22.8582   -23.1667     1.8257     2.5741     0.3702
192.755647  45.184806  19.6021  18.3364  17.6361  17.2010  16.9955    0.07710000   0.00009825  23108.812    29.454609   0.366857   1.978758    -397.615 0   0.272651   0.299842   0.145830   0.039017  -0.041740   -18.2811   -19.5740   -20.1203   -20.4486   -20.5733     1.2929     1.8392     0.3283
192.953469  44.714635  19.9945  18.2239  17.3611  16.9890  16.6829    0.08660000   0.00015706  25967.003    47.085403   0.372695   2.010247    2460.577 1   0.287001   0.220836   0.088962   0.049367   0.048456   -18.1563   -19.8608   -20.5917   -20.9242   -21.2294     1.7044     2.4354     0.3325
192.801107  45.268615  20.2075  18.3430  17.4480  17.0494  16.6999    0.08680000   0.00013146  26018.628    39.410717   0.382968   2.065660    2512.201 1   0.314708   0.241422   0.086810   0.057643   0.057825   -17.9972   -19.7884   -20.5288   -20.8983   -21.2479     1.7912     2.5316     0.3694
193.301002  44.621006  19.4422  18.2456  17.7223  17.3888  17.3509    0.07800000   0.00009859  23369.961    29.556538   0.415010   2.238485    -136.466 0   0.179914   0.103270   0.087251  -0.017616  -0.094694   -18.3736   -19.4935   -20.0008   -20.2294   -20.1903     1.1200     1.6272     0.2286
192.627836  45.054304  19.8957  18.2659  17.3836  16.8766  16.5295    0.07760000   0.00003728  23252.563    11.176263   0.424755   2.291048    -253.864 0   0.478799   0.430286   0.173315   0.093332   0.058526   -18.2077   -19.7890   -20.4144   -20.8414   -21.1537     1.5813     2.2066     0.4270
192.740667  45.298138  18.2290  16.3420  15.4351  15.0262  14.7186    0.07740000   0.00018778  23192.544    56.295028   0.434814   2.345304    -313.883 0   0.336647   0.259670   0.094892   0.063353   0.059460   -19.7267   -21.5367   -22.2788   -22.6562   -22.9599     1.8100     2.5521     0.3774
192.873867  45.397281  18.9409  18.2203  17.9611  17.6564  17.6602    0.07890000   0.00007681  23663.308    23.027059   0.442168   2.384971     156.881 0   0.145437   0.021701   0.077244  -0.043716  -0.018233   -18.8654   -19.4623   -19.7770   -19.9607   -19.9824     0.5969     0.9116     0.1837
193.103234  44.597144  19.2980  17.3876  16.5093  16.1109  15.8172    0.07560000   0.00017998  22666.948    53.956647   0.444510   2.397603    -839.479 1   0.281596   0.216034   0.081114   0.049084   0.051863   -18.5513   -20.3962   -21.1395   -21.5059   -21.8024     1.8448     2.5882     0.3664
193.252763  44.588056  20.2131  18.4611  17.7188  17.3675  17.0859    0.07790000   0.00013652  23354.132    40.927666   0.445092   2.400741    -152.295 0   0.063115   0.046365   0.019381   0.012829   0.013168   -17.4831   -19.2183   -19.9336   -20.2784   -20.5603     1.7353     2.4506     0.3447
193.302672  44.567681  20.6489  18.0633  17.2128  16.7963  16.5082    0.07790000   0.00014259  23353.383    42.747407   0.468101   2.524849    -153.044 0   0.232615   0.181290   0.065862   0.039273   0.046558   -17.2168   -19.7511   -20.4861   -20.8760   -21.1714     2.5343     3.2693     0.3899
192.614753  45.252102  19.8008  18.0919  17.2585  16.8173  16.4993    0.07680000   0.00015050  23027.388    45.118765   0.485773   2.620168    -479.038 0   0.367818   0.305164   0.129291   0.071903   0.046548   -18.1661   -19.8123   -20.4699   -20.8537   -21.1463     1.6462     2.3038     0.3838
192.461385  45.104794  19.7110  18.0314  17.2438  16.8347  16.5773    0.07810000   0.00014669  23420.266    43.976556   0.546603   2.948276     -86.160 0   0.242332   0.179541   0.079653   0.035937   0.037966   -18.1912   -19.8080   -20.4957   -20.8611   -21.1205     1.6168     2.3045     0.3654
193.648871  45.492276  20.5010  18.4689  17.6345  17.2100  16.9230    0.07290000   0.00017074  21856.669    51.186564   0.547297   2.952017   -1649.758 1   0.199953   0.159188   0.058215   0.034446   0.041673   -17.2086   -19.2000   -19.9334   -20.3341   -20.6284     1.9913     2.7248     0.4007
193.990624  44.866530  19.7199  17.8343  16.9648  16.5514  16.2441    0.07180000   0.00015980  21531.724    47.906835   0.563944   3.041809   -1974.703 1   0.267584   0.206028   0.074461   0.046294   0.051580   -18.0242   -19.8483   -20.5862   -20.9714   -21.2840     1.8240     2.5620     0.3852
193.421273  44.481828  19.7225  18.1527  17.3410  16.9021  16.5307    0.07430000   0.00015475  22267.175    46.392883   0.567638   3.061734   -1239.252 1   0.381420   0.324547   0.139119   0.074155   0.043774   -18.2101   -19.7230   -20.3493   -20.7232   -21.0642     1.5129     2.1392     0.3739
193.678541  45.517110  18.8570  17.6989  17.1145  16.7970  16.5577    0.07220000   0.00014072  21644.446    42.186795   0.579552   3.125995   -1861.981 1   0.195967   0.150762   0.101261  -0.000647  -0.089805   -18.8276   -19.9405   -20.4754   -20.6910   -20.8411     1.1129     1.6478     0.2156
192.392629  45.051974  18.7539  17.3080  16.6640  16.2804  16.0041    0.07760000   0.00015286  23261.556    45.826275   0.590742   3.186355    -244.870 0   0.223336   0.160287   0.093528   0.019030  -0.014846   -19.0941   -20.4769   -21.0542   -21.3633   -21.6057     1.3829     1.9601     0.3091
192.646109  45.468422  20.0733  18.2137  17.2796  16.9055  16.6000    0.08730000   0.00015369  26157.342    46.075103   0.599104   3.231458    2650.915 1   0.328355   0.253401   0.093336   0.061220   0.058160   -18.1576   -19.9422   -20.7163   -21.0583   -21.3607     1.7846     2.5587     0.3420
192.371428  45.057214  19.9917  18.3771  17.5008  17.0882  16.7849    0.07790000   0.00017155  23351.134    51.429396   0.605906   3.268147    -155.292 0   0.390654   0.328500   0.137721   0.077521   0.048893   -18.0320   -19.5845   -20.2700   -20.6224   -20.8971     1.5524     2.2380     0.3524
