189.881960  15.492405  19.1112  17.2653  16.4312  16.0165  15.6785    0.07560000   0.00016904  22656.485    50.676917   0.006865   0.033873    1348.436 1   0.203485   0.161469   0.059070   0.034860   0.042178   -18.6600   -20.4639   -21.1956   -21.5861   -21.9314     1.8039     2.5356     0.3905
189.873162  15.536738  19.8473  18.0577  17.1774  16.7836  16.4393    0.06970000   0.00016133  20882.883    48.365517   0.048663   0.240095    -425.166 0   0.329309   0.255430   0.096065   0.061572   0.057015   -17.8726   -19.5883   -20.3092   -20.6686   -21.0083     1.7157     2.4367     0.3593
189.901121  15.439001  19.3161  17.4947  16.6041  16.1688  15.8627    0.07190000   0.00016672  21540.598    49.981399   0.052817   0.260587     232.549 0   0.365967   0.288090   0.109615   0.071908   0.059324   -18.5082   -20.2517   -20.9638   -21.3614   -21.6550     1.7435     2.4556     0.3976
189.885351  15.432044  16.9853  15.5108  14.8201  14.4439  14.2313    0.07290000   0.00017285  21842.129    51.819126   0.058515   0.288703     534.080 0   0.218395   0.150528   0.084546   0.021463   0.006073   -20.7428   -22.1494   -22.7741   -23.0872   -23.2845     1.4066     2.0314     0.3131
189.934975  15.531969  19.6702  17.8513  17.0207  16.6267  16.3147    0.07090000   0.00015463  21263.919    46.356908   0.060853   0.300237     -44.129 0   0.151620   0.126969   0.046787   0.029098   0.034067   -17.9305   -19.7247   -20.4751   -20.8514   -21.1684     1.7942     2.5447     0.3763
189.822947  15.464857  19.2912  17.4379  16.5272  16.0861  15.6874    0.06980000   0.00015901  20933.008    47.669999   0.068428   0.337610    -375.040 0   0.454722   0.367515   0.140810   0.093708   0.065661   -18.5572   -20.3233   -21.0073   -21.4013   -21.7720     1.7661     2.4501     0.3940
189.830049  15.546808  19.9599  18.1281  17.2666  16.9036  16.5565    0.07100000   0.00017040  21298.425    51.084635   0.079871   0.394066      -9.623 0   0.198045   0.157610   0.057895   0.034108   0.041273   -17.6870   -19.4784   -20.2402   -20.5794   -20.9337     1.7914     2.5531     0.3392
189.951702  15.433025  19.4283  17.7616  16.8616  16.4588  16.1546    0.07180000   0.00016146  21537.000    48.404490   0.083513   0.412036     228.952 0   0.384708   0.316321   0.129465   0.077088   0.052796   -18.4329   -20.0313   -20.7444   -21.0948   -21.3747     1.5983     2.3115     0.3504
189.956215  15.549142  18.9453  17.1209  16.3258  15.9674  15.6813    0.06910000   0.00015582  20725.582    46.713661   0.087546   0.431933    -582.467 0   0.099646   0.084895   0.033166   0.021653   0.023399   -18.5440   -20.3537   -21.0971   -21.4439   -21.7318     1.8096     2.5530     0.3469
189.851953  15.585273  18.9145  16.9239  16.0184  15.6157  15.3188    0.07130000   0.00017086  21372.954    51.222539   0.101237   0.499482      64.905 0   0.307053   0.235492   0.084402   0.055755   0.057027   -18.8539   -20.7729   -21.5273   -21.9014   -22.1995     1.9190     2.6734     0.3741
189.782505  15.472291  18.8396  17.2823  16.5054  16.0841  15.8153    0.07010000   0.00015955  21024.535    47.831887   0.104028   0.513254    -283.514 0   0.314169   0.258030   0.119461   0.054461   0.028732   -18.8956   -20.3968   -21.0351   -21.3914   -21.6345     1.5012     2.1395     0.3563
189.804785  15.590794  19.7036  17.9378  17.1069  16.7343  16.4648    0.07180000   0.00016403  21533.433    49.174957   0.128919   0.636059     225.384 0   0.250756   0.189132   0.077988   0.039932   0.043587   -18.0237   -19.7279   -20.4476   -20.7822   -21.0553     1.7042     2.4239     0.3345
189.853828  15.361710  20.1489  18.2399  17.3747  17.0283  16.6976    0.07210000   0.00017866  21629.786    53.560921   0.133091   0.656643     321.737 0   0.167245   0.137528   0.050515   0.030765   0.036644   -17.4827   -19.3620   -20.1402   -20.4669   -20.8034     1.8793     2.6575     0.3266
190.022789  15.536943  19.1441  17.7623  17.0626  16.7067  16.4740    0.07160000   0.00014943  21460.103    44.797987   0.137238   0.677103     152.055 0   0.237196   0.178438   0.099626   0.025265  -0.009970   -18.5423   -19.8653   -20.4862   -20.7678   -20.9652     1.3230     1.9439     0.2815
189.904212  15.630283  18.6679  16.7696  15.8780  15.4817  15.1839    0.07080000   0.00017477  21238.197    52.394728   0.140605   0.693718     -69.852 0   0.277765   0.213341   0.077937   0.048511   0.052533   -19.0558   -20.8897   -21.6459   -22.0128   -22.3146     1.8339     2.5901     0.3669
189.788631  15.378864  19.7750  18.0056  17.1913  16.7800  16.5433    0.07130000   0.00016252  21389.622    48.722270   0.147552   0.727992      81.574 0   0.248288   0.186987   0.077288   0.039316   0.043209   -17.9346   -19.6427   -20.3473   -20.7206   -20.9612     1.7081     2.4127     0.3733
190.008143  15.387152  19.3712  17.6266  16.8260  16.4360  16.1731    0.07000000   0.00015624  20992.637    46.839574   0.154602   0.762775    -315.412 0   0.223319   0.164276   0.071431   0.032881   0.038047   -18.2733   -19.9589   -20.6666   -21.0181   -21.2861     1.6856     2.3933     0.3514
189.778571  15.358434  17.6689  15.7522  14.8673  14.4862  14.1763    0.07110000   0.00019277  21323.038    57.790992   0.169454   0.836050      14.990 0   0.273742   0.210077   0.077959   0.047374   0.051384   -20.0600   -21.9131   -22.6658   -23.0164   -23.3303     1.8530     2.6058     0.3505
189.797705  15.646061  18.0403  16.7025  16.1324  15.8613  15.7015    0.07340000   0.00014905  21997.152    44.684066   0.178649   0.881418     689.103 1   0.035490   0.013351   0.007998   0.004961  -0.007663   -19.5198   -20.8354   -21.4002   -21.6682   -21.8154     1.3157     1.8804     0.2681
189.994166  15.648113  19.5116  17.4699  16.4386  15.9123  15.5114    0.06960000   0.00020205  20867.654    60.573066   0.187521   0.925190    -440.395 0   0.686300   0.550680   0.196944   0.119251   0.092286   -18.5801   -20.4862   -21.1638   -21.6124   -21.9863     1.9061     2.5836     0.4486
189.813017  15.286412  19.3372  17.7019  16.8668  16.4674  16.1697    0.07180000   0.00020603  21514.366    61.766240   0.216726   1.069283     206.317 0   0.309768   0.245900   0.106781   0.055429   0.041999   -18.4491   -20.0205   -20.7165   -21.0646   -21.3488     1.5714     2.2674     0.3480
189.694063  15.613765  19.3193  17.7044  16.7398  16.2980  15.8665    0.06890000   0.00020685  20659.867    62.012070   0.224540   1.107834    -648.181 1   0.546941   0.445726   0.167850   0.107477   0.075107   -18.5931   -20.1067   -20.7935   -21.1749   -21.5740     1.5137     2.2004     0.3814
190.130734  15.383197  19.3111  17.5270  16.7461  16.3314  16.0145    0.07420000   0.00015739  22232.908    47.184335   0.256644   1.266227     924.860 1   0.089612   0.083351   0.030443   0.021635   0.022625   -18.3267   -20.1046   -20.8326   -21.2384   -21.5563     1.7778     2.5058     0.4059
189.750560  15.269906  18.3300  16.4257  15.5305  15.1308  14.8069    0.07110000   0.00020775  21320.370    62.281883   0.257666   1.271273      12.321 0   0.304724   0.234211   0.086085   0.055072   0.055632   -19.4299   -21.2637   -22.0108   -22.3795   -22.7039     1.8338     2.5809     0.3687
190.180050  15.445522  19.1668  18.0811  17.7069  17.4240  17.2865    0.07040000   0.00008994  21112.704    26.963334   0.284252   1.402440    -195.345 0   0.164718   0.045240   0.079648  -0.044735  -0.057683   -18.4315   -19.3978   -19.8064   -19.9649   -20.0894     0.9662     1.3748     0.1585
189.586308  15.539552  19.6920  17.9196  17.0895  16.6722  16.3457    0.07250000   0.00016217  21726.409    48.617343   0.295602   1.458439     418.360 0   0.175318   0.142225   0.052609   0.031429   0.037708   -17.9566   -19.6959   -20.4364   -20.8325   -21.1653     1.7393     2.4798     0.3961
189.594217  15.350468  18.9682  17.2019  16.3367  15.8737  15.5271    0.07060000   0.00015758  21176.500    47.241296   0.316521   1.561648    -131.549 0   0.432023   0.365901   0.148945   0.087164   0.055900   -18.8824   -20.5826   -21.2308   -21.6320   -21.9474     1.7002     2.3484     0.4012
190.041691  15.798744  19.6776  18.0676  17.2548  16.8445  16.5268    0.06870000   0.00017057  20584.650    51.135600   0.341681   1.685786    -723.399 1   0.318517   0.257212   0.114107   0.057504   0.038393   -18.0000   -19.5487   -20.2184   -20.5721   -20.8707     1.5487     2.2184     0.3537
190.231093  15.616500  18.7885  16.9825  16.1427  15.7684  15.5053    0.07430000   0.00016330  22276.438    48.956108   0.353122   1.742233     968.390 1   0.245306   0.184927   0.075511   0.038943   0.043576   -19.0079   -20.7536   -21.4840   -21.8217   -22.0894     1.7456     2.4760     0.3377
189.525522  15.387639  18.4256  16.5305  15.6826  15.2990  15.0268    0.07080000   0.00016086  21231.782    48.224615   0.364865   1.800168     -76.267 0   0.259712   0.198058   0.077294   0.043252   0.047438   -19.2801   -21.1135   -21.8407   -22.1902   -22.4666     1.8334     2.5606     0.3496
189.682214  15.179551  19.8899  18.1600  17.3938  17.0528  16.7796    0.07380000   0.00014656  22137.485    43.937583   0.369187   1.821491     829.436 1   0.079854   0.059230   0.025515   0.015866   0.016748   -17.7052   -19.4144   -20.1469   -20.4783   -20.7523     1.7093     2.4418     0.3314
189.515631  15.372583  19.1658  17.5585  16.8028  16.4131  16.1484    0.07050000   0.00015715  21148.289    47.112385   0.378436   1.867127    -159.759 0   0.241767   0.177417   0.083718   0.033530   0.032037   -18.5094   -20.0524   -20.7144   -21.0539   -21.3171     1.5430     2.2050     0.3395
190.276735  15.593629  18.5971  17.2777  16.6133  16.2573  16.0261    0.07440000   0.00013705  22307.437    41.086556   0.387822   1.913435     999.388 1   0.230539   0.182738   0.106032   0.021194  -0.039360   -19.1844   -20.4560   -21.0437   -21.3149   -21.4855     1.2716     1.8593     0.2712
189.758042  15.917214  19.2135  18.1641  17.6310  17.3329  17.1425    0.07350000   0.00008795  22043.679    26.366747   0.444962   2.195350     735.631 1   0.157476   0.176835   0.112837  -0.031319  -0.098633   -18.4684   -19.5372   -20.0063   -20.1602   -20.2833     1.0688     1.5379     0.1539
189.496603  15.729245  19.9416  18.3819  17.6440  17.2393  17.0002    0.06980000   0.00014908  20914.751    44.693060   0.447055   2.205677    -393.298 0   0.241845   0.177076   0.086858   0.031915   0.026888   -17.6939   -19.1889   -19.8366   -20.1863   -20.4204     1.4949     2.1426     0.3498
189.472112  15.292145  18.8695  17.2876  16.5477  16.1464  15.8514    0.06780000   0.00016599  20333.453    49.762550   0.447850   2.209600    -974.595 1   0.193638   0.136072   0.064396   0.026413   0.031212   -18.6545   -20.1788   -20.8470   -21.2103   -21.5101     1.5243     2.1926     0.3633
189.430121  15.571293  20.1140  19.3368  19.0995  18.6973  18.6750    0.07120000   0.00004171  21356.615    12.504343   0.449341   2.216957      48.566 0   0.170257   0.050316   0.088541  -0.084883  -0.039144   -17.4933   -18.1505   -18.4260   -18.6548   -18.7229     0.6573     0.9328     0.2288
190.026021  15.045089  19.1708  17.3309  16.4555  16.0751  15.7519    0.07460000   0.00015862  22376.089    47.553080   0.464594   2.292214    1068.041 1   0.305568   0.236105   0.090599   0.055058   0.053407   -18.6947   -20.4651   -21.1950   -21.5399   -21.8614     1.7704     2.5003     0.3449
190.232556  15.161171  19.6942  18.2876  17.7179  17.4263  17.2404    0.08170000   0.00016744  24488.487    50.197249   0.467095   2.304549    3180.438 1   0.095284   0.039729   0.033459   0.011971  -0.021552   -18.1352   -19.4862   -20.0496   -20.3197   -20.4721     1.3510     1.9145     0.2701
189.454238  15.281630  19.7320  17.9908  17.0980  16.7127  16.3988    0.07170000   0.00015659  21481.299    46.944501   0.467954   2.308787     173.250 0   0.340012   0.270314   0.109034   0.065084   0.052141   -18.0603   -19.7318   -20.4633   -20.8046   -21.1056     1.6715     2.4030     0.3413
189.412147  15.369901  19.8799  18.3046  17.5880  17.2292  16.9663    0.07300000   0.00019219  21872.198    57.617113   0.474892   2.343020     564.149 0   0.092140   0.061540   0.029535   0.016010   0.016882   -17.7218   -19.2665   -19.9511   -20.2964   -20.5601     1.5447     2.2293     0.3453
189.476894  15.227289  18.7054  17.0679  16.1666  15.7743  15.3892    0.06920000   0.00015789  20760.328    47.334231   0.476257   2.349755    -547.721 0   0.384509   0.313193   0.126182   0.077312   0.054886   -19.0752   -20.6414   -21.3557   -21.6992   -22.0618     1.5662     2.2805     0.3434
189.476642  15.216400  19.2054  17.4337  16.5588  16.1675  15.8220    0.07240000   0.00017766  21694.121    53.261128   0.482560   2.380852     386.073 0   0.326021   0.255557   0.100884   0.060809   0.053216   -18.5941   -20.2953   -21.0155   -21.3667   -21.7047     1.7012     2.4215     0.3512
189.465284  15.229078  19.9192  18.0953  17.2068  16.7984  16.5056    0.07310000   0.00016757  21908.233    50.236222   0.484654   2.391185     600.185 1   0.328360   0.255493   0.097456   0.061375   0.055994   -17.9248   -19.6758   -20.4063   -20.7786   -21.0660     1.7510     2.4815     0.3723
189.463382  15.215032  19.6671  17.8565  16.9793  16.5839  16.2958    0.07090000   0.00016289  21249.020    48.833193   0.493892   2.436761     -59.029 0   0.290775   0.223640   0.086606   0.050983   0.051340   -18.0727   -19.8162   -20.5563   -20.9161   -21.2046     1.7435     2.4836     0.3598
189.507583  15.153408  19.6751  17.9790  17.1772  16.7901  16.5862    0.07380000   0.00014388  22130.679    43.134139   0.498561   2.459799     822.631 1   0.242980   0.180273   0.079589   0.036233   0.038384   -18.0831   -19.7165   -20.4176   -20.7613   -20.9674     1.6334     2.3345     0.3437
189.729889  15.015470  17.8710  16.5167  15.8499  15.4940  15.2711    0.07110000   0.00014659  21325.796    43.946576   0.499069   2.462302      17.748 0   0.232323   0.181671   0.104762   0.022655  -0.032882   -19.8165   -21.1202   -21.7100   -21.9838   -22.1512     1.3036     1.8935     0.2738
189.487216  15.172156  20.0540  18.2336  17.4135  17.0238  16.7556    0.06820000   0.00015734  20450.732    47.169345   0.501081   2.472231    -857.316 1   0.224940   0.168224   0.069668   0.034567   0.040697   -17.5141   -19.2778   -19.9993   -20.3539   -20.6282     1.7637     2.4852     0.3546
189.401111  15.303032  19.9230  18.3055  17.5011  17.1381  16.8603    0.07260000   0.00016161  21767.331    48.449459   0.505965   2.496328     459.282 0   0.224731   0.163219   0.074108   0.031770   0.035369   -17.7812   -19.3372   -20.0525   -20.3731   -20.6545     1.5560     2.2713     0.3207
189.471751  15.180828  19.5087  17.5275  16.6076  16.1938  15.8611    0.06920000   0.00019539  20737.124    58.576448   0.507340   2.503112    -570.925 0   0.352028   0.271369   0.098221   0.067255   0.061532   -18.2395   -20.1400   -20.8868   -21.2696   -21.5966     1.9005     2.6473     0.3828
190.434953  15.565685  18.4148  17.5208  17.1872  16.9093  16.8594    0.08090000   0.00007551  24257.857    22.637329   0.531667   2.623138    2949.808 1   0.168942   0.036880   0.084588  -0.071925  -0.031148   -19.4908   -20.2527   -20.6340   -20.7554   -20.8461     0.7619     1.1432     0.1214
190.431681  15.358149  19.0439  17.2499  16.3579  15.9532  15.6401    0.07000000   0.00018076  20970.572    54.190485   0.539639   2.662470    -337.476 0   0.325272   0.253797   0.098442   0.060548   0.054531   -18.7026   -20.4251   -21.1617   -21.5285   -21.8356     1.7225     2.4592     0.3668
189.379712  15.247062  19.7011  18.1997  17.6883  17.3806  17.2289    0.07010000   0.00011262  21015.571    33.762627   0.547652   2.702003    -292.478 0   0.137131   0.057037   0.058915   0.007977  -0.053655   -17.8571   -19.2784   -19.7917   -20.0484   -20.1385     1.4213     1.9346     0.2568
189.851014  16.039606  18.4423  16.8632  16.1747  15.7915  15.5115    0.06960000   0.00015056  20861.598    45.136752   0.550346   2.715297    -446.451 0   0.174425   0.112963   0.061431   0.021432   0.021915   -19.1376   -20.6552   -21.2922   -21.6354   -21.9158     1.5176     2.1546     0.3432
189.317883  15.447500  19.2698  17.4582  16.6054  16.2378  15.9170    0.07570000   0.00016080  22706.461    48.206627   0.551848   2.722704    1398.412 1   0.161129   0.133097   0.049142   0.030023   0.035567   -18.4619   -20.2455   -21.0144   -21.3628   -21.6892     1.7836     2.5524     0.3485
190.429335  15.305932  18.6896  17.5673  17.2520  17.0067  17.0453    0.06920000   0.00007157  20746.418    21.456146   0.552626   2.726545    -561.631 0   0.140520   0.020512   0.074850  -0.039626  -0.017499   -18.8471   -19.8494   -20.2190   -20.3498   -20.3333     1.0023     1.3719     0.1308
189.479291  15.091490  18.8067  17.3643  16.6960  16.3139  16.0728    0.07060000   0.00018713  21173.892    56.100163   0.561170   2.768698    -134.157 0   0.222880   0.157531   0.090452   0.020039  -0.005573   -18.8347   -20.2118   -20.8130   -21.1247   -21.3402     1.3771     1.9783     0.3117
189.305094  15.392447  19.5896  17.8970  17.0167  16.5905  16.2902    0.07150000   0.00014867  21420.951    44.570145   0.570973   2.817066     112.902 0   0.392647   0.328987   0.137071   0.078286   0.050160   -18.2460   -19.8750   -20.5634   -20.9308   -21.2029     1.6289     2.3173     0.3674
189.493582  15.062705  20.2766  18.3780  17.5661  17.2175  16.9003    0.07050000   0.00015881  21149.219    47.610040   0.572739   2.825777    -158.830 0   0.083306   0.077385   0.028466   0.020428   0.021021   -17.2402   -19.1329   -19.8958   -20.2364   -20.5542     1.8927     2.6557     0.3406
189.295541  15.434212  18.3435  16.8637  16.1457  15.8164  15.6429    0.07290000   0.00015739  21844.437    47.184335   0.574464   2.834286     536.389 0   0.089587   0.052686   0.028113   0.013851   0.012620   -19.2558   -20.6987   -21.3921   -21.7071   -21.8794     1.4429     2.1363     0.3150
189.705639  16.048011  18.0685  16.7049  16.1023  15.7556  15.5588    0.07390000   0.00010107  22145.939    30.300024   0.584817   2.885368     837.890 1   0.167198   0.089219   0.067535   0.010579  -0.027356   -19.6138   -20.8994   -21.4803   -21.7700   -21.9289     1.2856     1.8665     0.2897
189.284699  15.428175  18.4324  16.4524  15.5993  15.1859  14.8719    0.07140000   0.00016991  21396.398    50.937737   0.585474   2.888608      88.349 0   0.242119   0.187789   0.068268   0.040979   0.047874   -19.2528   -21.1785   -21.9121   -22.2982   -22.6191     1.9257     2.6592     0.3861
189.304524  15.311292  19.4444  18.1416  17.5376  17.2134  16.9897    0.07340000   0.00016945  22012.711    50.799832   0.590868   2.915221     704.662 1   0.125407   0.061460   0.047813   0.014099  -0.010929   -18.2056   -19.4444   -20.0348   -20.3253   -20.5240     1.2389     1.8292     0.2905
190.488283  15.362040  17.8823  16.5986  15.9945  15.6420  15.4572    0.06970000   0.00016519  20903.719    49.522716   0.591814   2.919891    -404.330 0   0.197785   0.129899   0.088337   0.004910  -0.053866   -19.7061   -20.9219   -21.4844   -21.7535   -21.8795     1.2158     1.7784     0.2691
189.277033  15.435986  18.5673  16.6857  15.8188  15.4313  15.1171    0.07200000   0.00017213  21591.113    51.603276   0.592051   2.921058     283.064 0   0.249768   0.191754   0.072012   0.041834   0.047794   -19.1407   -20.9642   -21.7114   -22.0687   -22.3889     1.8236     2.5707     0.3573
189.271720  15.448130  18.8473  16.9326  16.0794  15.6811  15.3843    0.07160000   0.00016953  21471.945    50.823815   0.596163   2.941348     163.897 0   0.214554   0.168581   0.061831   0.036239   0.043701   -18.8165   -20.6852   -21.4316   -21.8043   -22.1086     1.8687     2.6152     0.3727
190.509223  15.530775  18.6359  17.4778  16.9663  16.6331  16.4317    0.07430000   0.00007858  22270.472    23.557691   0.599249   2.956570     962.424 1   0.182299   0.125302   0.096263  -0.016485  -0.101038   -19.0975   -20.1986   -20.6811   -20.9016   -21.0184     1.1011     1.5836     0.2205
189.392772  15.125944  19.4342  18.4875  18.0981  17.8099  17.7148    0.07650000   0.00008145  22927.348    24.418096   0.601135   2.965876    1619.299 1   0.151020   0.093870   0.096992  -0.083865  -0.056527   -18.3104   -19.1999   -19.5924   -19.6998   -19.8222     0.8895     1.2821     0.1073
189.460957  15.039972  19.8072  18.0530  17.1805  16.7138  16.4232    0.07070000   0.00014506  21208.188    43.487894   0.610682   3.012978     -99.861 0   0.432235   0.372982   0.153715   0.086357   0.053137   -18.0467   -19.7416   -20.3949   -20.7942   -21.0516     1.6949     2.3482     0.3993
190.520647  15.559085  20.2179  18.3604  17.5289  17.1266  16.8254    0.07040000   0.00015128  21109.886    45.352603   0.612755   3.023207    -198.163 0   0.196047   0.154737   0.058034   0.033350   0.040413   -17.4118   -19.2279   -19.9627   -20.3404   -20.6486     1.8162     2.5510     0.3776
189.928831  16.103362  19.2307  17.9934  17.4781  17.2248  17.1111    0.07040000   0.00017757  21116.961    53.234147   0.614110   3.029893    -191.088 0   0.019501   0.006108   0.004027   0.002751  -0.007748   -18.2224   -19.4463   -19.9595   -20.2116   -20.3148     1.2239     1.7371     0.2520
189.969281  16.099962  19.5500  18.2962  17.6489  17.2667  17.0231    0.06980000   0.00009058  20915.111    27.155201   0.614413   3.031387    -392.938 0   0.237569   0.207178   0.115810   0.022418  -0.050059   -18.0813   -19.3047   -19.8606   -20.1494   -20.3205     1.2234     1.7793     0.2888
190.530650  15.488878  18.5564  16.7025  15.8214  15.4272  15.1176    0.06980000   0.00017466  20934.297    52.361751   0.618542   3.051760    -373.751 0   0.290194   0.222746   0.080555   0.051552   0.054539   -19.1275   -20.9139   -21.6529   -22.0181   -22.3306     1.7865     2.5254     0.3652
189.320989  15.188120  19.1325  17.8071  17.1746  16.8187  16.5482    0.07770000   0.00017086  23288.268    51.222539   0.625154   3.084382    1980.219 1   0.217069   0.163000   0.099838   0.014789  -0.047263   -18.7332   -20.0046   -20.5739   -20.8448   -21.0532     1.2713     1.8407     0.2709
189.602298  16.051373  18.2457  16.8328  16.2569  15.9019  15.6801    0.06430000   0.00016398  19289.396    49.159967   0.625174   3.084480   -2018.653 1   0.176947   0.097779   0.073191   0.007441  -0.038611   -19.1673   -20.5010   -21.0523   -21.3416   -21.5173     1.3337     1.8850     0.2893
189.270329  15.258789  18.0659  16.2136  15.3367  14.9399  14.6270    0.07630000   0.00017588  22869.878    52.727498   0.639444   3.154885    1561.829 1   0.284620   0.218462   0.081621   0.049901   0.052452   -19.8278   -21.6139   -22.3540   -22.7190   -23.0345     1.7861     2.5262     0.3651
189.235366  15.337482  19.1024  17.2637  16.4238  16.0522  15.7672    0.07210000   0.00015631  21608.381    46.860559   0.648010   3.197147     300.332 0   0.233573   0.176631   0.070800   0.037104   0.043135   -18.5956   -20.3773   -21.1114   -21.4493   -21.7403     1.7818     2.5158     0.3379
189.358373  15.085093  18.3034  16.4943  15.6499  15.2242  14.9675    0.07180000   0.00016297  21531.334    48.857177   0.652383   3.218726     223.285 0   0.267456   0.204389   0.079166   0.045185   0.048714   -19.4406   -21.1866   -21.9058   -22.2975   -22.5578     1.7460     2.4652     0.3917
190.528148  15.711402  19.5851  18.1499  17.3251  16.8020  16.5105    0.06060000   0.00004906  18173.988    14.707818   0.654544   3.229388   -3134.060 1   0.436278   0.415545   0.173555   0.084997   0.043654   -17.9580   -19.3725   -19.9553   -20.3898   -20.6400     1.4145     1.9973     0.4345
190.572384  15.460370  19.7263  17.9243  17.1006  16.7237  16.4369    0.06980000   0.00016332  20935.317    48.962104   0.659446   3.253569    -372.732 0   0.210339   0.158714   0.064494   0.032947   0.039796   -17.8777   -19.6281   -20.3576   -20.7029   -20.9966     1.7504     2.4799     0.3454
189.284931  15.138556  18.3213  16.7078  15.9002  15.4858  15.1728    0.07270000   0.00018698  21786.008    56.055194   0.680058   3.355268     477.959 0   0.333111   0.272645   0.119987   0.061626   0.039455   -19.5155   -21.0685   -21.7235   -22.0795   -22.3703     1.5530     2.2080     0.3560
189.845199  16.173865  19.4258  17.9463  17.2761  16.8569  16.6252    0.06450000   0.00008615  19328.699    25.827120   0.684690   3.378118   -1979.350 1   0.235905   0.172193   0.093275   0.025813   0.006080   -18.0529   -19.4687   -20.0600   -20.4117   -20.6237     1.4158     2.0071     0.3517
189.662589  14.838500  19.7532  17.8879  17.0516  16.7061  16.4274    0.07360000   0.00016576  22059.898    49.693598   0.687442   3.391699     751.850 1   0.159230   0.123908   0.050468   0.027647   0.032967   -17.9365   -19.7665   -20.5294   -20.8521   -21.1361     1.8300     2.5928     0.3227
190.576664  15.690193  18.6652  17.6229  17.1907  16.9376  16.7974    0.06980000   0.00007819  20910.794    23.440772   0.692319   3.415759    -397.255 0   0.119451   0.028723   0.056307  -0.006357  -0.048730   -18.8480   -19.7995   -20.2593   -20.4497   -20.5476     0.9516     1.4114     0.1904
190.608791  15.520430  18.3560  17.2634  16.8151  16.5077  16.3203    0.07580000   0.00008655  22731.913    25.947037   0.694490   3.426470    1423.864 1   0.173177   0.095730   0.092129  -0.041483  -0.092483   -19.4119   -20.4270   -20.8717   -21.0455   -21.1819     1.0152     1.4599     0.1738
189.206539  15.249664  18.5514  17.4494  17.0183  16.7399  16.5579    0.07570000   0.00008630  22689.253    25.872089   0.700181   3.454552    1381.204 1   0.139106   0.040831   0.065911  -0.009204  -0.064775   -19.1583   -20.1620   -20.6182   -20.8215   -20.9479     1.0037     1.4599     0.2033
189.524524  14.876299  19.0426  17.9290  17.4438  17.0941  16.9437    0.07680000   0.00008685  23017.765    26.036975   0.707409   3.490211    1709.716 1   0.175296   0.129349   0.100233  -0.027873  -0.102196   -18.7318   -19.7994   -20.2555   -20.4771   -20.5532     1.0677     1.5237     0.2216
189.245867  15.138869  18.2797  16.3216  15.4116  15.0028  14.6916    0.07320000   0.00018155  21932.546    54.427321   0.712383   3.514754     624.498 1   0.329730   0.253464   0.091573   0.061499   0.059309   -19.5474   -21.4293   -22.1774   -22.5561   -22.8651     1.8818     2.6299     0.3787
190.126141  16.169882  19.0641  17.5125  16.7521  16.3459  16.0881    0.06860000   0.00017476  20580.303    52.391730   0.716884   3.536958    -727.746 1   0.268740   0.205780   0.096923   0.040385   0.030654   -18.5572   -20.0459   -20.6974   -21.0471   -21.2951     1.4886     2.1402     0.3497
189.239545  15.130839  20.2760  18.2876  17.3844  16.9310  16.6161    0.07370000   0.00015360  22097.882    46.048122   0.721656   3.560504     789.833 1   0.381632   0.297467   0.109659   0.075377   0.063004   -17.6391   -19.5433   -20.2587   -20.6778   -20.9804     1.9042     2.6196     0.4191
