160.695639  12.493544  19.2819  17.4203  16.5415  16.1102  15.8186    0.06600000   0.00017620  19775.150    52.823431   0.017892   0.081275     302.131 0   0.295881   0.227085   0.081886   0.052980   0.055374   -18.2856   -20.0784   -20.8120   -21.2144   -21.5084     1.7928     2.5264     0.4024
160.656837  12.465159  19.8011  18.0534  17.2382  16.8645  16.6152    0.06180000   0.00015181  18521.808    45.511493   0.063070   0.286501    -951.211 0   0.234042   0.173882   0.074237   0.035424   0.040017   -17.5825   -19.2701   -19.9856   -20.3205   -20.5744     1.6875     2.4031     0.3349
160.670846  12.440114  18.0919  16.1749  15.3103  14.9047  14.5852    0.06390000   0.00018431  19171.308    55.254748   0.076507   0.347539    -301.711 0   0.240913   0.187000   0.067906   0.040761   0.047741   -19.3502   -21.2133   -21.9588   -22.3372   -22.6637     1.8631     2.6086     0.3785
160.615622  12.502679  18.8899  17.2438  16.1437  15.5612  15.2503    0.06500000   0.00016300  19480.874    48.866171   0.084569   0.384161       7.855 0   0.758886   0.823639   0.303676   0.161738   0.114608   -19.1286   -20.8395   -21.4196   -21.8602   -22.1239     1.7109     2.2910     0.4406
160.679458  12.426481  19.0699  17.0888  16.1851  15.7763  15.4631    0.06670000   0.00016393  20002.662    49.144978   0.086694   0.393813     529.643 0   0.320336   0.245887   0.088497   0.059087   0.058429   -18.5417   -20.4483   -21.1946   -21.5740   -21.8866     1.9067     2.6530     0.3794
160.603209  12.486821  18.9551  17.1249  16.1954  15.7585  15.4111    0.06500000   0.00016808  19497.392    50.389116   0.099172   0.450497      24.373 0   0.467902   0.383108   0.148264   0.095977   0.065659   -18.7724   -20.5178   -21.2125   -21.5971   -21.9142     1.7454     2.4401     0.3846
160.624553  12.576247  19.3219  17.6727  16.8910  16.5023  16.2486    0.06550000   0.00014840  19640.723    44.489201   0.100205   0.455190     167.704 0   0.225866   0.162844   0.076077   0.030964   0.033164   -18.1590   -19.7452   -20.4402   -20.7837   -21.0396     1.5862     2.2811     0.3436
160.734108  12.409731  19.1192  17.4035  16.6174  16.2451  15.9612    0.05990000   0.00015351  17963.774    46.021140   0.105434   0.478942   -1509.245 1   0.164413   0.120907   0.053540   0.026173   0.031369   -18.1267   -19.7989   -20.5177   -20.8626   -21.1517     1.6722     2.3909     0.3449
160.617315  12.378376  19.7475  18.4240  17.6317  17.1238  16.8370    0.06390000   0.00009205  19161.055    27.595896   0.155685   0.707212    -311.964 0   0.374077   0.451270   0.192205   0.075778   0.011636   -17.8277   -19.2284   -19.7617   -20.1531   -20.3758     1.4007     1.9339     0.3915
160.513520  12.432849  20.1211  18.2272  17.4508  17.0852  16.8190    0.06440000   0.00015296  19299.080    45.856254   0.199565   0.906543    -173.940 0   0.107589   0.086477   0.035554   0.021643   0.023925   -17.2046   -19.0774   -19.8029   -20.1546   -20.4231     1.8728     2.5983     0.3517
160.483455  12.455922  20.0801  18.2061  17.2758  16.7705  16.3709    0.06480000   0.00016650  19423.433    49.915444   0.220088   0.999769     -49.586 0   0.542651   0.454700   0.173533   0.105441   0.073353   -17.6942   -19.4802   -20.1294   -20.5666   -20.9341     1.7860     2.4352     0.4372
160.537044  12.665773  17.9447  16.6172  16.0166  15.6747  15.4488    0.06370000   0.00019293  19101.606    57.838959   0.223720   1.016271    -371.413 0   0.177144   0.098646   0.072583   0.008627  -0.033530   -19.4268   -20.6758   -21.2503   -21.5282   -21.7120     1.2490     1.8235     0.2779
160.603760  12.720261  19.0364  17.3272  16.5510  16.1690  15.9092    0.06430000   0.00016143  19272.038    48.395496   0.230727   1.048097    -200.981 0   0.189318   0.135821   0.061791   0.027346   0.032922   -18.3890   -20.0447   -20.7468   -21.0944   -21.3598     1.6557     2.3579     0.3476
160.666502  12.749681  19.1270  17.1542  16.2719  15.8674  15.5544    0.06270000   0.00019193  18810.028    57.539166   0.241799   1.098395    -662.991 0   0.286614   0.219991   0.079454   0.050665   0.054139   -18.3407   -20.2469   -20.9887   -21.3644   -21.6808     1.9062     2.6479     0.3757
160.814155  12.282324  19.4323  17.8816  17.1198  16.7265  16.4418    0.06590000   0.00014972  19766.306    44.884927   0.253010   1.149321     293.287 0   0.273289   0.212222   0.102317   0.041593   0.025436   -18.1306   -19.6202   -20.2721   -20.6047   -20.8733     1.4896     2.1415     0.3326
160.793703  12.266989  18.3742  16.5217  15.6798  15.2657  14.9724    0.06350000   0.00017849  19033.973    53.509956   0.259355   1.178143    -439.046 0   0.233872   0.180287   0.067693   0.038692   0.045663   -19.0471   -20.8460   -21.5754   -21.9605   -22.2607     1.7989     2.5282     0.3851
160.414623  12.611834  19.0520  17.8781  17.4986  17.2119  17.1470    0.05260000   0.00009458  15760.239    28.354371   0.298238   1.354773   -3712.780 1   0.162964   0.044104   0.078578  -0.041178  -0.058209   -17.8878   -18.9429   -19.3568   -19.5238   -19.5717     1.0550     1.4690     0.1669
160.860750  12.786885  20.0815  18.2679  17.4354  17.0775  16.8454    0.06320000   0.00014433  18959.864    43.269045   0.317044   1.440202    -513.155 0   0.226515   0.167427   0.072023   0.033795   0.038925   -17.3222   -19.0767   -19.8138   -20.1334   -20.3707     1.7545     2.4916     0.3197
160.833535  12.200376  19.8186  18.2947  17.5812  17.1759  16.9362    0.06570000   0.00015341  19688.990    45.991161   0.335573   1.524373     215.970 0   0.244677   0.180624   0.092132   0.030690   0.019128   -17.7056   -19.1655   -19.7905   -20.1343   -20.3625     1.4598     2.0849     0.3439
160.448592  12.737828  19.5518  17.6875  16.8237  16.4421  16.1517    0.06290000   0.00017093  18850.860    51.243525   0.335990   1.526267    -622.159 0   0.261675   0.200147   0.076544   0.044095   0.048591   -17.8979   -19.7007   -20.4409   -20.7900   -21.0849     1.8028     2.5430     0.3492
160.917717  12.782641  18.8643  17.0203  16.2283  15.8743  15.6110    0.06340000   0.00015341  18997.009    45.991161   0.344284   1.563941    -476.010 0   0.096897   0.080827   0.032193   0.020759   0.022379   -18.4379   -20.2658   -21.0092   -21.3518   -21.6167     1.8279     2.5713     0.3426
160.767992  12.865228  19.4537  17.7103  16.9111  16.5198  16.2024    0.06430000   0.00015780  19263.854    47.307250   0.360685   1.638446    -209.165 0   0.132577   0.108304   0.042746   0.025616   0.029400   -17.9149   -19.6340   -20.3677   -20.7419   -21.0630     1.7191     2.4528     0.3742
160.751541  12.869789  20.0027  18.3511  17.5431  17.0692  16.7681    0.06400000   0.00010719  19178.773    32.134754   0.362680   1.647509    -294.246 0   0.386294   0.334230   0.144145   0.074448   0.041495   -17.6094   -19.2090   -19.8269   -20.2311   -20.4992     1.5995     2.2175     0.4042
160.434106  12.161609  17.8746  16.2131  15.4553  15.0612  14.7797    0.06320000   0.00016738  18940.858    50.179262   0.435858   1.979926    -532.162 0   0.187766   0.133924   0.061617   0.026899   0.032276   -19.4903   -21.0980   -21.7835   -22.1428   -22.4297     1.6077     2.2932     0.3594
160.229584  12.354595  19.1673  17.6682  16.9796  16.5651  16.2785    0.06370000   0.00009068  19085.597    27.185180   0.486691   2.210840    -387.422 0   0.248903   0.187368   0.097961   0.031004   0.010642   -18.2759   -19.7135   -20.3127   -20.6602   -20.9265     1.4376     2.0368     0.3475
160.403458  12.900416  18.4835  17.3222  16.9816  16.7280  16.5829    0.05200000   0.00008311  15593.765    24.915751   0.486851   2.211564   -3879.254 1   0.144836   0.028335   0.074063  -0.032276  -0.036882   -18.4089   -19.4537   -19.8400   -19.9872   -20.1277     1.0448     1.4311     0.1473
160.173163  12.315033  18.1944  17.1294  16.7679  16.5171  16.3461    0.05390000   0.00008657  16144.633    25.953033   0.551894   2.507031   -3328.386 1   0.141750   0.029250   0.071805  -0.027338  -0.040965   -18.7775   -19.7300   -20.1340   -20.2857   -20.4430     0.9525     1.3566     0.1517
160.211918  12.196128  18.7345  17.5068  17.1498  16.8317  16.6625    0.05390000   0.00008608  16152.248    25.806135   0.572320   2.599817   -3320.771 1   0.170695   0.056759   0.084256  -0.055301  -0.064065   -18.2663   -19.3801   -19.7646   -19.9431   -20.1035     1.1138     1.4983     0.1785
160.378118  12.007808  19.6032  17.9730  17.1378  16.6988  16.3601    0.05410000   0.00017301  16211.697    51.867093   0.593692   2.696900   -3261.322 1   0.380875   0.321812   0.137119   0.074495   0.045326   -17.6372   -19.2083   -19.8588   -20.2352   -20.5447     1.5711     2.2216     0.3764
160.392115  13.052363  18.2122  17.0338  16.5317  16.2455  16.0187    0.05190000   0.00009399  15560.068    28.177493   0.620662   2.819414   -3912.951 1   0.138738   0.053645   0.061336   0.004203  -0.063705   -18.6742   -19.7675   -20.2773   -20.5064   -20.6653     1.0933     1.6031     0.2291
160.382848  11.966279  17.3728  15.9749  15.3210  14.9679  14.7432    0.05380000   0.00014547  16113.965    43.610809   0.626928   2.847876   -3359.055 1   0.193677   0.120503   0.076300   0.014606  -0.008849   -19.6683   -20.9930   -21.6027   -21.8941   -22.0953     1.3247     1.9344     0.2914
160.434176  11.876147  18.8445  17.3830  16.6663  16.3397  16.1167    0.06380000   0.00015380  19129.127    46.108080   0.685957   3.116023    -343.892 0   0.094822   0.056866   0.030381   0.014700   0.013813   -18.4445   -19.8680   -20.5583   -20.8692   -21.0913     1.4235     2.1138     0.3109
160.320792  13.092459  18.2211  17.0003  16.5164  16.2542  16.1024    0.06450000   0.00017735  19339.252    53.168192   0.690837   3.138189    -133.767 0   0.109545   0.035251   0.046228   0.006470  -0.052902   -19.1313   -20.2778   -20.7726   -20.9951   -21.0875     1.1465     1.6414     0.2224
160.009140  12.368683  18.4047  17.2658  16.7660  16.4296  16.2521    0.05350000   0.00008744  16046.541    26.213853   0.690982   3.138850   -3426.478 1   0.177675   0.131839   0.100265  -0.023890  -0.103085   -18.6039   -19.6970   -20.1652   -20.3775   -20.4758     1.0931     1.5613     0.2122
160.412947  13.180566  18.4775  17.2407  16.7523  16.4898  16.2678    0.05170000   0.00021928  15496.332    65.738490   0.727147   3.303132   -3976.687 1   0.116186   0.039765   0.049816   0.007028  -0.055134   -18.3779   -19.5383   -20.0368   -20.2565   -20.4163     1.1604     1.6588     0.2197
160.350785  13.159621  17.7621  16.4106  15.8061  15.4903  15.2489    0.06730000   0.00015473  20165.720    46.386887   0.734184   3.335097     692.700 0   0.114137   0.053942   0.042135   0.013597  -0.011678   -19.6662   -20.9575   -21.5502   -21.8375   -22.0536     1.2913     1.8840     0.2873
160.516416  11.766948  19.4071  18.1869  17.7038  17.3882  17.2155    0.05430000   0.00008048  16268.837    24.127297   0.765148   3.475756   -3204.182 1   0.167008   0.072463   0.075663  -0.013376  -0.084578   -17.6275   -18.7531   -19.2394   -19.4660   -19.5675     1.1257     1.6120     0.2266
159.929543  12.641894  19.9845  18.1850  17.3796  17.0059  16.7396    0.05340000   0.00015656  16004.510    46.935507   0.765394   3.476875   -3468.509 1   0.183140   0.136967   0.057901   0.028850   0.035131   -17.0298   -18.7831   -19.5094   -19.8541   -20.1266     1.7533     2.4797     0.3446
159.929914  12.338477  19.9099  18.3397  17.7662  17.4827  17.3406    0.05410000   0.00016822  16223.359    50.431087   0.772998   3.511416   -3249.660 1   0.048612   0.019070   0.012272   0.006695  -0.009031   -16.9982   -18.5389   -19.1056   -19.3835   -19.5099     1.5407     2.1074     0.2779
