230.781122  30.861690  18.6050  16.7104  15.8439  15.4364  15.1340    0.07230000   0.00018006  21663.333    53.980630   0.016768   0.084635    -187.340 0   0.271261   0.208583   0.075922   0.047059   0.051812   -19.1367   -20.9686   -21.7025   -22.0811   -22.3882     1.8319     2.5658     0.3786
230.786196  30.866189  20.6043  18.5937  17.6988  17.2986  17.0403    0.07210000   0.00015518  21614.077    46.521794   0.021366   0.107844    -236.596 0   0.299576   0.229859   0.082582   0.053908   0.055990   -17.1597   -19.1005   -19.8482   -20.2197   -20.4801     1.9409     2.6885     0.3715
230.758240  30.823164  19.5516  17.5674  16.6825  16.2716  15.9743    0.07230000   0.00015734  21688.995    47.169345   0.030475   0.153822    -161.678 0   0.299965   0.230173   0.082798   0.054000   0.055987   -18.2188   -20.1332   -20.8707   -21.2528   -21.5521     1.9144     2.6519     0.3821
230.785152  30.813573  18.8273  17.2275  16.6255  16.3659  16.1214    0.07240000   0.00008374  21718.615    25.104620   0.031481   0.158900    -132.059 0   0.061888   0.027844   0.016798   0.008394  -0.001902   -18.7080   -20.2738   -20.8647   -21.1159   -21.3501     1.5658     2.1567     0.2512
230.769056  30.874474  19.6591  17.6938  16.7757  16.3422  16.0173    0.07120000   0.00016931  21354.966    50.757861   0.031813   0.160575    -495.707 0   0.391825   0.304393   0.111106   0.077703   0.064558   -18.1697   -20.0476   -20.7724   -21.1725   -21.4843     1.8779     2.6027     0.4001
230.785015  30.877493  17.9105  15.7925  14.8822  14.4611  14.2029    0.07340000   0.00018446  22019.666    55.299717   0.032539   0.164242     168.993 0   0.343934   0.264817   0.095778   0.065153   0.060770   -19.9580   -21.9969   -22.7382   -23.1286   -23.3825     2.0389     2.7801     0.3905
230.780156  30.894269  20.4599  18.5209  17.6655  17.2532  16.9804    0.07110000   0.00017892  21307.899    53.638867   0.049329   0.248990    -542.774 0   0.248538   0.190746   0.071828   0.041533   0.047530   -17.2438   -19.1250   -19.8615   -20.2435   -20.5223     1.8812     2.6177     0.3820
230.745527  30.898361  20.2877  18.4050  17.5306  17.1456  16.8867    0.07350000   0.00015429  22042.600    46.254978   0.062309   0.314506     191.927 0   0.279402   0.214163   0.082870   0.048127   0.050131   -17.5161   -19.3336   -20.0767   -20.4270   -20.6879     1.8175     2.5606     0.3503
230.816906  30.788492  20.3722  18.5025  17.6556  17.2384  16.9470    0.07400000   0.00015969  22190.188    47.873858   0.063566   0.320849     339.515 0   0.245238   0.189451   0.069652   0.041378   0.047933   -17.4154   -19.2293   -19.9564   -20.3453   -20.6433     1.8139     2.5410     0.3889
230.713564  30.822125  18.7157  16.8015  15.9556  15.5922  15.2878    0.07790000   0.00014157  23344.539    42.441618   0.063853   0.322299    1493.866 1   0.134115   0.114370   0.042561   0.027032   0.030913   -19.0515   -20.9459   -21.7200   -22.0679   -22.3762     1.8945     2.6685     0.3479
230.802702  30.921167  18.1809  16.5958  15.7643  15.3385  15.0582    0.07680000   0.00016688  23010.750    50.029365   0.078022   0.393817    1160.077 1   0.372200   0.321989   0.141182   0.070400   0.037217   -19.7904   -21.3253   -21.9760   -22.3310   -22.5781     1.5349     2.1856     0.3550
230.811762  30.766786  19.7989  18.1395  17.2320  16.7121  16.3584    0.07360000   0.00014596  22056.631    43.757707   0.082019   0.413991     205.957 0   0.524455   0.464038   0.180943   0.100814   0.068261   -18.2561   -19.8550   -20.4795   -20.9192   -21.2404     1.5990     2.2234     0.4398
230.687374  30.825472  20.1568  18.4905  17.7228  17.3896  17.0946    0.07950000   0.00012593  23822.558    37.752864   0.084391   0.425962    1971.885 1   0.066352   0.051804   0.021053   0.014312   0.014596   -17.6081   -19.2599   -19.9968   -20.3233   -20.6186     1.6518     2.3887     0.3265
230.790402  30.938198  18.0968  16.7356  16.0839  15.7300  15.5218    0.07730000   0.00015312  23168.711    45.904221   0.093414   0.471506    1318.038 1   0.197046   0.124292   0.079744   0.013246  -0.017464   -19.7347   -21.0232   -21.6303   -21.9177   -22.0952     1.2884     1.8956     0.2874
230.848217  30.751279  19.3994  17.6721  16.8531  16.4594  16.1699    0.07370000   0.00015145  22080.314    45.403568   0.109173   0.551050     229.641 0   0.241924   0.181965   0.074691   0.038076   0.042950   -18.3760   -20.0433   -20.7551   -21.1121   -21.4065     1.6673     2.3791     0.3571
230.803654  30.964924  19.8551  18.1066  17.2267  16.8596  16.6021    0.07320000   0.00015552  21944.478    46.623723   0.121228   0.611899      93.805 0   0.300901   0.233318   0.093578   0.053312   0.049963   -17.9432   -19.6241   -20.3643   -20.6911   -20.9453     1.6809     2.4211     0.3268
230.840919  30.959316  20.3753  18.4471  17.5447  17.1649  16.9036    0.07410000   0.00014800  22220.287    44.369284   0.124663   0.629234     369.614 0   0.301359   0.231609   0.085301   0.054222   0.055132   -17.4713   -19.3298   -20.0859   -20.4346   -20.6968     1.8584     2.6145     0.3487
230.730359  30.984833  17.8269  16.2562  15.5361  15.1838  14.8498    0.08010000   0.00013152  24019.522    39.428704   0.146955   0.741756    2168.849 1   0.019953   0.015245   0.005607   0.004462   0.004260   -19.9080   -21.4740   -22.1845   -22.5356   -22.8694     1.5660     2.2765     0.3512
230.712104  30.707079  20.0614  18.2530  17.4166  17.0009  16.7086    0.07680000   0.00015417  23029.097    46.219003   0.150755   0.760935    1178.424 1   0.221743   0.171340   0.064920   0.036545   0.043708   -17.7594   -19.5174   -20.2474   -20.6347   -20.9342     1.7580     2.4880     0.3873
230.844832  30.986473  19.2762  17.7840  17.0674  16.6943  16.4480    0.07750000   0.00017032  23233.796    51.060651   0.151105   0.762704    1383.122 1   0.214632   0.146996   0.078735   0.023803   0.017848   -18.5815   -20.0060   -20.6544   -20.9726   -21.2129     1.4246     2.0729     0.3182
230.606480  30.775856  19.9025  18.2376  17.5758  17.2191  17.0366    0.07500000   0.00017469  22483.025    52.370744   0.166580   0.840812     632.352 1   0.138844   0.081067   0.050476   0.017527   0.012628   -17.8079   -19.4150   -20.0463   -20.3700   -20.5476     1.6071     2.2383     0.3238
230.979080  30.846624  18.7121  17.2011  16.4540  16.0077  15.6630    0.07790000   0.00016647  23338.933    49.906450   0.168354   0.849766    1488.260 1   0.324502   0.274027   0.127449   0.056472   0.024238   -19.2455   -20.7060   -21.3065   -21.6818   -21.9943     1.4605     2.0610     0.3753
230.573422  30.792908  19.7679  17.9686  17.1092  16.7482  16.4588    0.08070000   0.00014342  24187.345    42.996234   0.187324   0.945515    2336.672 1   0.262430   0.199265   0.081013   0.042919   0.045570   -18.2017   -19.9379   -20.6790   -21.0019   -21.2940     1.7361     2.4773     0.3229
230.597956  30.959958  19.0416  17.1978  16.3742  15.9772  15.6698    0.07360000   0.00013590  22061.487    40.741795   0.196100   0.989814     210.814 0   0.159583   0.130139   0.049198   0.029347   0.034775   -18.6485   -20.4628   -21.2055   -21.5827   -21.8955     1.8144     2.5570     0.3771
230.601691  30.725699  19.0527  17.2364  16.4862  16.1698  15.9098    0.07880000   0.00013686  23630.721    41.029596   0.196123   0.989928    1780.048 1   0.060319   0.043280   0.018195   0.012008   0.012312   -18.6840   -20.4833   -21.2084   -21.5186   -21.7789     1.7993     2.5244     0.3102
230.946886  30.705620  19.8880  18.1291  17.2733  16.8978  16.5738    0.07420000   0.00014982  22252.245    44.914906   0.198053   0.999669     401.572 0   0.286483   0.220493   0.089573   0.049088   0.047802   -17.9467   -19.6396   -20.3645   -20.6995   -21.0222     1.6929     2.4178     0.3350
230.896152  31.019173  18.7697  17.5418  16.9512  16.6079  16.3763    0.07390000   0.00018453  22150.885    55.320702   0.199434   1.006641     300.212 0   0.200864   0.149066   0.098799   0.004102  -0.077298   -18.9462   -20.1223   -20.6627   -20.9113   -21.0615     1.1761     1.7164     0.2486
230.844638  31.039573  19.3648  17.3996  16.5225  16.1078  15.7826    0.07450000   0.00014965  22330.731    44.863941   0.201641   1.017784     480.058 0   0.276582   0.212752   0.076278   0.048447   0.053080   -18.4688   -20.3702   -21.1108   -21.4976   -21.8275     1.9014     2.6420     0.3869
230.679539  31.027925  18.9672  17.1679  16.3407  15.9863  15.6962    0.08070000   0.00015617  24206.112    46.818588   0.203351   1.026413    2355.439 1   0.152464   0.118785   0.048730   0.026841   0.031764   -18.8925   -20.6581   -21.4152   -21.7477   -22.0428     1.7656     2.5228     0.3325
230.866834  31.060644  19.7206  17.9203  17.0497  16.6490  16.3696    0.07480000   0.00013480  22431.941    40.412023   0.227339   1.147491     581.268 1   0.292042   0.224631   0.086362   0.051414   0.051885   -18.1160   -19.8489   -20.5812   -20.9470   -21.2268     1.7329     2.4652     0.3658
230.861622  31.066282  17.6869  15.7620  14.8657  14.4469  14.1254    0.07470000   0.00020203  22396.026    60.567070   0.231348   1.167728     545.352 1   0.322940   0.248069   0.089543   0.059763   0.058587   -20.1777   -22.0277   -22.7655   -23.1545   -23.4748     1.8500     2.5878     0.3890
230.600542  30.669334  18.9526  17.2213  16.4837  16.1538  15.8710    0.08170000   0.00012875  24507.674    38.598279   0.235367   1.188015    2657.001 1   0.051008   0.037196   0.015050   0.010500   0.010569   -18.8325   -20.5500   -21.2654   -21.5908   -21.8736     1.7175     2.4329     0.3254
230.514830  30.897437  19.7128  18.1603  17.4327  17.1016  16.8195    0.07360000   0.00019848  22079.205    59.502807   0.236135   1.191890     228.532 0   0.045321   0.031816   0.012910   0.008996   0.009076   -17.8630   -19.4020   -20.1107   -20.4379   -20.7201     1.5390     2.2477     0.3272
230.521342  30.767897  19.7249  18.3333  17.6511  17.2969  17.0401    0.07730000   0.00018198  23177.734    54.556232   0.237512   1.198837    1327.061 1   0.145543   0.086788   0.052829   0.018183   0.014278   -18.0551   -19.3879   -20.0362   -20.3557   -20.6086     1.3328     1.9811     0.3196
230.926149  31.049385  18.6146  16.5834  15.6202  15.1527  14.8041    0.07400000   0.00017760  22196.214    53.243141   0.238491   1.203783     345.541 0   0.515680   0.413918   0.155482   0.104429   0.072580   -19.4434   -21.3728   -22.0776   -22.4940   -22.8108     1.9294     2.6342     0.4164
230.507294  30.794839  19.5034  17.6180  16.7146  16.3328  16.0194    0.07950000   0.00015401  23820.579    46.171036   0.241966   1.221319    1969.906 1   0.296659   0.227916   0.083927   0.053052   0.054569   -18.4918   -20.3085   -21.0679   -21.4188   -21.7337     1.8167     2.5761     0.3509
230.498088  30.822284  19.9876  18.3954  17.5826  17.2317  16.9724    0.07900000   0.00016641  23680.666    49.888463   0.245666   1.239996    1829.993 1   0.244369   0.180582   0.082479   0.035301   0.035476   -17.9416   -19.4700   -20.1847   -20.4884   -20.7479     1.5284     2.2431     0.3037
230.578702  30.666866  20.2906  18.2971  17.4886  17.1068  16.7748    0.07270000   0.00014935  21805.015    44.774004   0.249995   1.261847     -45.658 0   0.123375   0.107494   0.039754   0.025942   0.029142   -17.3365   -19.3141   -20.0548   -20.4228   -20.7580     1.9776     2.7184     0.3680
230.559575  30.677290  19.2351  17.5027  16.7986  16.4858  16.2087    0.07890000   0.00013052  23650.207    39.128912   0.254800   1.286099    1799.534 1   0.040983   0.026634   0.010982   0.007504   0.007574   -18.4667   -20.1848   -20.8732   -21.1826   -21.4597     1.7181     2.4065     0.3093
231.064461  30.953024  19.0009  17.3007  16.5703  16.1595  15.8835    0.07360000   0.00014489  22070.091    43.436929   0.264696   1.336052     219.418 0   0.197177   0.138207   0.065873   0.026468   0.030952   -18.7268   -20.3680   -21.0261   -21.3975   -21.6780     1.6412     2.2993     0.3714
230.471275  30.818190  19.0309  17.1063  16.1790  15.7877  15.4492    0.08320000   0.00015594  24940.904    46.749636   0.268974   1.357642    3090.231 1   0.348155   0.269836   0.099529   0.066517   0.060030   -19.0938   -20.9401   -21.6971   -22.0553   -22.3874     1.8463     2.6033     0.3583
230.476550  30.771401  19.9729  18.2854  17.4984  17.1588  16.8592    0.07980000   0.00012250  23916.363    36.724576   0.273205   1.378998    2065.690 1   0.086294   0.069240   0.028383   0.018288   0.019383   -17.7990   -19.4694   -20.2156   -20.5451   -20.8458     1.6704     2.4166     0.3295
231.075851  30.731736  19.9305  18.2962  17.5015  17.1126  16.7939    0.07370000   0.00014484  22093.835    43.421940   0.275763   1.391912     243.162 0   0.170529   0.131966   0.053379   0.028848   0.034754   -17.7735   -19.3692   -20.0853   -20.4497   -20.7743     1.5957     2.3118     0.3644
230.492603  30.718705  19.6201  17.7432  16.8618  16.4785  16.1629    0.07950000   0.00015858  23820.579    47.541088   0.279486   1.410702    1969.906 1   0.287251   0.220544   0.081766   0.050638   0.053119   -18.3657   -20.1759   -20.9185   -21.2707   -21.5888     1.8102     2.5528     0.3522
230.784616  31.126013  18.9571  17.1442  16.3013  15.9251  15.6283    0.07370000   0.00015542  22089.728    46.593744   0.281016   1.418427     239.055 0   0.236559   0.179922   0.070671   0.038197   0.044346   -18.8129   -20.5692   -21.3028   -21.6466   -21.9495     1.7563     2.4899     0.3437
230.530770  30.661783  19.1790  17.2473  16.3697  15.9588  15.6330    0.07320000   0.00015616  21939.622    46.815590   0.283662   1.431782      88.948 0   0.297262   0.228149   0.082318   0.053320   0.055524   -18.6157   -20.4782   -21.2100   -21.5919   -21.9199     1.8626     2.5944     0.3819
230.783076  30.559680  19.3744  17.6683  16.8521  16.4311  16.0928    0.07770000   0.00015276  23290.606    45.796296   0.285320   1.440149    1439.933 1   0.178407   0.143186   0.053671   0.031426   0.037845   -18.4527   -20.1236   -20.8502   -21.2490   -21.5937     1.6709     2.3976     0.3988
230.505888  30.682921  20.1759  18.3544  17.4716  17.0877  16.7649    0.08110000   0.00014838  24303.125    44.483205   0.287878   1.453063    2452.452 1   0.303177   0.233841   0.089037   0.054465   0.053617   -17.8481   -19.6003   -20.3382   -20.6876   -21.0095     1.7522     2.4902     0.3493
231.025273  31.044531  18.7234  17.2167  16.5559  16.1578  15.9095    0.07340000   0.00010663  21991.066    31.966870   0.288234   1.454859     140.393 0   0.228627   0.163636   0.090900   0.022957   0.002345   -19.0298   -20.4715   -21.0596   -21.3897   -21.6174     1.4417     2.0298     0.3302
230.479887  30.710891  18.8307  17.4836  16.9675  16.6555  16.3586    0.07660000   0.00013271  22965.391    39.785457   0.292763   1.477717    1114.718 1   0.158352   0.074535   0.067261   0.005261  -0.054948   -18.9240   -20.1873   -20.6961   -20.9461   -21.1828     1.2633     1.7721     0.2500
231.099894  30.953409  19.6749  17.9558  16.9875  16.4467  16.0658    0.07850000   0.00015649  23544.770    46.914522   0.292875   1.478283    1694.097 1   0.594972   0.493223   0.183575   0.110947   0.080683   -18.5699   -20.1872   -20.8459   -21.3140   -21.6647     1.6174     2.2760     0.4682
230.782397  31.140642  18.8797  17.6159  16.9891  16.6548  16.4078    0.07430000   0.00014191  22276.438    42.543548   0.295642   1.492250     425.765 0   0.135484   0.071171   0.051528   0.015194  -0.002485   -18.8069   -20.0064   -20.6136   -20.9115   -21.1409     1.1995     1.8066     0.2980
230.508945  30.660357  18.4287  17.2329  16.7387  16.3751  16.1329    0.07540000   0.00008860  22607.559    26.561612   0.299091   1.509660     756.886 1   0.185432   0.123366   0.093608  -0.011739  -0.095904   -19.3157   -20.4494   -20.9138   -21.1721   -21.3301     1.1337     1.5982     0.2583
230.616301  30.582046  19.8685  17.9462  17.0233  16.6038  16.2788    0.07740000   0.00014167  23201.778    42.471598   0.299380   1.511117    1351.105 1   0.381671   0.296595   0.108593   0.075190   0.063489   -18.1322   -19.9694   -20.7043   -21.0904   -21.4037     1.8372     2.5721     0.3861
230.613913  30.579455  18.4921  17.3927  16.9396  16.5588  16.4386    0.07790000   0.00008710  23339.952    26.111923   0.302637   1.527555    1489.279 1   0.162574   0.143119   0.105318  -0.040810  -0.096594   -19.3035   -20.3835   -20.7988   -21.0335   -21.0979     1.0799     1.4952     0.2347
230.829260  31.145140  18.3391  17.0333  16.5062  16.1755  15.9274    0.07600000   0.00017758  22785.306    53.237145   0.302757   1.528161     934.633 1   0.173977   0.090162   0.076055  -0.001561  -0.069243   -19.4353   -20.6573   -21.1703   -21.4234   -21.6038     1.2220     1.7350     0.2531
230.434755  30.768758  20.1510  18.3453  17.4838  17.1114  16.8506    0.07770000   0.00016299  23286.559    48.863173   0.308556   1.557436    1435.886 1   0.264076   0.200975   0.080406   0.043696   0.046663   -17.7617   -19.5043   -20.2453   -20.5810   -20.8447     1.7426     2.4835     0.3357
230.838238  31.151007  19.3083  18.0518  17.5170  17.1683  16.9416    0.07610000   0.00009999  22801.885    29.976248   0.309660   1.563008     951.211 1   0.187761   0.119603   0.089535  -0.006445  -0.084129   -18.4616   -19.6499   -20.1546   -20.4074   -20.5564     1.1883     1.6931     0.2527
230.411549  30.843709  18.1273  16.9965  16.3734  15.9847  15.7305    0.08090000   0.00010125  24266.431    30.353986   0.318915   1.609721    2415.758 1   0.217776   0.250060   0.132009   0.016117  -0.080815   -19.8271   -20.9902   -21.4952   -21.7680   -21.9253     1.1631     1.6681     0.2728
230.439487  30.709359  18.4340  17.2095  16.6483  16.3136  16.1114    0.07640000   0.00017961  22908.551    53.845723   0.324622   1.638529    1057.878 1   0.186718   0.118372   0.089671  -0.007994  -0.086832   -19.3616   -20.5178   -21.0503   -21.2873   -21.4107     1.1562     1.6887     0.2370
230.916365  31.149688  19.9779  18.1128  17.2534  16.5596  16.5116    0.07530000   0.00016212  22587.113    48.602353   0.325493   1.642921     736.440 1   0.267184   0.205814   0.074136   0.046238   0.051645   -17.8483   -19.6521   -20.3798   -21.0457   -21.0991     1.8037     2.5315     0.6659
230.700826  31.163499  18.2992  17.3257  16.9386  16.6150  16.5120    0.07750000   0.00008660  23238.952    25.962027   0.326220   1.646590    1388.279 1   0.152189   0.102136   0.098210  -0.075690  -0.064918   -19.4960   -20.4195   -20.8027   -20.9524   -21.0661     0.9234     1.3066     0.1497
231.026342  31.096883  18.2936  16.4136  15.5346  15.0884  14.7404    0.07310000   0.00018001  21925.022    53.965640   0.327252   1.651804      74.349 0   0.331785   0.254863   0.091720   0.061998   0.059731   -19.5538   -21.3569   -22.0728   -22.4892   -22.8350     1.8031     2.5189     0.4165
230.412615  30.749312  19.4799  17.6171  16.7168  16.3500  16.0285    0.08080000   0.00014757  24227.698    44.240373   0.332081   1.676178    2377.024 1   0.300042   0.230626   0.085233   0.053868   0.054813   -18.5541   -20.3475   -21.1024   -21.4378   -21.7602     1.7934     2.5483     0.3354
230.404492  30.744537  20.1464  18.2543  17.3824  16.9926  16.6380    0.07970000   0.00015033  23893.729    45.067800   0.340145   1.716879    2043.056 1   0.247097   0.191639   0.069103   0.042112   0.048835   -17.8019   -19.6385   -20.3879   -20.7507   -21.1120     1.8366     2.5860     0.3628
230.479205  30.623407  19.9604  18.3903  17.6514  17.2792  17.0196    0.07880000   0.00013428  23637.496    40.256131   0.342247   1.727490    1786.823 1   0.190268   0.129323   0.065193   0.024159   0.027078   -17.9063   -19.4154   -20.0902   -20.4214   -20.6839     1.5092     2.1839     0.3312
230.899641  31.172536  18.2222  16.4408  15.5090  15.0474  14.6858    0.07990000   0.00017589  23954.796    52.730495   0.342503   1.728780    2104.123 1   0.507171   0.424794   0.164628   0.101200   0.068562   -19.9733   -21.6723   -22.3439   -22.7421   -23.0711     1.6990     2.3707     0.3982
231.055530  31.104892  18.6124  16.8795  16.0099  15.5412  15.2124    0.07400000   0.00014581  22185.271    43.712738   0.349702   1.765120     334.598 0   0.423654   0.358698   0.146884   0.085285   0.054435   -19.3536   -21.0215   -21.6793   -22.0864   -22.3844     1.6679     2.3257     0.4071
230.419656  30.676814  18.7996  16.8134  15.9166  15.4920  15.1650    0.07830000   0.00018861  23486.611    56.543856   0.354401   1.788837    1635.937 1   0.339061   0.260481   0.093642   0.063824   0.060600   -19.1808   -21.0884   -21.8183   -22.2131   -22.5369     1.9076     2.6376     0.3948
231.078528  31.092501  18.8239  17.5000  16.8570  16.4598  16.1592    0.07290000   0.00008329  21843.508    24.969714   0.354450   1.789082      -7.165 0   0.237727   0.197569   0.111559   0.023149  -0.041212   -18.9235   -20.2072   -20.7642   -21.0730   -21.3093     1.2837     1.8407     0.3088
231.066763  31.104289  19.0332  17.3706  16.5604  16.1846  15.9016    0.07350000   0.00015109  22042.300    45.295642   0.355787   1.795832     191.627 0   0.248036   0.185311   0.080299   0.037902   0.040105   -18.7393   -20.3392   -21.0443   -21.3777   -21.6629     1.5999     2.3051     0.3334
230.380169  30.759405  18.9481  17.2371  16.4228  15.9971  15.6962    0.08080000   0.00014729  24209.770    44.156431   0.356288   1.798361    2359.097 1   0.226273   0.172730   0.067337   0.036454   0.043331   -19.0121   -20.6696   -21.3785   -21.7733   -22.0811     1.6575     2.3664     0.3948
230.924390  31.180676  18.6837  17.1300  16.3350  15.9071  15.5784    0.08100000   0.00015328  24292.752    45.952188   0.356951   1.801707    2442.079 1   0.348405   0.297681   0.133918   0.063775   0.031664   -19.4040   -20.9070   -21.5382   -21.8960   -22.1926     1.5030     2.1342     0.3578
230.419447  30.669533  20.3092  18.3587  17.4889  17.1003  16.8311    0.07860000   0.00014962  23565.786    44.854948   0.358071   1.807358    1715.113 1   0.278028   0.213148   0.080285   0.048143   0.051290   -17.6426   -19.5282   -20.2652   -20.6216   -20.8940     1.8856     2.6226     0.3565
230.437732  30.631835  19.2783  17.4461  16.6086  16.2075  15.9164    0.07550000   0.00015516  22642.575    46.515798   0.365118   1.842932     791.902 1   0.219095   0.167679   0.065363   0.035388   0.042400   -18.5056   -20.2864   -21.0216   -21.3927   -21.6908     1.7808     2.5160     0.3711
230.397233  30.682706  19.8282  17.9775  17.0960  16.6853  16.4326    0.07930000   0.00016011  23782.236    47.999770   0.368829   1.861662    1931.563 1   0.313751   0.241629   0.089173   0.057410   0.056454   -18.1758   -19.9543   -20.6834   -21.0623   -21.3141     1.7786     2.5076     0.3789
230.373965  30.717364  20.0006  18.1269  17.2673  16.8733  16.6794    0.07870000   0.00014815  23580.386    44.414253   0.373655   1.886021    1729.713 1   0.289867   0.223424   0.089965   0.050177   0.048733   -17.9658   -19.7731   -20.4992   -20.8534   -21.0459     1.8073     2.5334     0.3542
230.387101  30.684880  20.0103  18.2363  17.4652  17.1034  16.8688    0.07110000   0.00013140  21322.169    39.392729   0.375729   1.896487    -528.504 1   0.144300   0.104554   0.048046   0.023658   0.027630   -17.5892   -19.3234   -20.0380   -20.3754   -20.6140     1.7343     2.4488     0.3374
230.947518  31.195288  18.5033  16.6465  15.7146  15.2506  14.8681    0.07320000   0.00018314  21959.108    54.903991   0.377694   1.906407     108.435 0   0.498244   0.409415   0.157313   0.100892   0.068912   -19.4923   -21.2603   -21.9401   -22.3477   -22.6982     1.7680     2.4478     0.4076
230.577542  31.181739  18.4964  17.1256  16.5649  16.2344  16.0436    0.07710000   0.00019548  23104.885    58.603430   0.380144   1.918772    1254.212 1   0.155286   0.074628   0.064782   0.008498  -0.043551   -19.2694   -20.5596   -21.1104   -21.3847   -21.5234     1.2901     1.8410     0.2742
230.443646  30.597591  18.3918  16.4340  15.5205  15.1054  14.7803    0.07850000   0.00017689  23539.164    53.030288   0.382229   1.929298    1688.491 1   0.350479   0.270354   0.098112   0.066896   0.061228   -19.6085   -21.4861   -22.2274   -22.6113   -22.9307     1.8777     2.6189     0.3839
231.154266  31.056222  19.8769  18.0205  17.1540  16.7606  16.4555    0.07320000   0.00015521  21930.808    46.530787   0.382385   1.930083      80.135 0   0.263660   0.201619   0.077345   0.044497   0.048700   -17.8842   -19.6785   -20.4207   -20.7813   -21.0906     1.7944     2.5366     0.3606
230.449820  30.586602  20.1148  18.1161  17.0860  16.5527  16.1313    0.07910000   0.00013577  23721.258    40.702822   0.385483   1.945720    1870.585 1   0.695584   0.557047   0.198512   0.119971   0.093416   -18.2684   -20.1285   -20.8001   -21.2549   -21.6497     1.8602     2.5317     0.4548
230.430765  30.604135  19.7647  17.6911  16.7778  16.3396  16.0141    0.07980000   0.00017354  23938.278    52.025983   0.386613   1.951427    2087.605 1   0.387980   0.301078   0.109732   0.076673   0.064339   -18.3089   -20.2956   -21.0175   -21.4227   -21.7358     1.9867     2.7087     0.4051
230.361454  30.705786  19.2995  17.3832  16.4727  16.0458  15.7452    0.08050000   0.00016408  24123.670    49.189947   0.387773   1.957280    2272.996 1   0.362081   0.281744   0.104297   0.070297   0.061059   -18.7884   -20.6244   -21.3574   -21.7503   -22.0417     1.8360     2.5690     0.3929
230.354306  30.967636  19.0688  17.1456  16.2127  15.7976  15.4193    0.07920000   0.00019092  23746.531    57.236376   0.387952   1.958185    1895.858 1   0.406085   0.318577   0.118142   0.081884   0.064545   -19.0276   -20.8633   -21.5958   -21.9746   -22.3356     1.8357     2.5682     0.3788
230.417798  30.615914  20.0778  18.4038  17.6373  17.2369  17.0250    0.08020000   0.00013106  24055.707    39.290800   0.388320   1.960039    2205.033 1   0.240611   0.176571   0.082248   0.033814   0.033482   -17.8776   -19.4876   -20.1598   -20.5117   -20.7233     1.6100     2.2821     0.3520
230.418640  30.610888  19.8497  17.9972  17.0827  16.6119  16.2722    0.08040000   0.00015684  24112.607    47.019449   0.390727   1.972189    2261.934 1   0.474034   0.398979   0.157537   0.095810   0.063483   -18.3474   -20.1249   -20.7979   -21.2070   -21.5144     1.7774     2.4505     0.4091
230.829126  30.455201  18.9624  17.5834  16.9060  16.4768  16.2252    0.07660000   0.00008508  22978.522    25.506342   0.391805   1.977634    1127.849 1   0.262884   0.216995   0.114600   0.034060  -0.012371   -18.8969   -20.2300   -20.8050   -21.1536   -21.3588     1.3331     1.9081     0.3487
230.326549  30.833021  17.6997  16.0980  15.2955  14.9090  14.6023    0.07410000   0.00015662  22219.448    46.953495   0.392073   1.978984     368.775 0   0.289426   0.226139   0.101137   0.048391   0.037831   -20.1350   -21.6734   -22.3509   -22.6847   -22.9808     1.5384     2.2159     0.3338
230.919416  30.469792  19.8961  17.7731  16.7616  16.2734  15.8955    0.07480000   0.00015953  22419.289    47.825891   0.393062   1.983979     568.616 1   0.644204   0.513865   0.186440   0.116347   0.086902   -18.2926   -20.2853   -20.9694   -21.3875   -21.7359     1.9927     2.6767     0.4181
231.032888  31.182502  18.0774  16.4560  15.6820  15.2277  15.0014    0.06940000   0.00003655  20807.995    10.957414   0.399921   2.018596   -1042.678 1   0.271444   0.207463   0.093175   0.042538   0.037452   -19.5752   -21.1326   -21.7924   -22.1960   -22.4172     1.5574     2.2171     0.4037
231.007140  30.493147  20.4106  18.4387  17.6064  17.2547  16.8970    0.07870000   0.00016365  23590.848    49.061036   0.401039   2.024242    1740.175 1   0.122171   0.106066   0.039488   0.025663   0.028786   -17.3881   -19.3439   -20.1096   -20.4475   -20.8083     1.9558     2.7215     0.3379
230.424374  30.585803  19.1407  17.2906  16.4692  16.0713  15.7661    0.07180000   0.00013958  21528.396    41.845031   0.402475   2.031491    -322.277 0   0.160769   0.131260   0.049419   0.029556   0.035059   -18.4966   -20.3172   -21.0568   -21.4348   -21.7455     1.8206     2.5602     0.3780
230.368291  30.651264  19.6181  17.6651  16.7706  16.3454  16.0398    0.07910000   0.00016298  23705.039    48.860175   0.405347   2.045984    1854.366 1   0.312561   0.239862   0.086568   0.057097   0.057407   -18.3821   -20.2624   -21.0036   -21.3993   -21.7052     1.8803     2.6215     0.3957
230.741710  31.249187  19.4903  18.0350  17.2554  16.8471  16.5922    0.07650000   0.00015969  22919.523    47.873858   0.405738   2.047960    1068.850 1   0.332093   0.296544   0.138418   0.056823   0.014079   -18.4353   -19.8551   -20.4765   -20.8033   -21.0154     1.4198     2.0412     0.3267
231.119818  31.130635  19.3456  17.8792  17.0797  16.6064  16.2847    0.07790000   0.00004693  23352.423    14.069260   0.406462   2.051611    1501.750 1   0.403548   0.385995   0.166020   0.077063   0.032906   -18.6910   -20.1399   -20.7194   -21.1037   -21.3813     1.4488     2.0284     0.3843
230.361796  31.030853  19.5430  18.0894  17.3771  16.9592  16.6536    0.07940000   0.00015401  23808.648    46.171036   0.406591   2.052264    1957.975 1   0.281264   0.231881   0.116932   0.041390   0.004360   -18.4129   -19.8171   -20.4145   -20.7568   -21.0254     1.4042     2.0016     0.3424
230.968060  31.219559  19.8723  18.0904  17.2891  16.9179  16.6593    0.07530000   0.00013867  22589.212    41.572220   0.406864   2.053644     738.539 1   0.193696   0.140098   0.062675   0.028190   0.034066   -17.8805   -19.6088   -20.3326   -20.6694   -20.9338     1.7283     2.4522     0.3367
230.736006  30.438450  18.5722  17.5752  17.2096  16.9261  16.7475    0.07300000   0.00008179  21883.350    24.520025   0.408548   2.062140      32.677 0   0.170445   0.049777   0.084475  -0.062354  -0.052569   -19.1078   -19.9841   -20.3844   -20.5211   -20.7095     0.8763     1.2766     0.1367
230.336411  30.702197  18.8412  16.8963  15.9569  15.5260  15.2498    0.08010000   0.00016774  24003.213    50.287187   0.409152   2.065192    2152.540 1   0.389084   0.302128   0.110240   0.076991   0.064353   -19.2629   -21.1208   -21.8683   -22.2660   -22.5295     1.8579     2.6055     0.3977
230.999530  31.211137  16.8579  14.9007  13.9813  13.5484  13.2440    0.07390000   0.00020420  22144.859    61.217620   0.410629   2.072648     294.186 0   0.376454   0.291733   0.106289   0.073702   0.063378   -21.0336   -22.9061   -23.6400   -24.0404   -24.3344     1.8725     2.6064     0.4003
230.524873  30.497633  18.6227  16.7085  15.8244  15.4198  15.1163    0.08050000   0.00015523  24122.201    46.536783   0.412041   2.079774    2271.527 1   0.286563   0.219988   0.079036   0.050706   0.054334   -19.3897   -21.2373   -21.9805   -22.3567   -22.6639     1.8476     2.5908     0.3763
230.317989  30.738260  19.2085  17.4560  16.6468  16.2805  16.0490    0.07470000   0.00015693  22386.522    47.046430   0.413262   2.085935     535.849 1   0.227229   0.166350   0.073948   0.032907   0.036975   -18.5603   -20.2520   -20.9688   -21.2940   -21.5296     1.6916     2.4084     0.3253
230.349895  30.660991  20.1473  18.4067  17.5691  17.1996  16.9852    0.07350000   0.00013007  22030.159    38.994005   0.414884   2.094123     179.486 0   0.258721   0.195273   0.082997   0.040899   0.042273   -17.6359   -19.3130   -20.0383   -20.3657   -20.5815     1.6772     2.4025     0.3274
230.365976  30.633229  20.0949  18.1372  17.2539  16.8292  16.5130    0.07510000   0.00015429  22508.478    46.254978   0.415979   2.099651     657.805 1   0.310896   0.238514   0.085868   0.056688   0.057314   -17.7905   -19.6758   -20.4065   -20.8020   -21.1188     1.8853     2.6160     0.3955
230.302079  30.787477  20.2381  18.3025  17.4304  17.0235  16.6654    0.07860000   0.00015689  23560.030    47.034439   0.416886   2.104230    1709.357 1   0.262052   0.201896   0.073166   0.044983   0.050737   -17.6977   -19.5732   -20.3165   -20.6953   -21.0591     1.8754     2.6188     0.3787
230.342933  31.024106  17.7867  16.6100  16.1026  15.7120  15.5120    0.07380000   0.00008686  22133.437    26.039973   0.418126   2.110487     282.764 0   0.185697   0.150009   0.103794  -0.012239  -0.102032   -19.9142   -21.0552   -21.5164   -21.7910   -21.9012     1.1410     1.6022     0.2746
230.335755  30.670932  17.1558  15.1645  14.2261  13.7708  13.4592    0.07890000   0.00022221  23640.044    66.616882   0.421597   2.128008    1789.371 1   0.447569   0.351512   0.129806   0.091666   0.068265   -20.9526   -22.8479   -23.5646   -23.9817   -24.2699     1.8952     2.6119     0.4172
231.123785  30.540044  18.6798  17.2734  16.7362  16.4748  16.4719    0.06260000   0.00015821  18772.344    47.430165   0.422615   2.133144   -3078.329 1   0.000921   0.000321   0.000186   0.000133  -0.000272   -18.4775   -19.8833   -20.4203   -20.6817   -20.6842     1.4058     1.9429     0.2613
230.385084  30.593631  20.0957  18.1958  17.3167  16.8847  16.5940    0.07250000   0.00016824  21738.491    50.437083   0.424146   2.140874    -112.182 0   0.289044   0.221831   0.079582   0.051302   0.054714   -17.6666   -19.4993   -20.2362   -20.6399   -20.9340     1.8327     2.5695     0.4037
230.366204  30.608209  19.5782  17.4535  16.5336  16.0870  15.8075    0.07700000   0.00016924  23077.304    50.736876   0.429095   2.165852    1226.631 1   0.389938   0.302908   0.110596   0.077230   0.064380   -18.4195   -20.4571   -21.1847   -21.5980   -21.8646     2.0377     2.7653     0.4132
230.368300  30.603416  20.4645  18.3703  17.5059  17.0685  16.8788    0.07560000   0.00015034  22649.320    45.070798   0.430268   2.171772     798.647 1   0.274606   0.211245   0.076048   0.047953   0.052666   -17.3778   -19.4087   -20.1379   -20.5472   -20.7416     2.0308     2.7600     0.4093
230.283889  30.788180  19.6734  17.7810  16.9085  16.5053  16.2948    0.07710000   0.00015671  23117.176    46.980476   0.432266   2.181860    1266.503 1   0.290302   0.223167   0.085513   0.051025   0.051871   -18.2275   -20.0527   -20.7876   -21.1563   -21.3676     1.8253     2.5601     0.3687
231.072630  31.199656  19.7365  18.1504  17.3316  16.8780  16.6196    0.07780000   0.00015703  23309.643    47.076410   0.433145   2.186296    1458.970 1   0.378661   0.332077   0.145371   0.071832   0.036460   -18.2907   -19.8302   -20.4623   -20.8424   -21.0654     1.5395     2.1716     0.3801
231.206174  31.081126  19.5246  17.5533  16.6536  16.2312  15.8948    0.07350000   0.00017461  22035.855    52.346761   0.433309   2.187122     185.182 0   0.336856   0.259128   0.093707   0.063313   0.060058   -18.3367   -20.2303   -20.9645   -21.3566   -21.6897     1.8936     2.6279     0.3920
231.089704  31.192282  18.7723  17.3363  16.6727  16.2944  16.0680    0.07480000   0.00015799  22415.212    47.364210   0.435826   2.199826     564.539 1   0.220688   0.156400   0.091908   0.018210  -0.014375   -18.9929   -20.3646   -20.9637   -21.2684   -21.4622     1.3717     1.9708     0.3046
230.332209  30.643667  19.9014  18.0538  17.1019  16.6677  16.3961    0.07870000   0.00016872  23589.200    50.580984   0.436265   2.202043    1738.526 1   0.469023   0.394587   0.156159   0.094932   0.062802   -18.2442   -20.0173   -20.7308   -21.1038   -21.3432     1.7732     2.4866     0.3730
230.291848  30.712031  19.2326  17.3189  16.3834  15.9667  15.6648    0.07910000   0.00017908  23700.542    53.686833   0.442150   2.231747    1849.869 1   0.381193   0.295702   0.107850   0.074955   0.063713   -18.8362   -20.6644   -21.4120   -21.7958   -22.0865     1.8282     2.5759     0.3838
230.413557  30.532802  19.0324  17.0836  16.2766  15.8871  15.5888    0.07690000   0.00014857  23051.612    44.540165   0.445057   2.246419    1200.939 1   0.123847   0.108179   0.039847   0.026080   0.029312   -18.7176   -20.6507   -21.3894   -21.7651   -22.0666     1.9331     2.6718     0.3757
231.082189  31.219084  19.2256  17.4378  16.5579  16.1339  15.8552    0.07490000   0.00015286  22465.158    45.826275   0.453786   2.290480     614.485 1   0.321661   0.249006   0.093780   0.059467   0.056187   -18.6405   -20.3556   -21.0803   -21.4700   -21.7454     1.7151     2.4398     0.3897
230.279938  30.681112  19.6685  17.8757  17.0425  16.6685  16.4026    0.07820000   0.00015136  23428.811    45.376586   0.461956   2.331718    1578.137 1   0.235347   0.175311   0.074250   0.035911   0.040596   -18.2083   -19.9411   -20.6732   -21.0089   -21.2794     1.7328     2.4649     0.3357
230.309336  30.618851  19.4484  17.5554  16.6636  16.2426  15.9699    0.07380000   0.00015915  22134.007    47.711970   0.465320   2.348697     283.334 0   0.301912   0.231811   0.084188   0.054443   0.055825   -18.3687   -20.1916   -20.9358   -21.3270   -21.6011     1.8229     2.5671     0.3913
230.323303  30.592113  19.2518  17.2702  16.3412  15.9027  15.5860    0.07720000   0.00018120  23155.939    54.322393   0.468744   2.365982    1305.266 1   0.423855   0.331182   0.121586   0.085920   0.066764   -18.8067   -20.6956   -21.4150   -21.8178   -22.1154     1.8889     2.6083     0.4028
230.293464  30.636441  19.1478  17.2428  16.3154  15.8736  15.5565    0.07920000   0.00016190  23752.047    48.536399   0.469196   2.368262    1901.374 1   0.413366   0.328721   0.124611   0.084260   0.063340   -18.9559   -20.7763   -21.4996   -21.9010   -22.1972     1.8204     2.5436     0.4014
230.260167  30.704524  18.8525  16.9835  16.0828  15.6774  15.4060    0.07580000   0.00015974  22713.296    47.888847   0.470350   2.374085     862.623 1   0.318555   0.245353   0.090148   0.058668   0.057214   -19.0608   -20.8566   -21.6021   -21.9760   -22.2459     1.7958     2.5413     0.3739
231.323262  30.763235  18.6919  16.7847  15.8411  15.3895  15.0899    0.08220000   0.00016638  24632.088    49.879469   0.470997   2.377354    2781.414 1   0.472128   0.387780   0.150293   0.096615   0.065830   -19.5276   -21.3505   -22.0566   -22.4545   -22.7233     1.8229     2.5290     0.3979
230.314434  30.576882  20.4396  18.4189  17.5634  17.1457  16.8535    0.07990000   0.00014372  23959.893    43.086172   0.483452   2.440218    2109.220 1   0.238143   0.185134   0.067139   0.040237   0.047394   -17.4869   -19.4546   -20.1921   -20.5829   -20.8822     1.9677     2.7052     0.3908
231.328719  30.716791  17.9427  16.7508  16.2171  15.8951  15.7290    0.08220000   0.00009490  24633.107    28.450304   0.485756   2.451847    2782.434 1   0.174867   0.089104   0.079619  -0.010013  -0.084903   -19.9795   -21.0857   -21.6099   -21.8423   -21.9335     1.1061     1.6304     0.2324
230.972764  30.382955  17.7330  16.8866  16.6390  16.3593  16.3717    0.07530000   0.00003824  22585.704    11.464064   0.489928   2.472907     735.031 1   0.137734   0.020270   0.073277  -0.036583  -0.018341   -19.9638   -20.6927   -20.9933   -21.1632   -21.1690     0.7289     1.0295     0.1698
230.299580  30.582927  19.4646  18.1056  17.1821  16.9115  16.7166    0.07390000   0.00017103  22149.806    51.273504   0.490860   2.477611     299.133 0   0.251288   0.565517   0.215624   0.089932  -0.088202   -18.3017   -19.9750   -20.5486   -20.6935   -20.7103     1.6732     2.2468     0.1449
230.297086  30.583990  17.4001  15.3700  14.4676  14.0233  13.7548    0.07570000   0.00020433  22679.839    61.256593   0.492107   2.483906     829.166 1   0.333649   0.256320   0.092242   0.062469   0.059943   -20.5042   -22.4569   -23.1953   -23.6098   -23.8758     1.9528     2.6911     0.4145
230.240980  30.683569  19.7557  17.8126  16.8925  16.3951  16.2925    0.08080000   0.00017106  24209.410    51.282498   0.492561   2.486195    2358.737 1   0.491535   0.453907   0.181484   0.096009   0.059736   -18.4698   -20.3752   -21.0229   -21.4348   -21.5012     1.9055     2.5531     0.4119
230.240130  30.682693  19.2446  17.4096  16.4624  16.1098  15.8620    0.07400000   0.00016748  22195.554    50.209241   0.493537   2.491123     344.881 0   0.331988   0.257567   0.096648   0.062301   0.057413   -18.6297   -20.3903   -21.1766   -21.4948   -21.7377     1.7606     2.5469     0.3183
230.208682  30.785408  19.2548  18.0481  17.5147  17.1710  17.0996    0.06170000   0.00007754  18487.811    23.245907   0.496673   2.506954   -3362.862 1   0.181468   0.106042   0.086755  -0.013277  -0.091180   -18.0478   -19.1790   -19.6931   -19.9368   -19.9303     1.1313     1.6454     0.2437
230.752639  31.342399  19.2860  18.2408  17.7022  17.3491  17.1959    0.07820000   0.00009469  23439.483    28.387348   0.498082   2.514064    1588.810 1   0.164961   0.197780   0.118044  -0.020571  -0.100987   -18.5204   -19.5984   -20.0573   -20.2718   -20.3446     1.0780     1.5369     0.2145
230.372756  30.492105  20.1701  18.5082  17.6005  17.1101  16.7465    0.07960000   0.00015919  23875.741    47.723961   0.498591   2.516634    2025.068 1   0.485346   0.423719   0.168950   0.095771   0.061969   -18.0166   -19.6168   -20.2698   -20.6870   -21.0168     1.6003     2.2532     0.4172
230.498170  30.408117  18.3097  16.3882  15.4698  15.0303  14.6871    0.07690000   0.00017236  23064.533    51.672228   0.500668   2.527115    1213.860 1   0.420769   0.331160   0.123111   0.085578   0.065556   -19.7372   -21.5691   -22.2794   -22.6814   -23.0046     1.8319     2.5422     0.4020
230.284912  30.573607  17.9729  16.0480  15.1296  14.7065  14.4092    0.07900000   0.00018756  23682.885    56.229073   0.506486   2.556484    1832.212 1   0.356101   0.274380   0.099046   0.068255   0.062087   -20.0680   -21.9112   -22.6543   -23.0466   -23.3377     1.8432     2.5862     0.3923
230.259263  30.611272  19.9136  18.0934  17.2103  16.7923  16.5058    0.07700000   0.00016903  23080.272    50.673919   0.506775   2.557944    1229.599 1   0.329811   0.256329   0.097123   0.061752   0.056578   -18.0239   -19.7707   -20.4946   -20.8772   -21.1585     1.7467     2.4706     0.3826
230.935871  30.353079  18.5730  17.4962  16.9357  16.6364  16.4987    0.06580000   0.00008532  19729.731    25.578293   0.509129   2.569823   -2120.942 1   0.004399   0.001648   0.000878   0.000622  -0.000884   -18.7177   -19.7918   -20.3515   -20.6505   -20.7867     1.0740     1.6338     0.2990
230.208681  30.714642  20.1029  18.3849  17.5354  17.1666  16.9673    0.07970000   0.00013818  23901.583    41.425322   0.510026   2.574353    2050.910 1   0.267181   0.202957   0.087229   0.042628   0.041906   -17.8655   -19.5192   -20.2530   -20.5772   -20.7758     1.6538     2.3875     0.3242
230.728443  31.352979  19.3199  17.6592  16.8409  16.4274  16.1445    0.07840000   0.00015981  23493.206    47.909833   0.510134   2.574895    1642.533 1   0.293525   0.228061   0.096451   0.050426   0.044766   -18.6418   -20.2371   -20.9238   -21.2912   -21.5685     1.5952     2.2819     0.3675
230.892934  31.346618  18.2768  16.7728  16.0972  15.6936  15.4568    0.07590000   0.00009864  22760.633    29.571528   0.510420   2.576341     909.960 1   0.225447   0.159469   0.088937   0.022358   0.003406   -19.5432   -20.9812   -21.5863   -21.9233   -22.1412     1.4380     2.0431     0.3370
230.306417  30.538828  19.8616  17.9294  17.0307  16.6363  16.3128    0.07600000   0.00016407  22790.163    49.186949   0.511042   2.579482     939.490 1   0.301151   0.231178   0.083705   0.054268   0.055861   -18.0400   -19.9022   -20.6535   -21.0184   -21.3435     1.8622     2.6135     0.3650
231.196876  30.474861  19.4647  17.5216  16.5891  16.1984  15.8453    0.07770000   0.00016807  23308.774    50.386118   0.513096   2.589846    1458.101 1   0.370277   0.286341   0.103977   0.072017   0.063060   -18.5542   -20.4134   -21.1635   -21.5223   -21.8664     1.8592     2.6093     0.3587
230.241493  30.623323  19.9798  18.1857  17.2629  16.8485  16.5719    0.07210000   0.00015492  21607.661    46.443848   0.515059   2.599758    -243.012 0   0.368061   0.287970   0.107753   0.072138   0.060790   -17.8527   -19.5667   -20.3092   -20.6880   -20.9533     1.7140     2.4566     0.3788
230.952852  31.342062  21.5752  18.4503  17.5982  17.1255  16.7770    0.07310000   0.00017386  21911.411    52.121917   0.518012   2.614660      60.738 0   0.325265   0.249746   0.089863   0.060343   0.059002   -16.2657   -19.3151   -20.0073   -20.4505   -20.7977     3.0494     3.7416     0.4432
230.310165  30.523046  18.1441  16.2075  15.3557  14.9754  14.6690    0.07690000   0.00014259  23061.985    42.747407   0.518126   2.615236    1211.311 1   0.178637   0.144921   0.053250   0.031921   0.038379   -19.6606   -21.5635   -22.3237   -22.6826   -22.9955     1.9029     2.6630     0.3590
230.240863  30.612489  19.5003  18.1063  17.3737  16.9772  16.7187    0.07400000   0.00016536  22187.010    49.573681   0.520298   2.626202     336.337 0   0.296463   0.261470   0.129006   0.044853  -0.003234   -18.3385   -19.6975   -20.2976   -20.6100   -20.8204     1.3590     1.9591     0.3123
230.259743  30.572758  18.0778  16.1150  15.2011  14.7493  14.4566    0.07610000   0.00018674  22799.216    55.983244   0.525298   2.651435     948.543 1   0.384104   0.297710   0.108306   0.075625   0.064134   -19.8884   -21.7648   -22.4893   -22.9084   -23.1896     1.8764     2.6009     0.4191
230.694543  31.366323  19.2410  17.8268  17.2490  16.9399  16.7669    0.07290000   0.00015688  21865.333    47.031441   0.526825   2.659146      14.660 0   0.106451   0.046476   0.039130   0.012789  -0.020701   -18.3751   -19.7294   -20.2998   -20.5826   -20.7221     1.3542     1.9247     0.2828
230.280435  30.541743  18.9523  17.0771  16.1847  15.7625  15.4241    0.08060000   0.00015470  24148.342    46.377893   0.527390   2.661996    2297.669 1   0.330214   0.254389   0.092825   0.061669   0.058860   -19.0853   -20.8846   -21.6155   -22.0065   -22.3421     1.7994     2.5302     0.3910
230.163879  30.851190  19.5562  17.8490  17.0832  16.7267  16.4392    0.07830000   0.00014449  23483.643    43.317012   0.531587   2.683179    1632.970 1   0.089251   0.069928   0.029265   0.018332   0.019612   -18.1744   -19.8622   -20.5874   -20.9329   -21.2217     1.6879     2.4130     0.3456
230.287356  30.526346  19.7695  17.9507  17.1180  16.7308  16.4479    0.07620000   0.00013468  22857.106    40.376048   0.531623   2.683365    1006.433 1   0.234127   0.177760   0.070277   0.037559   0.043781   -18.0496   -19.8120   -20.5372   -20.8917   -21.1808     1.7624     2.4877     0.3545
231.303328  30.555915  17.9492  16.0421  15.1609  14.7825  14.4383    0.06530000   0.00017101  19577.497    51.267508   0.532108   2.685811   -2273.176 1   0.261132   0.201318   0.072759   0.044823   0.050707   -19.5603   -21.4076   -22.1603   -22.5107   -22.8608     1.8473     2.5999     0.3505
230.255026  30.564230  20.1666  18.2596  17.3917  17.0227  16.6546    0.07180000   0.00017954  21522.460    53.824738   0.533206   2.691354    -328.213 0   0.213390   0.167797   0.061546   0.036056   0.043534   -17.5233   -19.3847   -20.1464   -20.4899   -20.8655     1.8614     2.6231     0.3435
230.386786  30.434317  19.6547  17.9709  16.9877  16.4556  16.0086    0.07970000   0.00015407  23887.883    46.189024   0.533271   2.691678    2037.210 1   0.639205   0.522217   0.190488   0.115190   0.086527   -18.6857   -20.2525   -20.9040   -21.3608   -21.7791     1.5668     2.2183     0.4568
230.180097  30.689623  17.4742  16.4900  15.8864  15.4277  15.2803    0.07690000   0.00150165  23064.293   450.183345   0.540444   2.727884    1213.620 1   0.178820   0.315007   0.150088   0.004986  -0.087754   -20.3307   -21.4511   -21.8898   -22.2034   -22.2581     1.1204     1.5591     0.3136
230.213840  30.612846  18.4330  17.2265  16.7118  16.3663  16.1697    0.07700000   0.00011026  23098.769    33.055116   0.540999   2.730690    1248.096 1   0.183424   0.118368   0.092538  -0.014818  -0.097212   -19.3582   -20.4996   -20.9885   -21.2266   -21.3408     1.1414     1.6303     0.2381
230.298874  30.498637  18.4448  17.1370  16.5049  16.1635  15.9716    0.08200000   0.00015913  24591.975    47.705974   0.541047   2.730931    2741.302 1   0.172776   0.097005   0.068133   0.012655  -0.015158   -19.4728   -20.7049   -21.3081   -21.5940   -21.7581     1.2320     1.8353     0.2859
230.251210  30.553586  19.4867  17.6301  16.7566  16.3515  16.0180    0.07690000   0.00016530  23061.775    49.555693   0.541646   2.733954    1211.102 1   0.263717   0.203140   0.073564   0.045377   0.050988   -18.4031   -20.1992   -20.9431   -21.3200   -21.6591     1.7960     2.5399     0.3769
230.190633  30.640656  19.7210  17.8394  16.9507  16.5430  16.2992    0.08000000   0.00015098  23971.405    45.262665   0.548098   2.766520    2120.732 1   0.293233   0.225380   0.084510   0.052031   0.053311   -18.2845   -20.0982   -20.8461   -21.2213   -21.4664     1.8137     2.5616     0.3752
231.244641  31.228097  18.3134  16.4588  15.5855  15.1490  14.8265    0.06540000   0.00019194  19616.530    57.542164   0.551229   2.782322   -2234.143 1   0.293396   0.225130   0.080626   0.052389   0.055336   -19.2530   -21.0394   -21.7681   -22.1764   -22.5019     1.7863     2.5151     0.4083
230.137338  30.798223  19.0555  17.9629  17.7217  17.4642  17.3625    0.07800000   0.00009409  23382.313    28.207472   0.556308   2.807958    1531.640 1   0.131003   0.017751   0.069815  -0.033211  -0.014348   -18.7114   -19.6907   -19.9840   -20.1384   -20.2590     0.9793     1.2726     0.1545
231.335841  30.547719  18.9141  16.9625  16.0057  15.5544  15.1631    0.06690000   0.00015220  20052.278    45.628412   0.560058   2.826888   -1798.395 1   0.494301   0.396897   0.149671   0.101071   0.070427   -18.8814   -20.7356   -21.4452   -21.8479   -22.2085     1.8542     2.5638     0.4027
230.146716  30.982882  18.5964  16.8268  15.9957  15.6032  15.2816    0.07730000   0.00014676  23179.413    43.997541   0.563418   2.843849    1328.740 1   0.157922   0.131072   0.048339   0.029723   0.035074   -19.1960   -20.9387   -21.6871   -22.0610   -22.3879     1.7428     2.4911     0.3739
230.220288  30.536131  19.0996  17.2599  16.3710  15.9682  15.6289    0.07770000   0.00017848  23303.407    53.506958   0.573416   2.894312    1452.734 1   0.312125   0.240024   0.087884   0.056990   0.056670   -18.8612   -20.6288   -21.3656   -21.7375   -22.0764     1.7676     2.5044     0.3719
230.751295  31.421532  18.8906  17.4911  16.9757  16.6828  16.5687    0.06490000   0.00017921  19444.839    53.725806   0.577175   2.913284   -2405.834 1   0.103067   0.038516   0.039848   0.010996  -0.040369   -18.4475   -19.7824   -20.2992   -20.5632   -20.6259     1.3349     1.8517     0.2640
231.329502  30.507303  18.7425  17.4508  16.8703  16.5395  16.3670    0.06470000   0.00009663  19395.793    28.968945   0.578093   2.917917   -2454.881 1   0.154008   0.076142   0.063140   0.010624  -0.033279   -18.6363   -19.8501   -20.4176   -20.6959   -20.8245     1.2138     1.7813     0.2783
231.018188  31.391243  19.4887  17.9429  17.1813  16.8175  16.5665    0.07930000   0.00013584  23776.630    40.723807   0.582370   2.939506    1925.957 1   0.214454   0.148985   0.075527   0.026155   0.025435   -18.4160   -19.8963   -20.5844   -20.8989   -21.1491     1.4803     2.1685     0.3144
231.459284  30.904663  18.5638  17.5125  17.1213  16.8534  16.7291    0.07200000   0.00007630  21599.357    22.874165   0.583686   2.946149    -251.316 0   0.143801   0.033617   0.071401  -0.023360  -0.050602   -19.0382   -19.9793   -20.4083   -20.5814   -20.6785     0.9411     1.3701     0.1731
230.524458  31.386797  18.8630  17.4435  16.8075  16.4460  16.1634    0.07670000   0.00014692  23004.424    44.045508   0.585505   2.955333    1153.751 1   0.185833   0.111854   0.072361   0.014330  -0.007164   -18.9221   -20.2676   -20.8641   -21.1676   -21.4287     1.3455     1.9420     0.3035
230.187299  30.556821  19.9316  17.8988  17.0548  16.6607  16.3630    0.07300000   0.00017811  21880.592    53.396035   0.587045   2.963105      29.919 0   0.180506   0.145588   0.053867   0.031946   0.038488   -17.7584   -19.7563   -20.5086   -20.8808   -21.1850     1.9979     2.7502     0.3722
230.127988  30.674117  18.5668  17.0460  16.4159  16.0685  15.8351    0.07610000   0.00018192  22802.274    54.538244   0.587755   2.966686     951.601 1   0.150361   0.082249   0.057620   0.015630  -0.001285   -19.1657   -20.6183   -21.2238   -21.5292   -21.7457     1.4527     2.0582     0.3054
230.190571  30.531850  19.2316  18.1557  17.7298  17.4422  17.4064    0.07780000   0.00005823  23326.132    17.456915   0.597303   3.014884    1475.459 1   0.163259   0.052117   0.077142  -0.031670  -0.071900   -18.5802   -19.5449   -19.9959   -20.1747   -20.1702     0.9648     1.4157     0.1788
230.327325  30.392059  19.5246  17.6659  16.7684  16.3762  16.0769    0.08100000   0.00015304  24295.181    45.880238   0.598507   3.020961    2444.508 1   0.325050   0.252656   0.096448   0.060438   0.055642   -18.5398   -20.3261   -21.0674   -21.4235   -21.7181     1.7863     2.5276     0.3562
230.160981  30.570060  20.4518  18.5322  17.6039  17.1935  16.8418    0.07820000   0.00018429  23440.892    55.248752   0.600657   3.031813    1590.219 1   0.398106   0.309805   0.113331   0.079377   0.064925   -17.5877   -19.4190   -20.1509   -20.5273   -20.8646     1.8313     2.5631     0.3764
230.093818  30.738601  19.0753  17.9244  17.5569  17.2881  17.1784    0.07810000   0.00008766  23426.262    26.279807   0.601192   3.034513    1575.589 1   0.147091   0.033299   0.073328  -0.028385  -0.047718   -18.7317   -19.7688   -20.1763   -20.3434   -20.4337     1.0371     1.4446     0.1671
231.369188  31.184644  19.1577  17.6993  16.9529  16.5269  16.2345    0.07870000   0.00009420  23581.495    28.240450   0.607161   3.064641    1730.822 1   0.313345   0.270932   0.129706   0.051286   0.011600   -18.8322   -20.2482   -20.8533   -21.2009   -21.4536     1.4160     2.0212     0.3476
231.420750  30.576421  18.7755  17.5221  16.9769  16.6925  16.5262    0.07920000   0.00010678  23731.751    32.011839   0.609869   3.078309    1881.078 1   0.087836   0.033169   0.030534   0.011041  -0.029605   -19.0027   -20.2014   -20.7440   -21.0089   -21.1345     1.1987     1.7413     0.2649
230.167968  30.532464  19.1922  17.2630  16.3861  15.9903  15.6845    0.07680000   0.00015774  23025.200    47.289262   0.613600   3.097139    1174.527 1   0.263632   0.203111   0.073462   0.045372   0.051020   -18.6705   -20.5392   -21.2864   -21.6542   -21.9656     1.8687     2.6159     0.3677
230.095219  30.673823  19.7285  17.9753  17.1372  16.7540  16.5049    0.07310000   0.00015575  21922.833    46.692675   0.614810   3.103249      72.160 0   0.267054   0.203037   0.084642   0.043470   0.044322   -18.0542   -19.7434   -20.4631   -20.8051   -21.0551     1.6892     2.4089     0.3420
231.342123  30.458926  19.4411  17.6488  16.8528  16.5032  16.2024    0.06610000   0.00014232  19811.785    42.666463   0.616028   3.109397   -2038.889 1   0.078682   0.069120   0.026478   0.018539   0.019013   -17.9338   -19.7166   -20.4699   -20.8116   -21.1128     1.7827     2.5361     0.3417
230.190433  30.494966  19.2477  17.5313  16.7386  16.3801  16.1005    0.07980000   0.00015017  23929.614    45.019833   0.617538   3.117017    2078.941 1   0.146579   0.111508   0.047711   0.025373   0.029859   -18.5845   -20.2658   -20.9947   -21.3309   -21.6149     1.6813     2.4102     0.3362
230.095041  30.661343  18.5423  17.1935  16.5345  16.1444  15.9298    0.07820000   0.00020532  23430.489    61.553387   0.618547   3.122110    1579.816 1   0.234853   0.187227   0.107054   0.023087  -0.034766   -19.3340   -20.6352   -21.2140   -21.5201   -21.6769     1.3012     1.8800     0.3061
231.000880  31.435903  20.1521  18.3732  17.4989  17.1095  16.8208    0.07360000   0.00014601  22073.809    43.772697   0.619806   3.128463     223.136 0   0.283966   0.217966   0.084618   0.049229   0.050460   -17.6624   -19.3753   -20.1162   -20.4702   -20.7602     1.7129     2.4539     0.3540
230.148968  30.538138  20.0226  18.1728  17.3052  16.9201  16.6149    0.07690000   0.00017878  23059.736    53.596896   0.624888   3.154114    1209.063 1   0.278987   0.213922   0.080587   0.048385   0.051399   -17.8825   -19.6672   -20.4015   -20.7544   -21.0626     1.7847     2.5190     0.3529
230.190822  30.481048  18.9872  17.1346  16.3054  15.9430  15.6403    0.07880000   0.00015964  23627.603    47.858868   0.625260   3.155997    1776.930 1   0.114881   0.099672   0.037590   0.024491   0.027153   -18.8041   -20.6415   -21.4086   -21.7579   -22.0633     1.8374     2.6045     0.3493
230.103870  30.617826  18.7177  17.5466  17.1189  16.8565  16.6759    0.07770000   0.00008216  23299.390    24.630948   0.625765   3.158541    1448.717 1   0.130498   0.037257   0.061578  -0.005047  -0.060878   -19.0615   -20.1393   -20.5913   -20.7871   -20.9119     1.0779     1.5299     0.1958
231.012966  30.246665  19.3867  17.6935  16.9989  16.5907  16.3718    0.06250000   0.00009595  18726.776    28.765086   0.630069   3.180267   -3123.897 1   0.225329   0.158583   0.084175   0.025344   0.016441   -18.0128   -19.6392   -20.2594   -20.6088   -20.8188     1.6265     2.2466     0.3494
231.011770  30.244589  18.0117  16.7695  16.1968  15.7945  15.5471    0.06210000   0.00010258  18625.236    30.752710   0.631721   3.188607   -3225.437 1   0.213818   0.180153   0.109035   0.010550  -0.073405   -19.3410   -20.5495   -21.0511   -21.3549   -21.5183     1.2085     1.7101     0.3038
230.198823  30.455366  17.3744  16.0156  15.3071  14.9383  14.6630    0.08020000   0.00015542  24035.021    46.593744   0.635111   3.205719    2184.348 1   0.260759   0.211839   0.112224   0.033754  -0.009462   -20.6012   -21.9111   -22.5200   -22.8103   -23.0424     1.3099     1.9188     0.2903
230.080978  30.628943  19.0025  17.3190  16.5066  16.0780  15.7307    0.07500000   0.00014580  22494.987    43.709740   0.640281   3.231810     644.314 1   0.180253   0.145328   0.053835   0.031892   0.038419   -18.7493   -20.3979   -21.1188   -21.5255   -21.8793     1.6486     2.3695     0.4067
230.069413  31.032126  19.3985  18.1947  17.6699  17.3627  17.1539    0.06420000   0.00007940  19252.072    23.803521   0.640596   3.233401   -2598.601 1   0.151878   0.065786   0.065879   0.003540  -0.063143   -17.9825   -19.1002   -19.6251   -19.8700   -20.0121     1.1177     1.6426     0.2449
230.048162  30.724717  19.0356  17.7447  17.1524  16.7850  16.5815    0.07780000   0.00009828  23322.504    29.463603   0.642264   3.241823    1471.831 1   0.208313   0.156341   0.099678   0.009407  -0.064487   -18.8212   -20.0602   -20.5958   -20.8729   -21.0025     1.2389     1.7746     0.2771
230.372274  31.385205  18.7768  17.1674  16.5250  16.1815  15.9525    0.07600000   0.00020086  22793.281    60.216313   0.645113   3.256202     942.607 1   0.112013   0.061231   0.038622   0.015067   0.008472   -18.9357   -20.4943   -21.1141   -21.4340   -21.6564     1.5586     2.1784     0.3199
230.091724  31.098385  19.8149  17.8631  17.0707  16.6401  16.2570    0.07040000   0.00015557  21119.839    46.638713   0.645327   3.257281    -730.834 1   0.165227   0.136000   0.050083   0.030500   0.036272   -17.7839   -19.7065   -20.4130   -20.8240   -21.2129     1.9226     2.6291     0.4110
230.177934  30.461383  18.8010  17.5914  17.1074  16.8369  16.6546    0.08020000   0.00017030  24035.021    51.054656   0.645775   3.259544    2184.348 1   0.120780   0.040110   0.053218   0.004657  -0.058731   -19.0346   -20.1635   -20.6606   -20.8826   -21.0015     1.1289     1.6260     0.2219
230.036521  30.925046  19.1121  17.9778  17.5578  17.2358  17.0648    0.07800000   0.00009036  23388.998    27.089247   0.645874   3.260045    1538.325 1   0.172642   0.075210   0.085041  -0.040308  -0.086106   -18.6964   -19.7333   -20.1631   -20.3598   -20.4850     1.0369     1.4667     0.1967
230.069532  31.050706  19.5022  17.4987  16.6008  16.2140  15.8833    0.07240000   0.00014735  21708.721    44.174419   0.646171   3.261540    -141.952 0   0.280146   0.215301   0.077435   0.049232   0.053441   -18.2514   -20.1900   -20.9501   -21.3087   -21.6436     1.9387     2.6987     0.3586
230.026240  30.868680  19.9728  18.4136  17.5741  17.0991  16.6884    0.06660000   0.00019885  19953.047    59.613730   0.650153   3.281641   -1897.626 1   0.413432   0.359494   0.151183   0.081597   0.047767   -17.7320   -19.2373   -19.8685   -20.2739   -20.6507     1.5053     2.1365     0.4054
230.961162  31.477642  17.8654  16.5202  16.0232  15.7311  15.5769    0.07430000   0.00008780  22276.648    26.321778   0.650871   3.285265     425.975 1   0.123761   0.045952   0.053315   0.007614  -0.055666   -19.8095   -21.0769   -21.5813   -21.8277   -21.9186     1.2674     1.7718     0.2464
230.041879  30.999361  18.7915  16.8399  15.9656  15.5690  15.2354    0.07850000   0.00014575  23534.967    43.694751   0.654750   3.304847    1684.294 1   0.272958   0.210018   0.075704   0.047561   0.052398   -19.1312   -21.0199   -21.7599   -22.1284   -22.4668     1.8887     2.6286     0.3685
230.225526  30.392906  18.1727  16.2440  15.3526  14.9415  14.6325    0.07820000   0.00016920  23451.145    50.724884   0.658384   3.323187    1600.472 1   0.318559   0.244339   0.087625   0.058621   0.058392   -19.7873   -21.6418   -22.3765   -22.7586   -23.0673     1.8545     2.5892     0.3821
230.196937  30.418697  19.8095  18.0312  17.1772  16.7930  16.4721    0.08010000   0.00012752  24027.526    38.229534   0.659479   3.328717    2176.853 1   0.277887   0.212892   0.082586   0.047703   0.049830   -18.1834   -19.8967   -20.6204   -20.9697   -21.2927     1.7133     2.4370     0.3493
230.245306  30.366741  18.7056  16.7862  15.9134  15.5261  15.2092    0.07390000   0.00016134  22143.630    48.368515   0.664714   3.355138     292.957 0   0.233567   0.181778   0.066212   0.039356   0.046611   -19.0430   -20.9106   -21.6679   -22.0283   -22.3525     1.8676     2.6248     0.3604
230.054126  31.070237  20.1666  18.3878  17.5753  17.2273  16.9421    0.07340000   0.00015235  22009.803    45.673381   0.665081   3.356991     159.130 0   0.121610   0.097720   0.039892   0.023662   0.026778   -17.4796   -19.2345   -19.9892   -20.3209   -20.6093     1.7549     2.5096     0.3318
230.014894  30.730734  20.1811  18.3811  17.4892  17.0185  16.6580    0.08220000   0.00015243  24636.554    45.697364   0.669290   3.378234    2785.881 1   0.454009   0.387661   0.156303   0.091420   0.058651   -18.0203   -19.7539   -20.4145   -20.8203   -21.1480     1.7337     2.3942     0.4058
231.200699  30.266607  18.6306  16.7141  15.7850  15.3847  15.0693    0.06350000   0.00018268  19032.774    54.766086   0.680548   3.435061   -2817.899 1   0.358132   0.276233   0.099965   0.068819   0.062141   -18.9150   -20.7496   -21.5024   -21.8716   -22.1803     1.8346     2.5874     0.3692
230.517144  31.487950  19.3071  18.1630  17.6437  17.2941  17.1024    0.07880000   0.00008089  23630.721    24.250212   0.682264   3.443721    1780.048 1   0.182256   0.148194   0.104005  -0.016368  -0.103528   -18.5516   -19.6616   -20.1367   -20.3659   -20.4705     1.1100     1.5851     0.2292
230.906202  31.532728  20.4914  18.5783  17.7089  17.2658  16.9148    0.07840000   0.00015315  23511.253    45.913215   0.695814   3.512117    1660.580 1   0.304047   0.233293   0.083966   0.055005   0.056475   -17.4809   -19.3232   -20.0433   -20.4574   -20.8099     1.8423     2.5624     0.4141
230.086367  31.202156  19.0217  17.0902  16.1804  15.7378  15.4038    0.07660000   0.00018394  22957.837    55.143825   0.696623   3.516200    1107.164 1   0.400704   0.312682   0.114934   0.080205   0.064789   -18.9754   -20.8189   -21.5309   -21.9388   -22.2574     1.8435     2.5555     0.4079
230.026248  31.107010  19.0024  17.2099  16.3869  16.0021  15.6800    0.07060000   0.00016299  21156.953    48.863173   0.700556   3.536052    -693.720 1   0.134514   0.115153   0.042600   0.027201   0.031110   -18.5507   -20.3238   -21.0743   -21.4437   -21.7697     1.7731     2.5236     0.3694
