204.051034  59.207601  19.3514  17.3993  16.5265  16.1128  15.7926    0.07190000   0.00017785  21541.977    53.318089   0.013075   0.063385     397.915 0   0.275739   0.212012   0.076610   0.048173   0.052680   -18.3827   -20.2710   -21.0084   -21.3937   -21.7184     1.8884     2.6258     0.3853
204.022203  59.193993  18.4640  16.3956  15.4996  15.0809  14.7571    0.07030000   0.00019305  21062.699    57.874934   0.014009   0.067912     -81.364 0   0.327871   0.251856   0.090739   0.061012   0.059236   -19.2731   -21.2655   -22.0004   -22.3894   -22.7114     1.9924     2.7273     0.3890
204.034248  59.193294  18.3422  16.3791  15.5122  15.1099  14.7556    0.07830000   0.00019051  23484.632    57.113461   0.015277   0.074058    2340.570 1   0.267854   0.206342   0.074199   0.046411   0.051797   -19.5670   -21.4685   -22.2033   -22.5778   -22.9375     1.9016     2.6363     0.3745
204.063296  59.218990  19.0834  17.1287  16.2802  15.8682  15.5639    0.06550000   0.00016872  19642.582    50.580984   0.022302   0.108114   -1501.481 0   0.211035   0.166817   0.060667   0.035911   0.043441   -18.3827   -20.2932   -21.0355   -21.4228   -21.7346     1.9105     2.6528     0.3872
204.007469  59.233253  19.6358  17.7128  16.8384  16.4111  16.0980    0.07070000   0.00016285  21195.896    48.821202   0.026981   0.130797      51.834 0   0.295252   0.226590   0.081589   0.052830   0.055354   -18.0811   -19.9354   -20.6648   -21.0634   -21.3790     1.8543     2.5837     0.3985
204.067349  59.224537  19.2425  17.3156  16.4125  16.0114  15.6737    0.07350000   0.00016275  22049.376    48.791223   0.027125   0.131494     905.313 0   0.322687   0.247919   0.089586   0.059702   0.058506   -18.6046   -20.4568   -21.2015   -21.5727   -21.9092     1.8521     2.5969     0.3712
204.028877  59.176217  18.8578  17.0530  16.2545  15.8826  15.5982    0.06660000   0.00015550  19955.115    46.617727   0.031730   0.153822   -1188.947 0   0.170060   0.128516   0.054119   0.027835   0.033580   -18.6036   -20.3669   -21.0910   -21.4366   -21.7268     1.7633     2.4874     0.3456
203.986009  59.233410  17.8692  15.8596  14.9330  14.4804  14.1421    0.07170000   0.00023028  21496.618    69.036207   0.032549   0.157792     352.556 0   0.450080   0.354001   0.130972   0.092250   0.068334   -20.0331   -21.9467   -22.6502   -23.0641   -23.3785     1.9135     2.6171     0.4139
204.050648  59.156769  19.9230  18.1053  17.2597  16.8370  16.5120    0.07100000   0.00014691  21271.264    44.042510   0.052727   0.255607     127.202 0   0.223937   0.175172   0.063961   0.037808   0.045173   -17.7498   -19.5188   -20.2532   -20.6497   -20.9821     1.7689     2.5033     0.3965
203.951481  59.246331  19.8213  17.9506  17.0677  16.6583  16.3161    0.07230000   0.00016073  21672.506    48.185642   0.053970   0.261634     528.444 0   0.289321   0.222054   0.079898   0.051359   0.054633   -17.9385   -19.7419   -20.4826   -20.8635   -21.2090     1.8034     2.5442     0.3809
204.093457  59.166287  19.8072  17.9503  17.1101  16.7060  16.3795    0.06840000   0.00014745  20515.188    44.204398   0.054239   0.262941    -628.875 0   0.190630   0.152831   0.056087   0.033239   0.040211   -17.7542   -19.5733   -20.3168   -20.6980   -21.0315     1.8191     2.5626     0.3813
203.956197  59.254565  20.0908  18.3466  17.5674  17.1640  16.8952    0.06830000   0.00016292  20477.384    48.842187   0.058620   0.284176    -666.678 0   0.223275   0.164647   0.071054   0.033096   0.038464   -17.5001   -19.1856   -19.8713   -20.2367   -20.5109     1.6856     2.3712     0.3654
204.115043  59.168902  19.8155  17.9351  17.0652  16.6655  16.3516    0.07160000   0.00018001  21469.307    53.965640   0.060184   0.291758     325.245 0   0.255921   0.197394   0.071878   0.043665   0.049731   -17.8896   -19.7115   -20.4559   -20.8274   -21.1473     1.8219     2.5663     0.3715
203.921751  59.237881  20.1068  18.2449  17.3955  16.9877  16.6617    0.07160000   0.00018422  21457.675    55.227767   0.060990   0.295664     313.613 0   0.223038   0.174924   0.063513   0.037801   0.045215   -17.5654   -19.3792   -20.1172   -20.4993   -20.8327     1.8138     2.5518     0.3821
203.911511  59.186907  19.7795  17.9806  17.1661  16.7817  16.4792    0.06810000   0.00015548  20402.226    46.611731   0.062015   0.300635    -741.836 0   0.153269   0.121119   0.048583   0.027413   0.032417   -17.7104   -19.4771   -20.2191   -20.5823   -20.8898     1.7667     2.5087     0.3632
204.124705  59.166326  20.2192  18.3107  17.4461  17.0541  16.7757    0.07380000   0.00014827  22136.975    44.450228   0.065632   0.318168     992.913 0   0.274307   0.209871   0.081830   0.046712   0.049165   -17.5703   -19.4144   -20.1509   -20.5078   -20.7887     1.8441     2.5806     0.3569
203.927659  59.163232  18.8558  17.6118  17.1624  16.8871  16.6921    0.07360000   0.00009464  22055.821    28.372358   0.067111   0.325341     911.759 0   0.133021   0.042972   0.061205  -0.001237  -0.065333   -18.8077   -19.9617   -20.4293   -20.6422   -20.7731     1.1540     1.6216     0.2129
203.961085  59.271330  20.0455  18.1388  17.2728  16.8364  16.5091    0.07050000   0.00015901  21121.638    47.669999   0.071489   0.346564     -22.424 0   0.278631   0.214204   0.077000   0.048891   0.053258   -17.6666   -19.5089   -20.2377   -20.6460   -20.9776     1.8423     2.5711     0.4083
203.968981  59.140626  19.4355  17.9009  17.3070  16.9841  16.7587    0.07240000   0.00014163  21692.533    42.459606   0.073232   0.355014     548.470 0   0.085331   0.040047   0.026814   0.011452  -0.002391   -18.1233   -19.6126   -20.1933   -20.5008   -20.7123     1.4893     2.0700     0.3075
203.881264  59.195445  19.6918  17.8136  16.9436  16.5353  16.1654    0.07240000   0.00016563  21708.931    49.654625   0.074881   0.363007     564.869 0   0.278854   0.214400   0.076882   0.048966   0.053378   -18.0605   -19.8742   -20.6067   -20.9871   -21.3614     1.8137     2.5462     0.3804
203.949331  59.138831  18.3011  16.3650  15.4748  15.0608  14.7365    0.06730000   0.00018920  20162.332    56.720733   0.079315   0.384503    -981.730 0   0.303683   0.232951   0.083545   0.054926   0.056578   -19.3168   -21.1821   -21.9229   -22.3083   -22.6343     1.8654     2.6062     0.3854
204.157447  59.250965  19.0484  17.6069  16.8972  16.4958  16.2209    0.06770000   0.00010406  20283.718    31.196403   0.080107   0.388343    -860.344 0   0.269370   0.219198   0.113441   0.037227  -0.001486   -18.5693   -19.9607   -20.5646   -20.8898   -21.1260     1.3913     1.9953     0.3252
204.014661  59.127265  20.1538  18.4718  17.6575  17.2637  16.9993    0.07010000   0.00014774  21028.073    44.291338   0.080826   0.391826    -115.990 0   0.271917   0.207408   0.088968   0.043872   0.042335   -17.5392   -19.1567   -19.8525   -20.2012   -20.4641     1.6175     2.3134     0.3487
204.131826  59.147442  19.7110  17.9284  17.0828  16.6894  16.4023    0.07060000   0.00016421  21162.859    49.228920   0.081351   0.394370      18.797 0   0.275494   0.210789   0.083323   0.046773   0.048537   -17.9830   -19.7009   -20.4191   -20.7759   -21.0648     1.7179     2.4360     0.3569
203.950266  59.282248  19.4513  17.6357  16.8014  16.3721  16.0700    0.06590000   0.00016538  19764.717    49.579677   0.083731   0.405911   -1379.345 0   0.212104   0.167549   0.060907   0.036063   0.043608   -18.0504   -19.8215   -20.5491   -20.9536   -21.2632     1.7710     2.4987     0.4045
203.884195  59.253989  18.8454  16.9049  15.9907  15.5347  15.1782    0.07340000   0.00018118  21998.171    54.316398   0.085772   0.415806     854.109 0   0.451495   0.362230   0.137645   0.093122   0.066172   -19.1307   -20.9819   -21.6715   -22.0830   -22.4126     1.8512     2.5408     0.4115
204.079623  59.291177  20.2914  18.5313  17.6488  17.2335  16.9427    0.07190000   0.00015557  21545.664    46.638713   0.087765   0.425464     401.602 0   0.340345   0.266773   0.102869   0.064853   0.056245   -17.5073   -19.1938   -19.9124   -20.2897   -20.5719     1.6865     2.4051     0.3773
204.099992  59.288639  20.0908  18.2583  17.4248  17.0280  16.7525    0.07360000   0.00016249  22068.143    48.713277   0.089292   0.432866     924.080 0   0.255198   0.193690   0.077566   0.041655   0.045649   -17.6949   -19.4659   -20.1833   -20.5442   -20.8237     1.7710     2.4884     0.3609
204.023329  59.114915  20.2413  18.4383  17.6296  17.2525  16.9502    0.06680000   0.00017185  20019.601    51.519334   0.092992   0.450803   -1124.462 0   0.140949   0.113585   0.045141   0.026403   0.030695   -17.2188   -18.9945   -19.7347   -20.0931   -20.3997     1.7756     2.5159     0.3584
204.106761  59.124581  20.0789  18.3076  17.4615  17.0788  16.7720    0.07030000   0.00019903  21088.091    59.667693   0.093127   0.451459     -55.971 0   0.253596   0.192793   0.076199   0.041579   0.046122   -17.5840   -19.2945   -20.0240   -20.3720   -20.6834     1.7105     2.4400     0.3481
204.188871  59.166401  19.3493  17.6089  16.7372  16.3215  15.9770    0.06890000   0.00017486  20662.146    52.421709   0.093364   0.452606    -481.916 0   0.361610   0.290955   0.117246   0.071176   0.053504   -18.3777   -20.0475   -20.7455   -21.1151   -21.4419     1.6697     2.3677     0.3696
203.927235  59.123445  18.6500  16.7222  15.8738  15.4611  15.1458    0.07070000   0.00017820  21204.710    53.423016   0.098301   0.476542      60.648 0   0.228586   0.178258   0.065124   0.038515   0.045815   -19.0002   -20.8777   -21.6130   -21.9991   -22.3217     1.8775     2.6127     0.3861
204.218182  59.217812  18.5185  16.5645  15.6767  15.2477  14.9223    0.06530000   0.00016795  19564.935    50.350143   0.099135   0.480586   -1579.127 0   0.304769   0.233913   0.084502   0.055171   0.056407   -19.0347   -20.9178   -21.6562   -22.0559   -22.3825     1.8831     2.6215     0.3997
203.904811  59.126463  19.0610  17.4256  16.5677  16.1771  15.8897    0.07250000   0.00014935  21723.891    44.774004   0.102222   0.495547     579.829 0   0.345405   0.281756   0.120107   0.065915   0.045184   -18.7577   -20.3295   -21.0257   -21.3621   -21.6288     1.5718     2.2680     0.3364
204.121739  59.117334  19.6584  17.9896  17.1794  16.8023  16.5419    0.06940000   0.00014900  20792.676    44.669076   0.103099   0.499802    -351.387 0   0.248592   0.184947   0.082977   0.036846   0.037258   -17.9714   -19.5765   -20.2848   -20.6157   -20.8765     1.6052     2.3134     0.3310
204.138471  59.300781  19.8084  17.8982  17.0027  16.5708  16.2610    0.07550000   0.00015906  22638.738    47.684988   0.109415   0.530418    1494.675 0   0.333573   0.256496   0.092679   0.062476   0.059734   -18.0900   -19.9231   -20.6548   -21.0565   -21.3636     1.8331     2.5648     0.4017
204.060894  59.098378  19.3550  17.4427  16.6106  16.2249  15.9155    0.06600000   0.00017070  19778.358    51.174573   0.111011   0.538155   -1365.705 0   0.167929   0.137103   0.050902   0.030594   0.036494   -18.0846   -19.9661   -20.7120   -21.0774   -21.3927     1.8815     2.6274     0.3654
204.138076  59.308272  20.4493  18.4611  17.6095  17.1976  16.9052    0.06800000   0.00014510  20379.681    43.499886   0.115741   0.561084    -764.381 0   0.236999   0.183132   0.067974   0.039554   0.046478   -17.1244   -19.0588   -19.7952   -20.1787   -20.4780     1.9343     2.6708     0.3835
204.219940  59.267379  19.4002  17.5915  16.6826  16.2700  15.9187    0.07130000   0.00017054  21383.327    51.126606   0.115955   0.562125     239.264 0   0.390582   0.310607   0.118960   0.078670   0.060633   -18.4517   -20.1804   -20.8977   -21.2700   -21.6032     1.7287     2.4460     0.3723
204.022961  59.325552  19.3432  17.5192  16.6700  16.2464  15.9658    0.07480000   0.00015844  22436.797    47.499117   0.117659   0.570383    1292.735 0   0.254169   0.194931   0.073229   0.042691   0.048364   -18.4555   -20.2203   -20.9478   -21.3408   -21.6271     1.7648     2.4923     0.3931
203.801228  59.234280  18.8705  17.1430  16.3036  15.9123  15.6018    0.06400000   0.00016040  19176.255    48.086710   0.117802   0.571077   -1967.808 0   0.264963   0.201503   0.081619   0.043623   0.046040   -18.6203   -20.2843   -21.0039   -21.3572   -21.6701     1.6640     2.3836     0.3533
204.256640  59.216258  19.7040  17.8981  17.0184  16.5990  16.2886    0.07040000   0.00017672  21094.387    52.979323   0.118621   0.575049     -49.676 0   0.338915   0.266094   0.103369   0.064505   0.055538   -18.0685   -19.8016   -20.5186   -20.8991   -21.2005     1.7331     2.4501     0.3805
204.194958  59.115359  19.3147  17.4718  16.6031  16.1835  15.8683    0.07070000   0.00017255  21200.513    51.729189   0.126844   0.614911      56.451 0   0.267080   0.205724   0.074147   0.046208   0.051610   -18.3740   -20.1556   -20.8927   -21.2843   -21.6050     1.7815     2.5187     0.3917
203.771928  59.197212  19.4871  17.7273  16.8280  16.3800  16.0532    0.07140000   0.00016253  21405.871    48.725268   0.130249   0.631418     261.809 0   0.442598   0.373907   0.150790   0.089591   0.058105   -18.3986   -20.0897   -20.7659   -21.1527   -21.4480     1.6911     2.3673     0.3868
204.099438  59.080817  19.4998  17.7639  16.9143  16.5154  16.1869    0.07210000   0.00015706  21618.784    47.085403   0.132600   0.642814     474.721 0   0.323415   0.255077   0.103730   0.060055   0.050337   -18.2880   -19.9556   -20.6538   -21.0090   -21.3278     1.6676     2.3658     0.3552
204.220276  59.117076  17.9884  16.0999  15.2128  14.8097  14.4905    0.06350000   0.00020904  19044.945    62.668615   0.134875   0.653844   -2099.117 1   0.292107   0.224182   0.080653   0.052052   0.054991   -19.4912   -21.3117   -22.0553   -22.4298   -22.7520     1.8206     2.5641     0.3745
203.825633  59.114666  18.2642  17.0666  16.4939  16.1256  15.8997    0.07470000   0.00008476  22387.392    25.410409   0.138424   0.671049    1243.329 0   0.206005   0.185088   0.112104   0.005343  -0.086996   -19.4834   -20.6601   -21.1598   -21.4214   -21.5549     1.1767     1.6764     0.2615
204.280320  59.267583  20.0751  18.4037  17.5538  17.1622  16.8629    0.07070000   0.00015795  21207.229    47.352219   0.143453   0.695429      63.166 0   0.315930   0.249366   0.103847   0.057679   0.047446   -17.6625   -19.2673   -19.9717   -20.3171   -20.6062     1.6048     2.3092     0.3454
204.168082  59.083779  20.0941  18.4157  17.5788  17.1940  16.9157    0.07080000   0.00017849  21231.512    53.509956   0.143992   0.698042      87.449 0   0.276951   0.211962   0.088221   0.045953   0.045211   -17.6288   -19.2422   -19.9554   -20.2979   -20.5755     1.6134     2.3266     0.3425
204.068264  59.353187  18.9763  17.3074  16.4504  16.0435  15.7518    0.07680000   0.00014674  23021.423    43.991545   0.146927   0.712268    1877.360 0   0.349675   0.283468   0.118308   0.067540   0.048491   -18.9725   -20.5751   -21.2670   -21.6231   -21.8958     1.6027     2.2945     0.3561
203.823989  59.102563  19.8929  18.0681  17.2444  16.8503  16.5570    0.07210000   0.00014947  21614.946    44.809979   0.147437   0.714740     470.884 0   0.197537   0.151006   0.060336   0.031842   0.038757   -17.7690   -19.5473   -20.2803   -20.6459   -20.9461     1.7783     2.5113     0.3656
204.150070  59.070773  19.7584  18.0772  17.2758  16.8527  16.5231    0.06540000   0.00015435  19598.632    46.272966   0.151230   0.733127   -1545.430 0   0.155312   0.128504   0.047876   0.029237   0.034420   -17.6699   -19.3243   -20.0451   -20.4496   -20.7843     1.6544     2.3752     0.4045
204.106718  59.353584  19.7469  18.1299  17.3332  16.9645  16.7119    0.07380000   0.00014876  22123.784    44.597126   0.151501   0.734441     979.722 0   0.226377   0.163777   0.075694   0.031437   0.034073   -17.9947   -19.5491   -20.2577   -20.5821   -20.8374     1.5544     2.2630     0.3244
204.090587  59.055867  20.2122  18.4024  17.5417  17.1547  16.8638    0.07530000   0.00018861  22567.267    56.543856   0.155641   0.754513    1423.205 0   0.272100   0.207986   0.081420   0.046085   0.048711   -17.6190   -19.3646   -20.0988   -20.4504   -20.7440     1.7457     2.4798     0.3517
204.156292  59.059021  18.9305  18.0913  17.8220  17.4862  17.4161    0.06520000   0.00007453  19560.559    22.343532   0.163242   0.791361   -1583.504 0   0.148836   0.023935   0.078003  -0.045136  -0.022085   -18.4599   -19.1742   -19.4976   -19.7102   -19.8034     0.7143     1.0377     0.2127
204.200011  59.064192  18.5673  17.8072  17.6872  17.5563  17.4712    0.06540000   0.00007979  19601.360    23.920440   0.169213   0.820308   -1542.702 0   0.007330   0.000630   0.001622  -0.000708  -0.000244   -18.7131   -19.4665   -19.5874   -19.7160   -19.8016     0.7534     0.8744     0.1286
204.140966  59.369727  18.2418  16.9694  16.3862  16.0514  15.8055    0.07000000   0.00018582  20987.301    55.707435   0.172285   0.835199    -156.761 0   0.196026   0.136778   0.094491   0.000297  -0.077685   -19.3754   -20.5886   -21.1295   -21.3701   -21.5380     1.2132     1.7541     0.2406
203.732113  59.295479  19.8906  17.9427  17.1207  16.7055  16.4044    0.07100000   0.00016082  21277.260    48.212623   0.173862   0.842842     133.198 0   0.179719   0.144447   0.053869   0.031678   0.038170   -17.7380   -19.6506   -20.3821   -20.7751   -21.0827     1.9126     2.6441     0.3930
203.678630  59.223778  19.0021  17.8548  17.4574  17.1786  17.0423    0.06410000   0.00007826  19215.497    23.461758   0.178280   0.864260   -1928.565 0   0.153662   0.041947   0.073907  -0.025899  -0.062121   -18.3808   -19.4164   -19.8458   -20.0248   -20.1248     1.0356     1.4649     0.1790
204.372508  59.182334  18.2912  16.4903  15.5729  15.1349  14.8135    0.06580000   0.00016539  19724.245    49.582675   0.179472   0.870040   -1419.817 0   0.443421   0.372644   0.149545   0.090038   0.058997   -19.4385   -21.1687   -21.8630   -22.2414   -22.5318     1.7301     2.4244     0.3785
204.383005  59.221671  20.0924  18.5084  17.7566  17.4173  17.1819    0.06830000   0.00015629  20473.337    46.854563   0.183533   0.889725    -670.726 0   0.084708   0.059330   0.026919   0.015728   0.016678   -17.3599   -18.9185   -19.6379   -19.9660   -20.2024     1.5586     2.2780     0.3281
203.681466  59.260165  19.4991  17.7836  16.9233  16.5297  16.2257    0.07040000   0.00015339  21115.162    45.985165   0.183711   0.890590     -28.900 0   0.315370   0.247415   0.100621   0.057583   0.049830   -18.2499   -19.8974   -20.6109   -20.9615   -21.2577     1.6475     2.3611     0.3506
204.195691  59.372880  19.1378  17.2818  16.4298  16.0336  15.7183    0.06890000   0.00016553  20643.948    49.624646   0.186572   0.904458    -500.114 0   0.206449   0.163651   0.059664   0.035300   0.042705   -18.4341   -20.2473   -20.9953   -21.3671   -21.6898     1.8132     2.5612     0.3718
203.892486  59.032909  18.1579  16.2646  15.4034  14.9684  14.6285    0.07340000   0.00017957  22005.966    53.833732   0.187773   0.910280     861.903 0   0.292956   0.224854   0.081152   0.052249   0.054970   -19.6596   -21.4848   -22.2023   -22.6084   -22.9511     1.8252     2.5427     0.4061
204.233324  59.363309  19.1778  17.4157  16.5992  16.2070  15.9142    0.07150000   0.00017269  21429.555    51.771160   0.188337   0.913016     285.492 0   0.211285   0.159507   0.064707   0.033132   0.039974   -18.4765   -20.1868   -20.9085   -21.2691   -21.5688     1.7103     2.4320     0.3606
204.267858  59.065779  20.0052  18.2627  17.4547  17.1039  16.8301    0.06980000   0.00014562  20917.269    43.655778   0.188657   0.914566    -226.793 0   0.145070   0.110608   0.047252   0.025266   0.029676   -17.5336   -19.2416   -19.9863   -20.3151   -20.5933     1.7080     2.4527     0.3288
203.800973  59.357520  18.8678  16.9620  16.0845  15.6567  15.2949    0.07240000   0.00017349  21715.647    52.010994   0.188673   0.914644     571.584 0   0.325473   0.249956   0.090025   0.060400   0.058980   -18.9311   -20.7614   -21.4790   -21.8771   -22.2375     1.8303     2.5479     0.3982
203.759839  59.340642  18.9184  17.1248  16.3244  15.9269  15.6024    0.07020000   0.00015878  21042.283    47.601046   0.190042   0.921279    -101.780 0   0.122236   0.107014   0.039440   0.025884   0.029013   -18.6312   -20.4096   -21.1425   -21.5264   -21.8540     1.7784     2.5112     0.3839
203.907962  59.020841  19.7744  17.9782  17.1390  16.6774  16.3644    0.06990000   0.00016827  20953.994    50.446077   0.196498   0.952578    -190.068 0   0.263236   0.202887   0.073197   0.045308   0.051055   -17.8857   -19.6215   -20.3310   -20.7647   -21.0835     1.7359     2.4454     0.4337
203.929087  59.011884  19.8348  18.0066  17.1775  16.7670  16.4829    0.07270000   0.00015878  21793.233    47.601046   0.202134   0.979901     649.171 0   0.224625   0.172660   0.066129   0.036696   0.043739   -17.8935   -19.6698   -20.3923   -20.7734   -21.0645     1.7762     2.4988     0.3811
204.255451  59.378031  18.9312  17.2650  16.4545  16.0119  15.6696    0.06780000   0.00016574  20312.138    49.687602   0.206887   1.002939    -831.924 0   0.341134   0.279878   0.121663   0.064178   0.041697   -18.7403   -20.3452   -20.9975   -21.3826   -21.7024     1.6049     2.2572     0.3851
203.642826  59.136453  19.4130  18.0432  17.4858  17.1985  16.9914    0.06680000   0.00017321  20031.772    51.927052   0.208522   1.010870   -1112.290 0   0.101315   0.041531   0.037251   0.012118  -0.027519   -18.0075   -19.3175   -19.8706   -20.1328   -20.3003     1.3100     1.8631     0.2622
203.928453  59.002280  20.2475  18.4305  17.5751  17.1571  16.8478    0.07060000   0.00016126  21169.635    48.344532   0.211536   1.025480      25.572 0   0.244028   0.189284   0.068580   0.041419   0.048251   -17.4151   -19.1773   -19.9120   -20.3029   -20.6190     1.7623     2.4970     0.3908
203.739182  59.051270  18.4331  17.3081  16.8557  16.5189  16.3023    0.06540000   0.00009303  19608.465    27.889692   0.214515   1.039921   -1535.597 0   0.174950   0.105020   0.093515  -0.033721  -0.097703   -19.0149   -20.0699   -20.5108   -20.7204   -20.8730     1.0551     1.4960     0.2096
204.392095  59.319167  20.1532  18.1852  17.3415  16.9265  16.6211    0.06890000   0.00020284  20649.764    60.809902   0.218174   1.057659    -494.298 0   0.200999   0.160070   0.058380   0.034639   0.041900   -17.4132   -19.3403   -20.0823   -20.4735   -20.7862     1.9271     2.6691     0.3913
203.748548  59.030037  18.3857  16.5576  15.7747  15.3847  15.0907    0.07250000   0.00015897  21731.626    47.658007   0.227457   1.102658     587.563 0   0.115661   0.096435   0.037956   0.023672   0.026415   -19.2033   -21.0121   -21.7366   -22.1123   -22.4090     1.8089     2.5333     0.3757
204.059053  58.975541  18.3902  17.2723  16.5308  16.1426  15.8214    0.06670000   0.00017593  19991.150    52.742487   0.232993   1.129496   -1152.912 0   0.285912   0.335482   0.157181   0.053940  -0.035186   -19.1870   -20.3544   -20.9176   -21.2026   -21.4347     1.1675     1.7307     0.2850
203.670170  59.367752  20.0687  18.3513  17.5765  17.1918  16.9112    0.07090000   0.00015000  21243.114    44.968869   0.242159   1.173932      99.051 0   0.182042   0.132442   0.058879   0.027414   0.033222   -17.5624   -19.2302   -19.9314   -20.2847   -20.5711     1.6678     2.3690     0.3532
204.357128  59.384942  18.6451  16.7518  15.8673  15.4355  15.1228    0.07170000   0.00018486  21483.367    55.419634   0.245286   1.189091     339.305 0   0.321789   0.247203   0.089313   0.059472   0.058411   -19.1289   -20.9477   -21.6743   -22.0762   -22.3879     1.8187     2.5453     0.4020
204.330423  59.406536  20.0167  18.2637  17.4259  17.0078  16.7188    0.07480000   0.00015136  22426.425    45.376586   0.252632   1.224702    1282.362 0   0.270462   0.206745   0.080203   0.045842   0.048993   -17.7983   -19.4876   -20.1988   -20.5826   -20.8747     1.6893     2.4005     0.3837
203.693046  59.396198  19.7061  17.7213  16.8557  16.4304  16.0916    0.07140000   0.00015531  21416.634    46.560767   0.253813   1.230430     272.571 0   0.278156   0.213856   0.076883   0.048781   0.053191   -18.0152   -19.9357   -20.6643   -21.0615   -21.4047     1.9205     2.6491     0.3972
203.950660  59.459610  18.7890  17.9132  17.6427  17.3562  17.3451    0.06620000   0.00006907  19855.135    20.706665   0.254609   1.234287   -1288.928 0   0.140484   0.021106   0.074550  -0.038591  -0.019212   -18.6476   -19.4040   -19.7279   -19.9013   -19.9318     0.7564     1.0804     0.1734
203.633538  59.365802  19.3985  17.3746  16.4855  16.0526  15.7051    0.07220000   0.00018246  21645.255    54.700132   0.255334   1.237800     501.193 0   0.344062   0.264650   0.095385   0.065141   0.060975   -18.4342   -20.3787   -21.0985   -21.5012   -21.8445     1.9445     2.6643     0.4027
203.795003  59.442764  19.9051  18.1193  17.3470  16.9636  16.6441    0.06790000   0.00016103  20347.574    48.275580   0.262839   1.274183    -796.489 0   0.053457   0.052362   0.018783   0.014840   0.013827   -17.5032   -19.2879   -20.0266   -20.4060   -20.7245     1.7847     2.5234     0.3795
203.609977  59.373732  17.4118  15.3139  14.4244  13.9850  13.6654    0.07230000   0.00020928  21668.010    62.740566   0.269719   1.307538     523.947 0   0.331284   0.254393   0.091424   0.061862   0.059743   -20.3899   -22.4109   -23.1375   -23.5473   -23.8648     2.0210     2.7475     0.4098
203.703476  59.421520  19.2876  17.3976  16.5214  16.0793  15.7199    0.07260000   0.00021065  21751.142    63.151281   0.269832   1.308087     607.080 0   0.334336   0.256896   0.092510   0.062647   0.059987   -18.5262   -20.3387   -21.0506   -21.4628   -21.8195     1.8126     2.5244     0.4122
204.103923  59.475119  19.1154  17.6378  16.8861  16.4144  16.0742    0.07580000   0.00009241  22728.705    27.703821   0.270218   1.309954    1584.643 0   0.362899   0.320930   0.143566   0.066930   0.029268   -18.8422   -20.2778   -20.8522   -21.2472   -21.5498     1.4356     2.0100     0.3951
204.103944  58.932755  18.3802  16.5088  15.6871  15.2785  14.9732    0.06970000   0.00016579  20880.874    49.702592   0.278061   1.347975    -263.188 0   0.170375   0.139118   0.051384   0.030960   0.036991   -19.1808   -21.0209   -21.7549   -22.1430   -22.4544     1.8401     2.5741     0.3882
203.954095  59.483667  18.5566  16.8315  16.0336  15.6598  15.3802    0.07130000   0.00017049  21371.275    51.111616   0.278179   1.348552     227.213 0   0.186258   0.136315   0.059824   0.028130   0.034146   -19.0910   -20.7661   -21.4875   -21.8296   -22.1153     1.6752     2.3966     0.3421
203.484487  59.243249  19.2648  17.4148  16.5513  16.1497  15.8581    0.06690000   0.00015078  20068.947    45.202707   0.279204   1.353521   -1075.116 0   0.285511   0.219198   0.083105   0.049959   0.051866   -18.3219   -20.1056   -20.8330   -21.2014   -21.4949     1.7837     2.5111     0.3685
203.951120  59.488203  18.2024  17.0909  16.6348  16.2664  16.1139    0.06610000   0.00007423  19813.943    22.253594   0.282877   1.371325   -1330.119 0   0.174031   0.122517   0.098777  -0.031135  -0.100589   -19.2679   -20.3278   -20.7602   -20.9987   -21.0817     1.0600     1.4923     0.2385
203.597013  59.395147  20.1430  18.2495  17.3813  16.9812  16.6630    0.07340000   0.00015083  21997.212    45.217696   0.288404   1.398119     853.149 0   0.265753   0.204414   0.074699   0.045738   0.050933   -17.6473   -19.4795   -20.2180   -20.5891   -20.9125     1.8322     2.5706     0.3711
204.240145  59.482226  19.5084  17.8889  17.0764  16.6953  16.4043    0.06970000   0.00016357  20898.442    49.037052   0.295514   1.432587    -245.620 0   0.274742   0.210771   0.094338   0.043567   0.037871   -18.1569   -19.7125   -20.4085   -20.7388   -21.0242     1.5555     2.2516     0.3303
203.451303  59.176763  19.1595  17.4624  16.5800  16.1629  15.8370    0.07360000   0.00017020  22065.684    51.024676   0.295590   1.432954     921.622 0   0.394931   0.328109   0.134970   0.079408   0.052486   -18.7659   -20.3962   -21.0855   -21.4470   -21.7460     1.6303     2.3195     0.3615
204.297254  59.480525  19.4497  17.5481  16.6786  16.2680  15.9498    0.07200000   0.00016263  21588.924    48.755247   0.306069   1.483753     444.862 0   0.263270   0.202994   0.073009   0.045350   0.051167   -18.2718   -20.1131   -20.8526   -21.2355   -21.5596     1.8413     2.5808     0.3829
203.972221  58.885968  19.5598  17.9437  17.1548  16.7451  16.4180    0.07230000   0.00016275  21674.515    48.791223   0.323085   1.566245     530.453 0   0.273786   0.209688   0.093309   0.043464   0.038574   -18.1844   -19.7364   -20.4089   -20.7688   -21.0910     1.5520     2.2245     0.3599
203.542611  58.993392  17.7422  15.8255  14.9640  14.4924  14.1306    0.06750000   0.00018058  20248.222    54.136522   0.327296   1.586659    -895.840 0   0.382403   0.303398   0.116207   0.076477   0.060024   -19.9821   -21.8198   -22.4941   -22.9260   -23.2713     1.8377     2.5120     0.4319
203.880481  58.888874  20.1639  18.1825  17.3181  16.8837  16.5390    0.06720000   0.00017217  20151.479    51.615267   0.327550   1.587891    -992.583 0   0.292346   0.224347   0.080512   0.052122   0.055121   -17.4360   -19.3494   -20.0700   -20.4760   -20.8237     1.9134     2.6340     0.4060
203.919001  59.534470  18.8876  17.1507  16.3589  15.9972  15.6868    0.07110000   0.00015213  21302.682    45.607427   0.331089   1.605046     158.620 0   0.098403   0.081436   0.032659   0.020849   0.022567   -18.6660   -20.3859   -21.1289   -21.4788   -21.7909     1.7199     2.4630     0.3499
204.018943  58.873994  18.5502  17.5200  17.1155  16.8092  16.6412    0.07640000   0.00008409  22916.735    25.209548   0.333923   1.618785    1772.673 0   0.167982   0.089732   0.093942  -0.057245  -0.078175   -19.2267   -20.1786   -20.5873   -20.7425   -20.8895     0.9520     1.3607     0.1551
203.953288  58.864971  19.1290  17.2948  16.4727  16.0637  15.7534    0.06680000   0.00015700  20025.357    47.067416   0.344916   1.672073   -1118.706 0   0.186967   0.149088   0.055669   0.032386   0.039219   -18.3772   -20.1735   -20.9022   -21.2879   -21.6050     1.7963     2.5250     0.3857
203.562366  58.953370  20.3568  18.3976  17.6212  17.2357  16.9847    0.06940000   0.00016317  20807.545    48.917135   0.347846   1.686281    -336.517 0   0.149596   0.115336   0.048231   0.026149   0.030869   -17.1740   -19.0989   -19.8082   -20.1716   -20.4273     1.9249     2.6342     0.3634
204.140739  58.863186  18.9568  17.4784  16.7347  16.3313  16.0616    0.07110000   0.00014494  21302.952    43.451919   0.349726   1.695391     158.890 0   0.293869   0.242839   0.118910   0.046177   0.013143   -18.7922   -20.2196   -20.8394   -21.1701   -21.4067     1.4274     2.0471     0.3307
204.168732  58.863956  18.6341  17.5185  17.1453  16.8560  16.7270    0.07330000   0.00007173  21966.093    21.504113   0.351673   1.704831     822.031 0   0.162136   0.041363   0.078739  -0.043002  -0.053470   -19.0496   -20.0445   -20.4550   -20.6226   -20.7411     0.9948     1.4054     0.1676
204.617602  58.995897  19.2415  17.3571  16.5044  16.1081  15.7835    0.06950000   0.00017496  20832.908    52.451688   0.369894   1.793163    -311.155 0   0.218089   0.171470   0.062402   0.036975   0.044438   -18.3822   -20.2199   -20.9636   -21.3344   -21.6665     1.8378     2.5814     0.3709
204.712160  59.324717  20.1675  18.3845  17.5209  17.1568  16.8454    0.06750000   0.00015233  20243.905    45.667385   0.370420   1.795714    -900.157 0   0.271222   0.207081   0.082565   0.045528   0.047598   -17.4456   -19.1645   -19.9036   -20.2306   -20.5441     1.7189     2.4579     0.3271
203.723401  58.868840  19.7576  18.1281  17.3048  16.8032  16.4321    0.07300000   0.00021633  21883.710    64.854102   0.372664   1.806593     739.648 0   0.448508   0.405881   0.167498   0.087780   0.051102   -18.2004   -19.7873   -20.3722   -20.7941   -21.1285     1.5869     2.1718     0.4219
203.349148  59.348339  17.9021  17.0438  16.7562  16.4824  16.3804    0.06780000   0.00007550  20322.091    22.634331   0.373639   1.811317    -821.971 0   0.138248   0.020261   0.073594  -0.037232  -0.018028   -19.5665   -20.3068   -20.6477   -20.8107   -20.9319     0.7403     1.0812     0.1630
203.475260  59.453553  19.6016  18.0084  17.2009  16.8417  16.5297    0.07430000   0.00015098  22278.237    45.262665   0.373751   1.811860    1134.175 0   0.149054   0.115066   0.048059   0.026125   0.030817   -18.0986   -19.6578   -20.3983   -20.7356   -21.0523     1.5592     2.2997     0.3373
203.281469  59.190822  19.5668  17.9911  17.2877  16.9834  16.7575    0.06970000   0.00014340  20906.657    42.990238   0.381270   1.848313    -237.406 0   0.049291   0.027275   0.012720   0.007567   0.006631   -17.8731   -19.4268   -20.1156   -20.4147   -20.6397     1.5537     2.2425     0.2991
203.734613  58.848173  18.4047  16.6532  15.8773  15.5307  15.2670    0.06830000   0.00015138  20484.879    45.382582   0.389331   1.887387    -659.184 0   0.110597   0.083039   0.036599   0.020606   0.022978   -19.0735   -20.7974   -21.5269   -21.8575   -22.1236     1.7239     2.4534     0.3306
204.751085  59.080757  19.8803  17.9859  17.1105  16.7074  16.3556    0.06880000   0.00017402  20619.425    52.169884   0.392602   1.903246    -524.637 0   0.279368   0.214712   0.077351   0.049037   0.053276   -17.7826   -19.6123   -20.3504   -20.7251   -21.0812     1.8297     2.5678     0.3748
204.509333  59.512876  18.5912  17.4397  17.0726  16.7525  16.6361    0.06930000   0.00006804  20786.979    20.397879   0.392885   1.904619    -357.083 0   0.171462   0.064214   0.086768  -0.059554  -0.067815   -18.9795   -20.0238   -20.4134   -20.5872   -20.6954     1.0443     1.4339     0.1738
204.427434  58.869378  19.2922  17.7398  16.9618  16.4972  16.2136    0.07430000   0.00009519  22288.880    28.537244   0.396149   1.920441    1144.817 0   0.354254   0.311061   0.140472   0.064192   0.027321   -18.6132   -20.1224   -20.7298   -21.1181   -21.3649     1.5092     2.1166     0.3883
204.019114  58.810542  19.1148  17.3016  16.4410  16.0068  15.6352    0.07260000   0.00017752  21758.937    53.219157   0.397372   1.926369     614.874 0   0.287668   0.220789   0.079404   0.050949   0.054441   -18.6523   -20.3986   -21.1179   -21.5236   -21.8987     1.7463     2.4655     0.4057
203.896583  58.812578  19.2451  17.6462  16.9002  16.5782  16.3348    0.05970000   0.00013901  17900.398    41.674150   0.400793   1.942956   -3243.664 1   0.069384   0.046453   0.020874   0.012674   0.013088   -17.8985   -19.4745   -20.1949   -20.5087   -20.7525     1.5760     2.2964     0.3138
204.506901  58.876611  20.6177  18.2613  17.3159  16.8350  16.4889    0.07230000   0.00015085  21668.519    45.223692   0.412899   2.001640     524.457 0   0.523427   0.432422   0.165289   0.104073   0.071573   -17.3762   -19.6416   -20.3198   -20.7395   -21.0531     2.2654     2.9437     0.4197
203.728669  59.592475  19.0823  17.3486  16.4468  15.9231  15.5364    0.07680000   0.00016817  23014.617    50.416098   0.413507   2.004590    1870.555 1   0.523794   0.450366   0.174839   0.101832   0.069369   -19.0406   -20.7008   -21.3271   -21.7778   -22.1320     1.6603     2.2865     0.4507
204.792423  59.344367  19.0648  17.9652  17.5173  17.2838  17.0842    0.07500000   0.00007693  22495.197    23.063034   0.415648   2.014968    1351.135 0   0.096157   0.025069   0.039383   0.003237  -0.044015   -18.6029   -19.6314   -20.0937   -20.2910   -20.4434     1.0285     1.4907     0.1974
203.575291  59.554013  19.6304  17.7850  17.0006  16.6360  16.3551    0.07380000   0.00015544  22119.527    46.599740   0.415827   2.015837     975.465 0   0.129821   0.101500   0.042501   0.024066   0.027650   -18.0146   -19.8317   -20.5571   -20.9033   -21.1878     1.8171     2.5425     0.3462
203.326315  59.424820  19.1335  17.8961  17.3259  17.0222  16.7738    0.07170000   0.00019155  21487.055    57.425245   0.418531   2.028944     342.993 0   0.124182   0.055409   0.049518   0.012516  -0.029038   -18.4429   -19.6116   -20.1759   -20.4426   -20.6494     1.1686     1.7329     0.2667
203.870407  59.630431  17.5925  15.8184  14.9278  14.4841  14.1383    0.07100000   0.00018715  21271.414    56.106159   0.429926   2.084183     127.352 0   0.415635   0.338134   0.132829   0.085118   0.059995   -20.2720   -21.9686   -22.6539   -23.0499   -23.3706     1.6966     2.3819     0.3960
203.764810  59.626761  19.1211  18.0115  17.5186  17.1824  17.0576    0.07690000   0.00007373  23059.226    22.103698   0.439607   2.131116    1915.164 1   0.172504   0.134922   0.102328  -0.030790  -0.101567   -18.6775   -19.7495   -20.2098   -20.4129   -20.4669     1.0720     1.5323     0.2031
204.689528  58.926205  19.9330  18.1861  17.3276  16.9383  16.6153    0.06810000   0.00016761  20409.781    50.248214   0.441481   2.140203    -734.282 0   0.307544   0.239700   0.096795   0.055207   0.049926   -17.7111   -19.3902   -20.1058   -20.4535   -20.7712     1.6791     2.3947     0.3477
203.711406  59.620435  18.6118  17.2013  16.4561  16.0034  15.7157    0.07650000   0.00009649  22932.264    28.926974   0.442763   2.146416    1788.202 1   0.327904   0.292882   0.137529   0.055376   0.011947   -19.3096   -20.6851   -21.2750   -21.6455   -21.8898     1.3755     1.9653     0.3705
203.793603  59.636878  19.2674  17.2764  16.3526  15.9227  15.5899    0.07760000   0.00019766  23270.910    59.256977   0.445101   2.157749    2126.848 1   0.381275   0.295590   0.107662   0.074936   0.063812   -18.7385   -20.6438   -21.3797   -21.7769   -22.0986     1.9053     2.6412     0.3972
203.664027  58.802999  17.9560  16.6929  16.1138  15.7384  15.5296    0.07420000   0.00010073  22257.372    30.198094   0.445182   2.158143    1113.309 0   0.202503   0.147642   0.097403   0.005434  -0.070882   -19.7947   -21.0030   -21.5318   -21.8152   -21.9477     1.2082     1.7371     0.2834
203.686930  59.619006  18.5408  16.7148  15.8302  15.4346  15.1110    0.07650000   0.00017354  22925.399    52.025983   0.446149   2.162829    1781.337 1   0.305673   0.235139   0.087076   0.055270   0.055383   -19.3584   -21.1139   -21.8504   -22.2142   -22.5379     1.7555     2.4920     0.3638
203.245956  59.411019  18.9457  17.4978  16.7185  16.2901  15.9199    0.07200000   0.00017403  21583.378    52.172881   0.447786   2.170766     439.316 0   0.380663   0.337013   0.147656   0.072340   0.035296   -18.8932   -20.2974   -20.8873   -21.2404   -21.5736     1.4042     1.9942     0.3531
204.470654  59.596605  19.6187  18.0325  17.2867  16.9085  16.6030    0.07180000   0.00014989  21536.611    44.935892   0.450581   2.184314     392.548 0   0.116540   0.084889   0.038765   0.020706   0.023254   -17.9744   -19.5289   -20.2286   -20.5887   -20.8968     1.5545     2.2542     0.3601
203.731675  58.781175  18.5187  16.6683  15.7189  15.3037  14.9920    0.07140000   0.00016842  21394.689    50.491046   0.452459   2.193418     250.626 0   0.419055   0.332465   0.125308   0.085537   0.064288   -19.3435   -21.1073   -21.8495   -22.2250   -22.5154     1.7638     2.5061     0.3754
203.440718  59.552205  18.7048  16.9299  16.1253  15.7515  15.4565    0.07050000   0.00016989  21134.139    50.931741   0.456251   2.211802      -9.923 0   0.140039   0.111115   0.045173   0.025828   0.030050   -18.8687   -20.6147   -21.3533   -21.7078   -22.0070     1.7460     2.4846     0.3545
203.745989  58.773796  18.2630  17.0235  16.4368  16.0814  15.8737    0.07850000   0.00017922  23526.813    53.728804   0.457079   2.215814    2382.750 1   0.202330   0.154948   0.101111   0.005036  -0.079080   -19.5891   -20.7812   -21.3141   -21.5734   -21.6970     1.1921     1.7250     0.2593
203.249787  58.964266  19.1391  17.2900  16.4438  16.0600  15.7125    0.06990000   0.00015162  20969.133    45.454532   0.465887   2.258517    -174.929 0   0.184519   0.149033   0.054562   0.032603   0.039363   -18.4422   -20.2559   -21.0076   -21.3694   -21.7237     1.8136     2.5653     0.3618
203.112882  59.207631  18.7598  17.1092  16.2739  15.8198  15.5208    0.06870000   0.00015245  20603.656    45.703360   0.467192   2.264840    -540.406 0   0.390032   0.338213   0.145434   0.075406   0.042122   -18.9893   -20.5881   -21.2306   -21.6147   -21.8804     1.5988     2.2413     0.3841
203.746654  59.660717  20.0002  18.0096  17.1501  16.7519  16.4423    0.06980000   0.00016812  20928.511    50.401108   0.474784   2.301648    -215.551 0   0.235663   0.183423   0.066528   0.039783   0.047040   -17.6292   -19.5675   -20.3101   -20.6816   -20.9984     1.9384     2.6810     0.3715
204.919156  59.052196  18.5340  17.2874  16.6566  16.2367  15.9828    0.07330000   0.00009354  21986.719    28.042587   0.483255   2.342713     842.657 0   0.252225   0.243130   0.127621   0.028569  -0.048409   -19.2398   -20.4773   -20.9926   -21.3135   -21.4904     1.2375     1.7528     0.3208
204.727271  58.880433  18.9333  17.7616  17.2579  16.9434  16.8144    0.06720000   0.00008531  20135.920    25.575295   0.486105   2.356526   -1008.142 0   0.171326   0.079666   0.078807  -0.015836  -0.088208   -18.5456   -19.6256   -20.1285   -20.3483   -20.4049     1.0800     1.5829     0.2199
203.199047  59.449819  20.2566  18.4137  17.5756  17.2190  16.8977    0.07240000   0.00014837  21713.548    44.480207   0.487363   2.362626     569.486 0   0.117804   0.103986   0.038301   0.025383   0.028228   -17.3346   -19.1637   -19.9361   -20.2798   -20.6040     1.8291     2.6015     0.3437
204.987229  59.202616  17.8443  16.7178  16.0098  15.6176  15.3348    0.06940000   0.00134046  20817.169   401.859798   0.492361   2.386855    -326.894 0   0.254329   0.322393   0.153842   0.044658  -0.055641   -19.7912   -20.9858   -21.5252   -21.8082   -21.9907     1.1946     1.7340     0.2830
204.170776  58.714882  19.5843  18.7581  18.4974  18.1433  18.1318    0.07940000   0.00007754  23800.074    23.245907   0.498596   2.417079    2656.011 1   0.170369   0.040546   0.085954  -0.077188  -0.032851   -18.2607   -18.9571   -19.2632   -19.4542   -19.5100     0.6964     1.0025     0.1910
203.341883  58.842386  18.5781  16.7809  15.8847  15.4899  15.1616    0.06910000   0.00017420  20721.175    52.223846   0.506036   2.453150    -422.887 0   0.334194   0.261847   0.101721   0.063135   0.055166   -19.1458   -20.8706   -21.6067   -21.9629   -22.2833     1.7249     2.4609     0.3562
203.305553  59.557394  18.8750  17.6383  17.0006  16.6933  16.4301    0.07400000   0.00009479  22182.993    28.417327   0.507918   2.462274    1038.931 0   0.006900   0.003397   0.001435   0.000980   0.000616   -18.6742   -19.9074   -20.5432   -20.8500   -21.1128     1.2332     1.8689     0.3068
203.215160  58.910933  19.5539  17.7310  16.9098  16.5294  16.2875    0.06950000   0.00014278  20839.113    42.804367   0.510172   2.473199    -304.949 0   0.236907   0.177206   0.074020   0.036617   0.041513   -18.0886   -19.8518   -20.5698   -20.9128   -21.1596     1.7632     2.4812     0.3430
204.014631  59.724038  19.8382  18.0369  17.2386  16.8174  16.4922    0.07060000   0.00015855  21153.686    47.532094   0.516168   2.502268       9.623 0   0.139187   0.117831   0.043864   0.027595   0.031797   -17.7195   -19.4995   -20.2238   -20.6287   -20.9581     1.7799     2.5043     0.4049
204.063709  59.723921  18.8314  16.9182  16.0411  15.5844  15.2403    0.07000000   0.00018026  20980.885    54.040588   0.516392   2.503351    -163.177 0   0.364609   0.285799   0.107676   0.071339   0.059992   -18.9544   -20.7888   -21.4878   -21.9081   -22.2409     1.8344     2.5334     0.4204
203.210555  59.512501  18.8909  16.9937  16.1076  15.7476  15.4067    0.07360000   0.00016314  22061.757    48.908142   0.516556   2.504146     917.695 0   0.268151   0.205559   0.077307   0.045880   0.050118   -18.9078   -20.7424   -21.5002   -21.8288   -22.1739     1.8346     2.5925     0.3286
203.012069  59.228787  18.8211  17.6231  17.0955  16.7068  16.4775    0.06990000   0.00010054  20960.319    30.141134   0.519220   2.517063    -183.743 0   0.193352   0.161509   0.106020  -0.004389  -0.096934   -18.7691   -19.9352   -20.4074   -20.6856   -20.8224     1.1662     1.6383     0.2783
203.900076  58.688475  19.7605  17.9529  17.1674  16.7867  16.4493    0.07200000   0.00014494  21596.089    43.451919   0.523378   2.537221     452.027 0   0.056579   0.055835   0.019977   0.015711   0.014765   -17.7543   -19.5611   -20.3108   -20.6872   -21.0237     1.8069     2.5565     0.3764
203.094928  59.447360  18.9450  17.0832  16.2018  15.8438  15.5371    0.07200000   0.00016552  21593.721    49.621648   0.533180   2.584739     449.659 0   0.277416   0.212468   0.083036   0.047462   0.049379   -18.7906   -20.5875   -21.3394   -21.6619   -21.9705     1.7969     2.5488     0.3224
203.399375  58.769267  19.4616  17.4509  16.5488  16.1383  15.8285    0.07120000   0.00016907  21352.508    50.685911   0.543266   2.633630     208.446 0   0.323579   0.248336   0.089192   0.059905   0.058898   -18.2990   -20.2344   -20.9774   -21.3586   -21.6674     1.9355     2.6784     0.3812
203.797163  58.664127  18.2969  16.3777  15.4454  15.0269  14.7028    0.06900000   0.00018267  20696.262    54.763088   0.556195   2.696308    -447.800 0   0.385614   0.299487   0.109402   0.076139   0.063981   -19.4785   -21.3116   -22.0538   -22.4391   -22.7510     1.8331     2.5753     0.3852
203.989443  58.647155  17.8561  16.6373  16.0975  15.7536  15.5742    0.07430000   0.00016604  22285.462    49.777540   0.561048   2.719836    1141.400 0   0.189542   0.128251   0.093493  -0.006265  -0.088992   -19.8846   -21.0421   -21.5471   -21.7913   -21.8879     1.1575     1.6626     0.2441
204.566419  58.699938  19.4789  18.1627  17.5925  17.1243  16.8277    0.07400000   0.00007528  22173.310    22.568376   0.578537   2.804616    1029.247 0   0.234479   0.201640   0.114048   0.021108  -0.051231   -18.2979   -19.5813   -20.0639   -20.4391   -20.6634     1.2834     1.7660     0.3753
202.896306  59.107814  19.0494  17.2329  16.4651  16.1458  15.8625    0.06910000   0.00014927  20713.770    44.750020   0.586662   2.844006    -430.292 0   0.043741   0.033459   0.013052   0.009563   0.009413   -18.3840   -20.1902   -20.9376   -21.2535   -21.5366     1.8062     2.5536     0.3158
204.305922  59.792102  18.7591  17.4208  16.9071  16.5098  16.3232    0.06920000   0.00015303  20755.621    45.877240   0.601581   2.916331    -388.441 0   0.184842   0.110892   0.085625  -0.005579  -0.079825   -18.8219   -20.0862   -20.5747   -20.8808   -20.9931     1.2644     1.7528     0.3061
203.324729  58.724608  19.1223  17.3064  16.4010  16.0055  15.6882    0.07960000   0.00015422  23877.630    46.233993   0.601886   2.917810    2733.568 1   0.341360   0.266668   0.101557   0.065023   0.057270   -18.9204   -20.6616   -21.4019   -21.7608   -22.0704     1.7412     2.4815     0.3590
203.688584  58.626272  19.3688  17.8632  17.1244  16.7245  16.3955    0.06910000   0.00015415  20722.194    46.213007   0.606662   2.940963    -421.868 0   0.286462   0.229437   0.111265   0.045435   0.020725   -18.3074   -19.7559   -20.3766   -20.7106   -21.0149     1.4486     2.0692     0.3341
204.568640  58.650093  18.2235  17.2759  16.7696  16.3813  16.2239    0.08170000   0.00009852  24496.342    29.535553   0.623265   3.021448    3352.279 1   0.147937   0.206379   0.119291  -0.031025  -0.096246   -19.6585   -20.6645   -21.0838   -21.3217   -21.4139     1.0060     1.4253     0.2380
204.882994  58.739750  18.5456  17.4950  17.2041  16.9515  17.1207    0.07310000   0.00007443  21911.171    22.313553   0.641764   3.111127     767.109 0   0.131700   0.018299   0.070098  -0.032994  -0.015666   -19.1018   -20.0389   -20.3816   -20.5312   -20.3793     0.9372     1.2799     0.1495
202.873603  59.465019  18.4071  16.5627  15.6745  15.2971  14.9803    0.07490000   0.00016051  22456.224    48.119687   0.643302   3.118583    1312.162 1   0.302148   0.232766   0.087950   0.054236   0.053939   -19.4394   -21.2145   -21.9579   -22.3015   -22.6180     1.7750     2.5184     0.3437
205.222490  59.004968  19.1569  18.4031  18.2078  17.9040  17.8701    0.07190000   0.00003506  21557.416    10.510724   0.645497   3.129225     413.354 0   0.137375   0.020001   0.073188  -0.036584  -0.017765   -18.4388   -19.0752   -19.3237   -19.5177   -19.5705     0.6364     0.8849     0.1940
204.638164  59.774014  19.8594  18.1656  17.3890  17.0154  16.7690    0.07100000   0.00015257  21270.755    45.739335   0.647189   3.137425     126.692 0   0.215087   0.153730   0.071633   0.029263   0.033111   -17.8046   -19.4370   -20.1315   -20.4628   -20.7130     1.6324     2.3269     0.3312
204.792694  59.727133  18.6106  16.7734  15.9329  15.5261  15.2358    0.06920000   0.00016363  20736.464    49.055040   0.651038   3.156088    -407.598 0   0.233832   0.180501   0.067466   0.038780   0.045810   -19.0194   -20.8032   -21.5307   -21.9088   -22.2062     1.7839     2.5113     0.3781
203.163764  58.728080  19.0942  18.0065  17.5435  17.2058  17.0232    0.07980000   0.00008833  23930.693    26.480668   0.651794   3.159750    2786.631 1   0.171718   0.126398   0.100381  -0.034055  -0.099704   -18.7631   -19.8055   -20.2425   -20.4457   -20.5627     1.0424     1.4794     0.2033
203.789492  59.848797  20.1381  18.3886  17.5712  17.1538  16.8126    0.06980000   0.00017606  20917.359    52.781460   0.652186   3.161650    -226.703 0   0.171707   0.140279   0.051626   0.031179   0.037282   -17.4273   -19.1454   -19.8741   -20.2711   -20.6184     1.7181     2.4468     0.3970
203.567445  58.598535  18.7671  17.0465  16.2623  15.8430  15.5427    0.07320000   0.00015491  21944.268    46.440850   0.652925   3.165236     800.206 0   0.195369   0.147678   0.060502   0.030918   0.037663   -18.9257   -20.5986   -21.2956   -21.6853   -21.9924     1.6729     2.3699     0.3897
202.856222  58.939109  19.9964  18.1666  17.3609  17.0094  16.7483    0.07100000   0.00013827  21278.279    41.452303   0.656162   3.180926     134.217 0   0.119841   0.094599   0.039475   0.022989   0.025989   -17.5723   -19.3769   -20.1275   -20.4625   -20.7266     1.8046     2.5551     0.3350
203.201280  58.702282  19.7034  18.0104  17.1138  16.6119  16.2955    0.08040000   0.00016749  24098.097    50.212239   0.658545   3.192477    2954.035 1   0.493215   0.447849   0.178702   0.095704   0.060963   -18.5129   -20.1606   -20.7880   -21.2069   -21.4886     1.6476     2.2751     0.4189
204.365548  59.846954  19.8567  18.1104  17.2034  16.7504  16.3899    0.07010000   0.00015473  21002.530    46.386887   0.662339   3.210872    -141.532 0   0.468464   0.400434   0.160068   0.094086   0.060980   -18.0328   -19.7111   -20.3777   -20.7647   -21.0921     1.6783     2.3449     0.3870
204.881520  58.696405  18.8984  17.7832  17.3685  17.0777  17.0789    0.06880000   0.00008013  20614.899    24.022370   0.673544   3.265191    -529.164 0   0.162412   0.049436   0.077033  -0.032856  -0.068649   -18.6475   -19.6497   -20.0920   -20.2729   -20.2360     1.0022     1.4445     0.1809
204.176694  58.531103  19.5901  18.0395  17.2172  16.8406  16.5627    0.06900000   0.00016353  20674.258    49.025061   0.681209   3.302348    -469.805 0   0.305226   0.244969   0.111632   0.053032   0.033811   -18.1050   -19.5953   -20.2843   -20.6023   -20.8609     1.4903     2.1793     0.3180
203.338698  58.622227  19.6126  17.8356  16.9856  16.5729  16.2199    0.07280000   0.00015480  21822.313    46.407872   0.683102   3.311527     678.250 0   0.228831   0.178988   0.064779   0.038779   0.046139   -18.1017   -19.8288   -20.5646   -20.9513   -21.3117     1.7272     2.4629     0.3867
204.665768  59.818533  19.2551  17.2947  16.3945  15.9775  15.6294    0.07040000   0.00018569  21096.395    55.668462   0.693041   3.359706     -47.667 0   0.336495   0.258742   0.093412   0.063210   0.060101   -18.5150   -20.3977   -21.1325   -21.5193   -21.8643     1.8826     2.6175     0.3868
202.838322  58.852922  19.4881  18.0890  17.3847  17.0171  16.8030    0.07170000   0.00017483  21480.489    52.412715   0.703821   3.411965     336.427 0   0.241033   0.183396   0.101315   0.027032  -0.008825   -18.2052   -19.5467   -20.1689   -20.4622   -20.6404     1.3415     1.9637     0.2933
202.742542  58.946075  17.8978  16.0534  15.2041  14.8108  14.5099    0.07160000   0.00015831  21462.142    47.460144   0.707043   3.427583     318.080 0   0.239423   0.184232   0.069249   0.039771   0.046377   -19.7908   -21.5800   -22.3144   -22.6782   -22.9857     1.7892     2.5235     0.3638
204.650290  58.576340  19.8218  18.0490  17.2036  16.8289  16.5255    0.07080000   0.00015367  21233.880    46.069107   0.707933   3.431899      89.818 0   0.258353   0.195779   0.079890   0.041908   0.044944   -17.8825   -19.5927   -20.3223   -20.6590   -20.9654     1.7102     2.4397     0.3367
202.641537  59.251698  18.8407  18.2905  18.3270  17.9922  18.1477    0.07060000   0.00003453  21161.870    10.351834   0.709837   3.441130      17.808 0   0.130814   0.018162   0.069473  -0.032331  -0.015653   -18.7087   -19.1462   -19.1610   -19.3940   -19.2552     0.4375     0.4524     0.2330
202.640071  59.253691  17.9792  17.1610  16.8727  16.5777  16.4987    0.07010000   0.00007381  21025.105    22.127681   0.710712   3.445370    -118.958 0   0.156041   0.026482   0.080350  -0.052495  -0.023761   -19.5979   -20.2865   -20.6287   -20.7909   -20.8986     0.6886     1.0308     0.1622
202.917438  58.777525  19.5157  17.6096  16.7605  16.3578  16.0889    0.07150000   0.00015392  21432.882    46.144055   0.712031   3.451766     288.820 0   0.233128   0.180059   0.067223   0.038664   0.045752   -18.1604   -20.0134   -20.7497   -21.1238   -21.3998     1.8530     2.5893     0.3741
204.609645  58.556728  17.9395  16.4131  15.7830  15.4501  15.3148    0.07060000   0.00015533  21158.512    46.566763   0.716553   3.473688      14.450 0   0.100900   0.050466   0.033978   0.013318   0.001039   -19.5800   -21.0559   -21.6695   -21.9818   -22.1048     1.4760     2.0896     0.3122
202.620605  59.134680  18.7677  17.5716  17.0866  16.7107  16.5596    0.07870000   0.00008387  23607.877    25.143593   0.722918   3.504542    2463.814 1   0.182085   0.115727   0.092280  -0.017180  -0.098347   -19.0909   -20.2207   -20.6822   -20.9487   -21.0186     1.1297     1.5913     0.2664
204.858101  58.623891  19.4183  17.5023  16.5909  16.1886  15.8795    0.08200000   0.00014628  24570.660    43.853641   0.723006   3.504969    3426.598 1   0.328945   0.253749   0.093239   0.061366   0.058354   -18.6555   -20.4963   -21.2472   -21.6176   -21.9237     1.8408     2.5917     0.3704
203.485624  58.538704  18.5876  17.4466  16.9528  16.5885  16.3821    0.08050000   0.00018431  24147.533    55.254748   0.724022   3.509894    3003.471 1   0.181074   0.137948   0.101124  -0.018444  -0.103286   -19.3193   -20.4172   -20.8741   -21.1189   -21.2404     1.0979     1.5548     0.2447
203.260997  59.818113  19.3813  17.4327  16.5555  16.1729  15.8521    0.07290000   0.00015154  21845.097    45.430549   0.724934   3.514316     701.035 0   0.283839   0.217838   0.081353   0.049708   0.052378   -18.4122   -20.2948   -21.0355   -21.3865   -21.7100     1.8826     2.6233     0.3510
202.610339  59.278959  18.4079  17.1089  16.4850  16.0966  15.8349    0.07060000   0.00017253  21158.153    51.723193   0.727932   3.528852      14.090 0   0.229987   0.196532   0.112732   0.019019  -0.055393   -19.2406   -20.5062   -21.0463   -21.3410   -21.5283     1.2655     1.8056     0.2947
202.824805  58.815988  18.3314  17.1873  16.6725  16.3131  16.1239    0.07230000   0.00009102  21685.517    27.287110   0.728978   3.533920     541.455 0   0.183075   0.147636   0.103643  -0.015400  -0.103199   -19.3221   -20.4308   -20.9016   -21.1419   -21.2433     1.1087     1.5795     0.2404
203.204101  59.804034  18.8952  17.8350  17.4424  17.1659  17.0351    0.06780000   0.00007798  20321.372    23.377816   0.729514   3.536522    -822.690 0   0.158438   0.040622   0.076976  -0.036617  -0.055443   -18.5936   -19.5359   -19.9649   -20.1278   -20.2398     0.9424     1.3713     0.1629
