118.369725  29.349377  19.6275  17.7134  16.8386  16.4218  16.1115    0.06060000   0.00017034  18169.761    51.066647   0.023294   0.097749      91.677 0   0.285462   0.219205   0.078572   0.050478   0.054275   -17.7648   -19.6126   -20.3468   -20.7355   -21.0496     1.8478     2.5820     0.3887
118.350279  29.389683  19.8102  18.2516  17.4686  17.0882  16.7716    0.05700000   0.00014694  17087.001    44.051504   0.023691   0.099414    -991.084 0   0.131101   0.101575   0.042980   0.023992   0.027633   -17.2942   -18.8233   -19.5477   -19.9091   -20.2294     1.5291     2.2535     0.3614
118.319190  29.401388  17.8148  15.6732  14.8020  14.3742  14.1083    0.06030000   0.00017149  18078.984    51.411409   0.044954   0.188640       0.899 0   0.267684   0.206075   0.074563   0.046304   0.051553   -19.5276   -21.6076   -22.3473   -22.7468   -23.0180     2.0800     2.8197     0.3995
118.376882  29.323306  18.6217  16.8004  15.9268  15.5021  15.1948    0.05820000   0.00017390  17441.056    52.133908   0.048287   0.202623    -637.029 0   0.284896   0.218770   0.078640   0.050321   0.054093   -18.6606   -20.4158   -21.1493   -21.5457   -21.8567     1.7552     2.4886     0.3964
118.391480  29.405445  18.2902  16.3636  15.4390  15.0001  14.6678    0.06500000   0.00018032  19497.752    54.058576   0.052919   0.222064    1419.667 0   0.413214   0.327802   0.123752   0.084130   0.063684   -19.3827   -21.2238   -21.9444   -22.3437   -22.6555     1.8412     2.5617     0.3993
118.401245  29.335630  20.0025  18.4168  17.6074  17.2462  16.9957    0.05990000   0.00016691  17958.558    50.038359   0.053290   0.223618    -119.527 0   0.248543   0.184876   0.083060   0.036789   0.037128   -17.3276   -18.8496   -19.5572   -19.8721   -20.1229     1.5220     2.2296     0.3149
118.439568  29.345962  20.1124  18.3055  17.4645  17.0690  16.7972    0.06210000   0.00015758  18602.842    47.241296   0.079746   0.334634     524.757 0   0.258970   0.196277   0.080147   0.042029   0.044966   -17.2854   -19.0296   -19.7545   -20.1119   -20.3866     1.7442     2.4691     0.3574
118.253726  29.395385  20.0271  18.3022  17.4615  17.0764  16.8016    0.06300000   0.00016981  18871.935    50.907757   0.089723   0.376502     793.850 0   0.270007   0.205630   0.086912   0.043817   0.043485   -17.4131   -19.0737   -19.7956   -20.1376   -20.4121     1.6605     2.3825     0.3420
118.319533  29.273156  19.8938  18.1000  17.2802  16.8959  16.6794    0.06100000   0.00015688  18293.785    47.031441   0.096810   0.406240     215.701 0   0.250191   0.187319   0.080843   0.038490   0.040548   -17.4739   -19.2048   -19.9181   -20.2601   -20.4786     1.7309     2.4443     0.3419
118.242216  29.321083  18.6506  17.5472  17.0660  16.7648  16.5253    0.06430000   0.00008294  19262.055    24.864786   0.104907   0.440220    1183.970 0   0.169907   0.075958   0.078157  -0.017172  -0.087735   -18.7553   -19.7648   -20.2482   -20.4541   -20.6230     1.0095     1.4929     0.2059
118.461371  29.322884  19.7722  18.0489  17.2794  16.9186  16.6569    0.05700000   0.00014621  17075.309    43.832655   0.105410   0.442330   -1002.776 0   0.123615   0.091344   0.041124   0.021898   0.024912   -17.3247   -19.0158   -19.7351   -20.0766   -20.3413     1.6910     2.4103     0.3416
118.264628  29.464576  19.0394  17.1828  16.3284  15.9428  15.6237    0.06340000   0.00016356  19015.866    49.034054   0.124029   0.520459     937.781 0   0.177934   0.144395   0.053102   0.031830   0.038250   -18.3438   -20.1669   -20.9300   -21.2943   -21.6199     1.8231     2.5862     0.3643
118.480009  29.308669  18.5170  17.4628  16.9929  16.7028  16.7565    0.06030000   0.00008234  18062.616    24.684911   0.126205   0.529591     -15.469 0   0.004523   0.001282   0.000941   0.000596  -0.002049   -18.5622   -19.6132   -20.0828   -20.3725   -20.3162     1.0510     1.5205     0.2898
118.497448  29.360621  18.0786  16.2745  15.4147  15.0250  14.7381    0.05770000   0.00015779  17309.597    47.304252   0.127743   0.536045    -768.488 0   0.266660   0.203704   0.079102   0.044951   0.048496   -19.1880   -20.9291   -21.6643   -22.0199   -22.3103     1.7411     2.4763     0.3555
118.240895  29.271918  18.0315  16.1663  15.2857  14.8245  14.4938    0.06160000   0.00015251  18464.967    45.721348   0.134384   0.563911     386.882 0   0.445130   0.370505   0.147226   0.090883   0.060624   -19.5349   -21.3254   -21.9828   -22.3876   -22.6881     1.7906     2.4479     0.4049
118.317327  29.497798  19.6716  18.0466  17.2545  16.9165  16.6291    0.05830000   0.00015826  17488.993    47.445154   0.135026   0.566606    -589.092 0   0.107874   0.082477   0.035653   0.020626   0.022892   -17.4336   -19.0332   -19.7785   -20.1014   -20.3911     1.5996     2.3449     0.3230
118.511542  29.383026  19.6537  18.3516  17.5698  17.1783  16.8659    0.05560000   0.00009436  16672.778    28.288416   0.140945   0.591445   -1405.307 0   0.330750   0.328870   0.152016   0.057786  -0.001328   -17.5708   -18.8710   -19.4759   -19.7732   -20.0265     1.3002     1.9052     0.2973
118.263914  29.244926  18.6242  16.9539  16.1993  15.7514  15.4777    0.06370000   0.00009057  19093.872    27.152203   0.142895   0.599627    1015.787 0   0.263452   0.199337   0.087933   0.040879   0.039320   -18.8336   -20.4398   -21.0830   -21.4838   -21.7559     1.6062     2.2494     0.4008
118.497085  29.293792  19.8418  18.1134  17.4042  17.1085  16.8706    0.05760000   0.00014839  17257.403    44.486203   0.146365   0.614187    -820.682 0   0.055407   0.031926   0.014870   0.008813   0.008225   -17.2058   -18.9108   -19.6029   -19.8925   -20.1299     1.7049     2.3971     0.2896
118.189787  29.417209  18.7927  16.9559  16.1060  15.7132  15.4091    0.06120000   0.00016162  18362.018    48.452457   0.149539   0.627506     283.933 0   0.226441   0.175394   0.065582   0.037605   0.044782   -18.5584   -20.3441   -21.0842   -21.4490   -21.7603     1.7858     2.5258     0.3648
118.428034  29.228712  19.9776  18.1947  17.3742  16.9998  16.6905    0.06150000   0.00016408  18430.761    49.189947   0.152824   0.641290     352.676 0   0.141928   0.117223   0.044932   0.027267   0.031628   -17.2783   -19.0365   -19.7847   -20.1415   -20.4551     1.7582     2.5064     0.3567
118.486486  29.267337  19.6526  18.0595  17.2687  16.8705  16.5618    0.05820000   0.00017718  17445.463    53.117228   0.153872   0.645686    -632.622 0   0.293668   0.232447   0.106764   0.049401   0.033139   -17.6385   -19.1704   -19.8355   -20.1763   -20.4688     1.5319     2.1970     0.3408
118.474037  29.253194  18.4488  16.5475  15.6932  15.2802  14.9619    0.06100000   0.00016910  18287.190    50.694905   0.155637   0.653095     209.105 0   0.224057   0.175337   0.063935   0.037859   0.045231   -18.8927   -20.7453   -21.4882   -21.8751   -22.2008     1.8526     2.5955     0.3869
118.529618  29.418520  19.3428  17.4727  16.6036  16.1877  15.9120    0.05910000   0.00016468  17719.083    49.369822   0.164288   0.689396    -359.001 0   0.273095   0.209489   0.078174   0.047142   0.051072   -17.9825   -19.7890   -20.5268   -20.9116   -21.1913     1.8065     2.5443     0.3849
118.450386  29.512184  18.3235  17.0163  16.2394  15.8326  15.5383    0.06230000   0.00016620  18670.715    49.825507   0.169918   0.713021     592.630 0   0.326112   0.331335   0.153336   0.056286  -0.005574   -19.1485   -20.4609   -21.0598   -21.3695   -21.6020     1.3124     1.9113     0.3098
118.202437  29.251889  19.6273  17.8036  17.0638  16.6888  16.4112    0.06120000   0.00015426  18359.740    46.245985   0.172583   0.724203     281.655 0   0.074544   0.058385   0.024029   0.015828   0.016434   -17.5719   -19.3794   -20.0848   -20.4516   -20.7298     1.8075     2.5130     0.3668
118.524528  29.282402  18.2356  16.3558  15.5037  15.1037  14.7740    0.05600000   0.00018624  16801.059    55.833347   0.172799   0.725110   -1277.026 0   0.216144   0.170308   0.061852   0.036719   0.044219   -18.8940   -20.7279   -21.4716   -21.8464   -22.1836     1.8340     2.5776     0.3749
118.149592  29.365151  19.3556  18.0798  17.3786  17.0308  16.7664    0.06090000   0.00010712  18269.592    32.113768   0.175530   0.736570     191.507 0   0.251124   0.245338   0.128508   0.028600  -0.050415   -18.0131   -19.2831   -19.8675   -20.1154   -20.3008     1.2700     1.8544     0.2479
118.143038  29.347166  19.7042  17.9558  17.1030  16.6937  16.3880    0.06010000   0.00017228  18022.383    51.648245   0.182216   0.764627     -55.701 0   0.311136   0.242447   0.096642   0.056354   0.051268   -17.6744   -19.3541   -20.0611   -20.4301   -20.7307     1.6797     2.3867     0.3690
118.535735  29.264527  17.8229  15.9714  15.0787  14.6878  14.4074    0.05460000   0.00017174  16362.403    51.486357   0.190307   0.798581   -1715.682 1   0.300682   0.231721   0.088222   0.053789   0.053360   -19.3360   -21.1186   -21.8678   -22.2242   -22.5042     1.7825     2.5317     0.3565
118.218847  29.519078  17.8841  16.9380  16.6238  16.3311  16.2083    0.05740000   0.00007992  17204.010    23.959413   0.191566   0.803862    -874.075 0   0.170232   0.040211   0.085819  -0.076640  -0.032731   -19.2747   -20.0908   -20.4506   -20.5808   -20.7475     0.8161     1.1759     0.1302
118.146355  29.449023  19.0561  17.2610  16.4121  15.9944  15.6553    0.06130000   0.00015926  18363.457    47.744947   0.196726   0.825516     285.372 0   0.246911   0.191360   0.069233   0.042014   0.048700   -18.3227   -20.0622   -20.7890   -21.1795   -21.5253     1.7395     2.4663     0.3905
118.470060  29.196998  17.9786  16.2111  15.3907  15.0171  14.7050    0.06320000   0.00016334  18941.367    48.968100   0.198313   0.832174     863.282 0   0.143455   0.118428   0.045294   0.027469   0.031922   -19.3420   -21.0845   -21.8317   -22.1875   -22.5041     1.7425     2.4897     0.3558
118.152310  29.464872  18.0750  16.0933  15.2868  14.8411  14.5245    0.06240000   0.00017597  18705.730    52.754479   0.199399   0.836731     627.645 0   0.195169   0.155751   0.057195   0.033770   0.040861   -19.2659   -21.2082   -21.9161   -22.3384   -22.6621     1.9423     2.6502     0.4223
118.416264  29.570884  19.7206  18.0145  16.9907  16.4382  15.9751    0.05910000   0.00011176  17708.441    33.504805   0.212632   0.892263    -369.644 0   0.736028   0.589895   0.207137   0.123297   0.098572   -18.0676   -19.6276   -20.2686   -20.7373   -21.1757     1.5600     2.2010     0.4687
118.182107  29.186269  17.9606  16.5272  15.8078  15.4312  15.1411    0.06060000   0.00020115  18181.723    60.303253   0.232311   0.974840     103.638 0   0.262380   0.206816   0.107448   0.036159   0.004185   -19.4086   -20.7865   -21.4065   -21.7118   -21.9699     1.3778     1.9979     0.3053
118.587608  29.486127  19.8494  18.2662  17.3578  17.0051  16.7075    0.06160000   0.00014360  18457.262    43.050197   0.238644   1.001416     379.178 0   0.339650   0.274674   0.116142   0.064549   0.046321   -17.6115   -19.1297   -19.8796   -20.1807   -20.4601     1.5182     2.2681     0.3011
118.078186  29.395998  19.5234  17.9558  17.1155  16.7582  16.4814    0.06090000   0.00014600  18261.798    43.769699   0.239644   1.005609     183.713 0   0.313749   0.251914   0.111738   0.056243   0.038577   -17.9080   -19.4137   -20.1138   -20.4157   -20.6748     1.5058     2.2059     0.3018
118.087277  29.453492  18.4901  16.6704  15.8151  15.4240  15.1247    0.06590000   0.00016602  19760.550    49.771544   0.245926   1.031972    1682.465 1   0.261343   0.199471   0.077504   0.043717   0.047838   -19.0609   -20.8187   -21.5520   -21.9093   -22.2128     1.7578     2.4912     0.3573
118.058015  29.339774  18.2553  17.1151  16.5954  16.2522  16.0630    0.06140000   0.00010669  18410.944    31.984857   0.256681   1.077101     332.860 0   0.183080   0.136268   0.099930  -0.015433  -0.102264   -19.0419   -20.1353   -20.6187   -20.8465   -20.9489     1.0934     1.5767     0.2278
118.124763  29.532907  19.5491  17.7776  16.9464  16.5283  16.2248    0.06120000   0.00014618  18358.211    43.823662   0.258326   1.084006     280.126 0   0.227764   0.176349   0.065884   0.037828   0.044991   -17.8033   -19.5234   -20.2441   -20.6341   -20.9448     1.7201     2.4408     0.3900
118.093372  29.500229  18.7451  17.0392  16.2945  15.9307  15.6347    0.06660000   0.00014378  19961.081    43.104160   0.261588   1.097695    1882.996 1   0.065422   0.051274   0.020762   0.014187   0.014434   -18.6117   -20.3035   -21.0176   -21.3749   -21.6711     1.6918     2.4059     0.3572
118.466304  29.123018  19.2257  17.4458  16.6373  16.2695  15.9925    0.06080000   0.00015447  18237.784    46.308941   0.262941   1.103371     159.699 0   0.191015   0.142985   0.059946   0.029840   0.036346   -18.0580   -19.7899   -20.5154   -20.8531   -21.1366     1.7319     2.4573     0.3377
118.156085  29.571071  18.2072  16.4582  15.6218  15.2112  14.8994    0.05970000   0.00018058  17900.128    54.136522   0.266289   1.117420    -177.957 0   0.222690   0.171567   0.065447   0.036511   0.043614   -19.0897   -20.7876   -21.5179   -21.8995   -22.2184     1.6979     2.4282     0.3817
118.118902  29.557853  19.4347  17.8807  17.1834  16.7815  16.4544    0.06150000   0.00017931  18439.005    53.755786   0.278788   1.169870     360.920 0   0.000148   0.000129   0.000046   0.000039   0.000034   -17.6794   -19.2334   -19.9306   -20.3325   -20.6596     1.5540     2.2512     0.4019
118.675316  29.390739  18.3428  17.2688  16.7905  16.4671  16.2996    0.06550000   0.00008632  19639.704    25.878085   0.283724   1.190580    1561.619 1   0.170165   0.123546   0.100063  -0.037310  -0.097831   -19.0824   -20.1098   -20.5646   -20.7507   -20.8576     1.0274     1.4822     0.1860
118.655663  29.259928  18.8677  17.9968  17.6990  17.4501  17.3422    0.06330000   0.00007566  18969.038    22.682297   0.285919   1.199793     890.953 0   0.129951   0.018260   0.068755  -0.031297  -0.016335   -18.4393   -19.1985   -19.5468   -19.6956   -19.8185     0.7592     1.1075     0.1488
118.205060  29.631053  19.1644  17.4048  16.5868  16.1722  15.9025    0.06630000   0.00015556  19886.553    46.635715   0.293989   1.233657    1808.468 1   0.239185   0.180872   0.072580   0.038169   0.043745   -18.3776   -20.0789   -20.7886   -21.1688   -21.4441     1.7013     2.4110     0.3802
118.074693  29.191115  18.8759  17.1918  16.4426  16.0699  15.7828    0.05780000   0.00014109  17342.694    42.297718   0.297609   1.248847    -735.391 0   0.127679   0.093055   0.042581   0.022023   0.025164   -18.2516   -19.9011   -20.5998   -20.9519   -21.2422     1.6495     2.3482     0.3521
118.174896  29.624676  18.3339  17.1843  16.4975  16.1667  15.9657    0.06620000   0.00009363  19853.246    28.069568   0.300780   1.262152    1775.161 1   0.208694   0.233789   0.127362   0.011179  -0.087277   -19.1709   -20.3456   -20.9260   -21.1406   -21.2431     1.1747     1.7551     0.2146
118.137463  29.128634  18.8245  17.9070  17.5203  17.1233  17.0110    0.06340000   0.00007157  18992.842    21.456146   0.301621   1.265681     914.757 0   0.142172   0.132229   0.102808  -0.066947  -0.075806   -18.5230   -19.4305   -19.7878   -20.0151   -20.1185     0.9076     1.2648     0.2272
118.124334  29.595699  19.6411  17.8507  17.1074  16.6897  16.4012    0.05920000   0.00018458  17744.356    55.335692   0.302959   1.271297    -333.729 0   0.193591   0.138354   0.063358   0.027459   0.032953   -17.5871   -19.3222   -19.9905   -20.3723   -20.6663     1.7352     2.4035     0.3818
118.516090  29.085225  18.6640  17.0510  16.2275  15.7908  15.4592    0.06270000   0.00017629  18810.688    52.850412   0.315492   1.323889     732.603 0   0.384113   0.328969   0.141270   0.074467   0.043102   -18.9012   -20.4591   -21.0949   -21.4648   -21.7650     1.5579     2.1937     0.3699
118.671480  29.208446  19.7928  18.0131  17.1774  16.8040  16.4987    0.05710000   0.00016823  17128.252    50.434085   0.320674   1.345633    -949.832 0   0.175856   0.138434   0.053943   0.030244   0.036485   -17.3562   -19.0985   -19.8497   -20.1994   -20.5110     1.7423     2.4935     0.3497
118.648314  29.170760  18.9876  17.2041  16.4241  16.0314  15.7163    0.06200000   0.00021117  18595.826    63.307173   0.324433   1.361409     517.742 0   0.082891   0.076657   0.028299   0.020267   0.020844   -18.2519   -20.0292   -20.7608   -21.1455   -21.4612     1.7773     2.5089     0.3847
118.275653  29.697615  20.2330  18.0913  17.0258  16.3684  15.8391    0.06260000   0.00016258  18760.023    48.740258   0.338054   1.418564     681.938 0   0.588722   1.272840   0.732042   0.349632   0.136904   -17.5121   -20.3379   -20.8626   -21.1376   -21.4541     2.8258     3.3505     0.2750
118.224944  29.039407  19.1399  17.9935  17.6249  17.3448  17.2563    0.05860000   0.00008034  17563.971    24.085326   0.344575   1.445930    -514.114 0   0.164144   0.042299   0.079851  -0.047011  -0.052565   -18.0328   -19.0573   -19.4635   -19.6167   -19.6996     1.0246     1.4307     0.1532
118.074709  29.625499  18.5946  17.0818  16.3319  15.9248  15.7237    0.05920000   0.00013454  17734.733    40.334077   0.354004   1.485496    -343.352 0   0.242471   0.177732   0.087376   0.031926   0.026465   -18.6825   -20.1305   -20.7901   -21.1417   -21.3373     1.4481     2.1076     0.3517
118.027753  29.594390  18.1937  16.8738  16.3426  16.0588  15.9149    0.05800000   0.00016884  17391.320    50.616959   0.362662   1.521825    -686.765 0   0.094556   0.035258   0.034742   0.010996  -0.035307   -18.8908   -20.1514   -20.6821   -20.9421   -21.0397     1.2606     1.7913     0.2601
118.080983  29.657107  18.4707  16.6490  15.7016  15.2629  14.9185    0.06040000   0.00017320  18115.379    51.924054   0.374325   1.570768      37.294 0   0.465821   0.384355   0.149968   0.095288   0.064539   -19.0948   -20.8350   -21.5480   -21.9320   -22.2457     1.7402     2.4532     0.3840
118.695114  29.135630  19.3038  17.8785  17.2318  16.8999  16.6348    0.06000000   0.00014987  17974.417    44.929896   0.378165   1.586880    -103.668 0   0.008380   0.004634   0.001853   0.001312   0.001212   -17.7860   -19.2075   -19.8514   -20.1828   -20.4478     1.4216     2.0655     0.3314
118.647469  29.054319  18.7142  16.8700  16.0238  15.6377  15.3327    0.05840000   0.00015995  17501.554    47.951804   0.404849   1.698853    -576.531 0   0.236693   0.180912   0.069818   0.038643   0.045054   -18.5487   -20.3371   -21.0722   -21.4272   -21.7386     1.7884     2.5235     0.3549
118.367941  29.771108  19.0780  17.3502  16.6116  16.3743  15.9442    0.05950000   0.00013999  17836.482    41.967946   0.405377   1.701069    -241.603 0   0.021351   0.013778   0.005320   0.003936   0.003953   -17.9852   -19.7054   -20.4355   -20.6714   -21.1016     1.7202     2.4504     0.2359
117.923097  29.537244  19.3518  17.6867  16.9196  16.5548  16.3136    0.06180000   0.00015178  18533.470    45.502499   0.410358   1.721971     455.385 0   0.181424   0.125006   0.061238   0.024665   0.028700   -17.9792   -19.5879   -20.2912   -20.6195   -20.8647     1.6087     2.3120     0.3282
117.941093  29.581466  18.4874  16.5967  15.7621  15.4145  15.1206    0.06400000   0.00016450  19176.764    49.315859   0.417185   1.750619    1098.679 0   0.118767   0.099486   0.038834   0.024261   0.027190   -18.8572   -20.7286   -21.5026   -21.8356   -22.1324     1.8714     2.6454     0.3330
117.873088  29.439227  18.3918  16.6232  15.7497  15.4001  15.1278    0.06000000   0.00016304  17988.717    48.878162   0.422891   1.774563     -89.368 0   0.288680   0.222674   0.091315   0.049546   0.047249   -18.9783   -20.6808   -21.4230   -21.7308   -22.0008     1.7026     2.4447     0.3078
118.017895  29.674573  20.2324  18.2752  17.4261  17.0044  16.7235    0.06030000   0.00015276  18083.271    45.796296   0.423666   1.777816       5.186 0   0.236240   0.183742   0.066723   0.039843   0.047083   -17.0786   -18.9833   -19.7153   -20.1102   -20.3983     1.9047     2.6368     0.3948
117.926031  29.600454  18.7792  17.5669  17.1543  16.8533  16.7589    0.06510000   0.00008796  19518.917    26.369745   0.438335   1.839371    1440.833 1   0.160461   0.049749   0.075744  -0.028374  -0.070639   -18.6230   -19.7246   -20.1632   -20.3600   -20.4122     1.1016     1.5402     0.1969
118.863692  29.429819  18.6293  16.7659  15.9127  15.5104  15.1949    0.06550000   0.00015496  19633.468    46.455839   0.451348   1.893979    1555.383 1   0.215647   0.169522   0.061985   0.036483   0.043949   -18.8414   -20.6587   -21.4044   -21.7812   -22.1041     1.8173     2.5629     0.3768
117.921828  29.629178  18.5272  16.9559  16.2796  15.9755  15.7674    0.06140000   0.00012877  18403.719    38.604275   0.457338   1.919112     325.635 0   0.053534   0.027636   0.013794   0.007725   0.005283   -18.6405   -20.1859   -20.8483   -21.1464   -21.3520     1.5454     2.2079     0.2980
118.319080  28.894074  18.3960  17.5240  17.3223  17.1231  17.0814    0.05890000   0.00007463  17653.699    22.373511   0.472745   1.983765    -424.386 0   0.104157   0.012636   0.049933  -0.018318  -0.009773   -18.7317   -19.5121   -19.7511   -19.8821   -19.9323     0.7805     1.0195     0.1309
117.886372  29.632335  20.4864  18.1856  17.2775  16.8038  16.4948    0.06150000   0.00015123  18432.709    45.337613   0.484664   2.033782     354.624 0   0.488960   0.411610   0.161342   0.098301   0.065602   -17.1166   -19.3400   -19.9978   -20.4085   -20.6848     2.2234     2.8813     0.4107
118.306550  28.872790  18.5574  17.5342  17.1978  17.0068  16.9202    0.05690000   0.00007185  17067.904    21.540088   0.494729   2.076016   -1010.181 1   0.113647   0.014205   0.057307  -0.022988  -0.010977   -18.5218   -19.4455   -19.8250   -19.9357   -20.0344     0.9238     1.3033     0.1107
117.795863  29.247494  19.1063  17.7933  17.1938  16.8481  16.6232    0.06390000   0.00017137  19143.637    51.375434   0.498107   2.090192    1065.552 1   0.193404   0.120763   0.083290   0.006755  -0.044436   -18.2883   -19.5286   -20.0906   -20.3598   -20.5335     1.2404     1.8024     0.2692
117.829433  29.585314  18.9000  17.1771  16.3184  15.8492  15.5121    0.06060000   0.00015247  18181.993    45.709356   0.504691   2.117819     103.908 0   0.437236   0.378988   0.155948   0.087321   0.053509   -18.6441   -20.3087   -20.9444   -21.3450   -21.6482     1.6647     2.3003     0.4006
118.071320  29.834321  19.6216  18.1127  17.3141  16.9107  16.7261    0.05980000   0.00014839  17933.705    44.486203   0.527953   2.215433    -144.380 0   0.339789   0.337760   0.154496   0.060309   0.003183   -17.7923   -19.2991   -19.9145   -20.2237   -20.3512     1.5069     2.1222     0.3092
117.796110  29.083303  18.9609  17.9418  17.7099  17.5189  17.4746    0.06350000   0.00007867  19040.868    23.584673   0.560158   2.350572     962.783 1   0.110832   0.013772   0.055078  -0.021388  -0.010762   -18.3374   -19.2594   -19.5326   -19.6472   -19.7021     0.9220     1.1952     0.1145
118.006291  28.890821  18.4181  17.3294  16.9038  16.5868  16.4569    0.05970000   0.00008129  17895.691    24.370129   0.562178   2.359051    -182.394 0   0.172747   0.077968   0.087646  -0.047863  -0.084013   -18.8289   -19.8228   -20.2581   -20.4396   -20.5333     0.9939     1.4292     0.1815
118.716743  28.874332  20.5411  18.9655  18.3125  17.9405  17.4464    0.05970000   0.00015932  17903.696    47.762934   0.585950   2.458802    -174.389 0   0.007288   0.006339   0.002250   0.001896   0.001684   -16.5404   -18.1151   -18.7640   -19.1356   -19.6295     1.5747     2.2236     0.3716
117.671822  29.400449  19.6906  18.1795  17.3783  16.7897  16.4266    0.06370000   0.00008860  19095.281    26.561612   0.592908   2.488003    1017.196 1   0.491165   0.445636   0.178069   0.095328   0.060567   -17.9949   -19.4605   -19.9941   -20.4999   -20.8283     1.4656     1.9992     0.5059
117.668395  29.421279  18.9573  17.9348  17.5936  17.3075  17.2684    0.06480000   0.00007649  19412.101    22.931125   0.597456   2.507087    1334.016 1   0.169002   0.040396   0.084073  -0.067257  -0.038397   -18.4433   -19.3372   -19.7221   -19.8569   -19.9248     0.8939     1.2788     0.1348
118.049541  28.828593  17.8769  16.3679  15.6981  15.3053  15.1013    0.06380000   0.00016419  19126.429    49.222924   0.598189   2.510161    1048.344 1   0.213772   0.145129   0.083982   0.019394   0.000390   -19.5311   -20.9714   -21.5801   -21.9083   -22.0933     1.4404     2.0490     0.3282
118.265057  28.767944  19.6361  17.9880  17.2262  16.8276  16.5495    0.06240000   0.00015874  18711.336    47.589055   0.602728   2.529211     633.252 1   0.211002   0.150924   0.069715   0.028999   0.033541   -17.7206   -19.3086   -19.9892   -20.3471   -20.6298     1.5880     2.2686     0.3579
117.654630  29.365646  18.7319  16.9476  16.0851  15.6752  15.3740    0.06160000   0.00014793  18467.485    44.348298   0.606890   2.546675     389.400 0   0.315532   0.245560   0.096087   0.057707   0.053053   -18.7049   -20.4192   -21.1322   -21.5037   -21.8003     1.7143     2.4274     0.3715
117.696463  29.582625  19.1861  18.0115  17.6119  17.3496  17.1716    0.06040000   0.00008758  18092.625    26.255823   0.610179   2.560477      14.540 0   0.143261   0.037435   0.069705  -0.017614  -0.058781   -18.0568   -19.1256   -19.5574   -19.7324   -19.8693     1.0688     1.5006     0.1750
117.655235  29.439361  18.4519  17.2000  16.6622  16.2804  16.0980    0.06490000   0.00020588  19449.425    61.721271   0.610784   2.563014    1371.341 1   0.194675   0.134341   0.093848  -0.000889  -0.079117   -18.9778   -20.1694   -20.6667   -20.9537   -21.0579     1.1916     1.6889     0.2871
119.026166  29.165036  18.7401  17.3851  16.7552  16.4231  16.1501    0.06000000   0.00017023  17999.449    51.033670   0.621783   2.609167     -78.636 0   0.008038   0.004234   0.001728   0.001202   0.001006   -18.3493   -19.7005   -20.3279   -20.6595   -20.9323     1.3512     1.9786     0.3316
118.039019  28.796839  19.1120  17.1560  16.2452  15.7956  15.4549    0.06310000   0.00018407  18905.032    55.182798   0.630769   2.646877     826.948 1   0.421356   0.335076   0.126696   0.086185   0.064192   -18.5043   -20.3740   -21.0765   -21.4856   -21.8043     1.8697     2.5721     0.4091
117.639863  29.217226  20.6421  18.4906  17.7169  17.1709  16.9046    0.06200000   0.00008829  18591.599    26.468676   0.637366   2.674558     513.515 1   0.237345   0.184471   0.067036   0.040040   0.047216   -16.7519   -18.8505   -19.5068   -20.0258   -20.2992     2.0986     2.7549     0.5190
117.621863  29.276670  17.9876  16.0354  15.0954  14.6329  14.2662    0.06360000   0.00017596  19052.710    52.751481   0.641695   2.692724     974.625 1   0.494930   0.404630   0.155053   0.100683   0.068919   -19.7195   -21.5814   -22.2718   -22.6800   -23.0149     1.8619     2.5523     0.4081
118.053190  28.772553  18.4551  16.3736  15.5264  15.0935  14.7944    0.06370000   0.00018739  19100.827    56.178109   0.647720   2.718009    1022.742 1   0.225337   0.176452   0.064075   0.038156   0.045539   -18.9646   -20.9972   -21.7320   -22.1390   -22.4455     2.0326     2.7674     0.4070
118.102254  28.712735  19.3601  17.3547  16.4096  15.9214  15.5324    0.06220000   0.00014780  18638.727    44.309325   0.688295   2.888273     560.642 1   0.545289   0.443758   0.167073   0.107391   0.074977   -18.3239   -20.2278   -20.8962   -21.3247   -21.6813     1.9039     2.5723     0.4285
118.979917  29.783990  18.7506  17.5199  16.9278  16.5901  16.4009    0.06600000   0.00016246  19781.386    48.704283   0.689300   2.892487    1703.301 1   0.198187   0.148989   0.099763   0.001924  -0.084087   -18.7192   -19.9007   -20.4436   -20.6835   -20.7867     1.1815     1.7244     0.2399
119.101236  29.082234  18.8174  17.3289  16.7635  16.4768  16.3177    0.06770000   0.00014791  20293.671    44.342302   0.712757   2.990918    2215.586 1   0.049359   0.019348   0.012533   0.006797  -0.009287   -18.5803   -20.0388   -20.5974   -20.8784   -21.0214     1.4585     2.0171     0.2810
117.531235  29.387889  19.8333  18.3009  17.5077  17.1427  16.8629    0.06200000   0.00015297  18592.469    45.859252   0.714764   2.999343     514.384 1   0.292981   0.233675   0.109775   0.048646   0.028311   -17.6163   -19.0894   -19.7587   -20.0626   -20.3220     1.4731     2.1424     0.3039
117.564684  29.145719  19.3441  18.0613  17.5117  17.2064  17.0422    0.06310000   0.00017048  18910.219    51.108618   0.719812   3.020526     832.134 1   0.114328   0.047554   0.045067   0.011972  -0.034257   -17.9652   -19.1812   -19.7283   -20.0005   -20.1185     1.2160     1.7631     0.2722
118.910714  28.834771  18.5649  17.3117  16.7674  16.4355  16.2310    0.06500000   0.00009033  19483.452    27.080253   0.721212   3.026399    1405.367 1   0.178043   0.096516   0.078908  -0.002544  -0.071981   -18.8728   -20.0445   -20.5711   -20.8216   -20.9567     1.1717     1.6984     0.2504
117.523934  29.332997  20.0758  18.1246  17.3106  16.9341  16.6685    0.06250000   0.00013267  18727.795    39.773465   0.721547   3.027807     649.710 1   0.209335   0.156165   0.065204   0.032029   0.038620   -17.3077   -19.2057   -19.9287   -20.2721   -20.5443     1.8980     2.6211     0.3433
118.453691  28.635685  19.0321  16.9687  16.0632  15.6918  15.3906    0.06320000   0.00015778  18952.849    47.301254   0.735778   3.087523     874.764 1   0.296742   0.227843   0.082889   0.053151   0.055112   -18.4418   -20.4363   -21.1968   -21.5385   -21.8417     1.9945     2.7550     0.3417
118.981664  28.866860  18.7541  17.5260  17.1197  16.8324  16.7410    0.06460000   0.00009744  19361.436    29.211777   0.742449   3.115516    1283.352 1   0.154222   0.045851   0.073117  -0.021944  -0.068262   -18.6250   -19.7448   -20.1783   -20.3706   -20.4156     1.1197     1.5533     0.1922
117.497019  29.393929  19.8907  18.1610  17.2476  16.8384  16.5256    0.06310000   0.00015044  18923.889    45.100777   0.744773   3.125267     845.804 1   0.389448   0.310837   0.119991   0.078473   0.059836   -17.6937   -19.3448   -20.0674   -20.4350   -20.7292     1.6511     2.3736     0.3677
118.303506  28.621944  18.4066  17.2336  16.7234  16.4086  16.2443    0.06350000   0.00008239  19038.350    24.699901   0.745207   3.127089     960.265 1   0.168341   0.077235   0.075410  -0.009333  -0.082189   -18.9492   -20.0311   -20.5395   -20.7695   -20.8610     1.0819     1.5903     0.2301
118.872486  28.774696  17.6417  15.8068  14.9584  14.5411  14.2523    0.06990000   0.00016386  20953.784    49.123992   0.745782   3.129500    2875.699 1   0.254605   0.195630   0.072773   0.042985   0.048790   -20.0097   -21.7857   -22.5112   -22.8987   -23.1933     1.7759     2.5015     0.3875
117.491767  29.430314  19.0611  17.2428  16.3903  15.9931  15.6918    0.06240000   0.00016580  18694.488    49.705590   0.751582   3.153842     616.403 1   0.258026   0.197621   0.074774   0.043433   0.048580   -18.3426   -20.1005   -20.8302   -21.1961   -21.5025     1.7579     2.4875     0.3659
117.498650  29.497870  18.4838  16.6720  15.8080  15.3946  15.0931    0.06210000   0.00016827  18629.553    50.446077   0.754442   3.165841     551.468 1   0.286847   0.220249   0.082479   0.050438   0.052614   -18.9419   -20.6871   -21.4133   -21.7947   -22.0984     1.7452     2.4714     0.3814
117.913036  30.020082  18.2756  16.4454  15.5717  15.1257  14.7536    0.05820000   0.00015931  17439.917    47.759936   0.757303   3.177848    -638.168 1   0.415536   0.343063   0.137574   0.084758   0.057421   -19.1374   -20.8951   -21.5633   -21.9565   -22.3013     1.7577     2.4259     0.3932
119.220052  29.328404  17.1091  15.7302  15.0340  14.6773  14.4234    0.06770000   0.00011676  20281.769    35.003767   0.758316   3.182096    2203.684 1   0.242047   0.188656   0.104935   0.027289  -0.017357   -20.4813   -21.8068   -22.4193   -22.6984   -22.9076     1.3255     1.9380     0.2791
117.925874  30.030666  17.9980  16.7459  16.1318  15.7827  15.5815    0.05830000   0.00016404  17466.718    49.177955   0.760954   3.193166    -611.367 1   0.211267   0.172565   0.106453   0.009510  -0.073243   -19.2106   -20.4240   -20.9720   -21.2241   -21.3426     1.2134     1.7614     0.2522
119.159695  29.078869  18.3860  17.2950  16.8707  16.5472  16.4617    0.06720000   0.00007831  20133.402    23.476747   0.761027   3.193473    2055.317 1   0.171713   0.081879   0.090285  -0.053579  -0.081508   -19.0933   -20.0944   -20.5271   -20.7068   -20.7643     1.0012     1.4339     0.1796
118.543226  28.623477  17.8453  16.5339  15.9508  15.6504  15.4589    0.05890000   0.00008739  17647.403    26.198863   0.761187   3.194146    -430.682 0   0.067354   0.027838   0.019457   0.009129  -0.010382   -19.2456   -20.5174   -21.0922   -21.3822   -21.5542     1.2719     1.8466     0.2901
117.469994  29.434183  20.2425  18.2215  17.3773  16.9500  16.6567    0.06290000   0.00016408  18868.008    49.189947   0.770823   3.234579     789.923 1   0.230664   0.179984   0.065389   0.038971   0.046282   -17.1762   -19.1465   -19.8761   -20.2770   -20.5776     1.9703     2.6999     0.4009
117.471583  29.470720  19.7736  18.1521  17.4044  16.9676  16.6831    0.06480000   0.00014174  19412.761    42.492583   0.773538   3.245973    1334.676 1   0.253943   0.189900   0.086783   0.037413   0.035461   -17.7120   -19.2694   -19.9140   -20.3015   -20.5840     1.5575     2.2020     0.3874
119.212751  29.136030  19.2385  17.4502  16.6185  16.2231  15.9610    0.07050000   0.00015105  21121.218    45.283651   0.785441   3.295923    3043.133 1   0.265593   0.201835   0.083260   0.043369   0.044934   -18.4606   -20.1851   -20.8982   -21.2537   -21.5174     1.7245     2.4377     0.3555
117.468396  29.532672  19.9031  18.0784  17.2492  16.8691  16.5463    0.06360000   0.00014953  19061.164    44.827966   0.787044   3.302649     983.079 1   0.136252   0.116371   0.043039   0.027402   0.031422   -17.4453   -19.2502   -20.0060   -20.3705   -20.6973     1.8048     2.5607     0.3645
117.688750  29.902238  19.4715  17.9171  17.1286  16.6639  16.3433    0.05390000   0.00008773  16161.542    26.300792   0.787819   3.305900   -1916.543 1   0.377072   0.327446   0.143020   0.071616   0.037921   -17.7357   -19.2404   -19.8445   -20.2378   -20.5247     1.5048     2.1088     0.3933
117.456197  29.220617  18.0211  16.2858  15.4583  15.0885  14.7808    0.06190000   0.00015693  18545.281    47.046430   0.793262   3.328739     467.197 1   0.159527   0.126743   0.049943   0.028418   0.033807   -19.2879   -20.9904   -21.7411   -22.0894   -22.4025     1.7025     2.4532     0.3483
119.070829  28.871479  19.1278  17.7534  17.1368  16.7896  16.5984    0.07010000   0.00015925  21014.072    47.741949   0.798811   3.352028    2935.987 1   0.174566   0.096853   0.070220   0.010514  -0.025138   -18.4678   -19.7645   -20.3545   -20.6420   -20.7975     1.2967     1.8867     0.2875
117.444359  29.530094  18.8413  17.1892  16.3594  15.9247  15.6052    0.06580000   0.00018118  19714.082    54.316398   0.807002   3.386396    1635.997 1   0.382966   0.328273   0.141249   0.074086   0.042584   -18.8280   -20.4254   -21.0682   -21.4357   -21.7237     1.5974     2.2402     0.3675
117.420862  29.459281  19.8384  17.9976  17.1805  16.8002  16.4788    0.06120000   0.00016026  18358.930    48.044739   0.815970   3.424028     280.846 0   0.128978   0.110852   0.041238   0.026457   0.030013   -17.4152   -19.2379   -19.9853   -20.3509   -20.6758     1.8227     2.5702     0.3655
119.229440  29.077233  19.7734  17.9069  17.0702  16.6759  16.3844    0.06980000   0.00015333  20914.601    45.967178   0.818215   3.433452    2836.516 1   0.208646   0.162621   0.061369   0.034646   0.042022   -17.8289   -19.6494   -20.3849   -20.7524   -21.0513     1.8205     2.5559     0.3676
119.217682  29.050545  19.3386  18.0891  17.4584  17.0697  16.8641    0.06940000   0.00009992  20814.740    29.955262   0.818545   3.434836    2736.655 1   0.233193   0.218414   0.120644   0.019719  -0.062472   -18.2758   -19.5105   -20.0434   -20.3312   -20.4546     1.2347     1.7677     0.2878
118.672283  28.592662  18.8433  17.9228  17.8203  17.6624  17.7032    0.07140000   0.00008463  21390.702    25.371436   0.822467   3.451291    3312.617 1   0.093333   0.010511   0.041881  -0.014944  -0.006934   -18.6932   -19.5308   -19.6647   -19.7658   -19.7330     0.8377     0.9715     0.1011
119.166281  28.934489  19.2119  17.8970  17.3382  17.0095  16.8628    0.07230000   0.00017880  21666.361    53.602891   0.831290   3.488315    3588.276 1   0.165419   0.081038   0.070328   0.003303  -0.057669   -18.4239   -19.6545   -20.2026   -20.4642   -20.5500     1.2305     1.7786     0.2617
117.399387  29.293112  18.5448  16.7688  15.9165  15.5215  15.2358    0.06280000   0.00017151  18812.247    51.417404   0.832532   3.493529     734.162 1   0.286065   0.219883   0.087907   0.049219   0.048900   -18.9222   -20.6321   -21.3524   -21.7087   -21.9941     1.7098     2.4301     0.3563
117.405441  29.246795  18.5545  16.6094  15.7279  15.3244  15.0179    0.06350000   0.00016121  19030.555    48.329542   0.832636   3.493966     952.471 1   0.272179   0.209398   0.075679   0.047353   0.052198   -18.9051   -20.7875   -21.5352   -21.9104   -22.2218     1.8823     2.6301     0.3752
117.480871  29.728249  17.5555  15.6099  14.7167  14.3408  14.0616    0.05440000   0.00018143  16317.254    54.391346   0.840403   3.526556   -1760.831 1   0.282309   0.216607   0.081344   0.049262   0.051940   -19.5942   -21.4741   -22.2321   -22.5759   -22.8578     1.8799     2.6378     0.3438
118.813506  28.623515  18.3235  16.4451  15.5156  15.0793  14.7449    0.07340000   0.00016229  21991.875    48.653318   0.844840   3.545174    3913.791 1   0.448912   0.363039   0.139447   0.092533   0.064939   -19.6500   -21.4425   -22.1484   -22.5378   -22.8446     1.7925     2.4984     0.3894
119.272599  29.096913  19.2721  17.9549  17.4201  17.0821  16.8767    0.06950000   0.00008795  20844.749    26.366747   0.847055   3.554472    2766.665 1   0.176638   0.094227   0.078082  -0.002582  -0.071964   -18.3101   -19.5449   -20.0636   -20.3209   -20.4569     1.2348     1.7534     0.2573
117.389332  29.497448  19.0494  17.9604  17.5566  17.2731  17.1697    0.06050000   0.00008565  18131.598    25.677224   0.848344   3.559880      53.513 0   0.163090   0.047178   0.078023  -0.037558  -0.063874   -18.2132   -19.1863   -19.6209   -19.7888   -19.8659     0.9731     1.4077     0.1679
119.326285  29.349738  17.7114  17.1380  17.0873  16.7782  16.8548    0.06870000   0.00003536  20608.063    10.600661   0.850122   3.567339    2529.979 1   0.125094   0.016975   0.065574  -0.028530  -0.014694   -19.7728   -20.2380   -20.3373   -20.5523   -20.4896     0.4653     0.5646     0.2150
