245.129686  29.891034  18.1526  15.8119  14.7702  14.3407  13.9802    0.09600000   0.00017342  28792.937    51.990008   0.004790   0.030845    -127.742 0   0.597172   0.476425   0.175345   0.113099   0.081391   -20.5540   -22.7740   -23.5146   -23.8818   -24.2106     2.2200     2.9606     0.3673
245.145138  29.878590  20.8640  18.6377  17.6707  17.2418  16.8783    0.09560000   0.00014769  28662.857    44.276348   0.020126   0.129585    -257.822 0   0.465216   0.367853   0.136894   0.095642   0.069116   -17.6805   -19.8094   -20.5454   -20.9331   -21.2701     2.1289     2.8650     0.3876
245.103290  29.902054  19.1138  17.0333  16.0306  15.6019  15.2463    0.09710000   0.00020044  29105.860    60.090400   0.025957   0.167133     185.182 0   0.537007   0.428787   0.159831   0.107364   0.075069   -19.5364   -21.5086   -22.2424   -22.6186   -22.9419     1.9723     2.7060     0.3762
245.140993  29.920602  20.5590  18.5853  17.6678  17.2743  17.0140    0.09590000   0.00016156  28754.444    48.434470   0.026426   0.170148    -166.235 0   0.319726   0.245458   0.088447   0.058935   0.058303   -17.8679   -19.7673   -20.5278   -20.8918   -21.1515     1.8994     2.6599     0.3640
245.101384  29.883693  18.2661  17.4833  17.3455  17.1801  17.1591    0.08680000   0.00005741  26016.979    17.211085   0.029128   0.187546   -2903.700 1   0.090531   0.010003   0.039873  -0.014172  -0.006285   -19.7144   -20.4167   -20.5844   -20.6957   -20.7246     0.7023     0.8699     0.1114
245.108026  29.926216  19.2740  17.2887  16.2971  15.8441  15.4724    0.10200000   0.00014872  30577.632    44.585134   0.037349   0.240483    1656.953 1   0.540114   0.432906   0.161698   0.107559   0.075184   -19.5053   -21.3834   -22.1038   -22.5026   -22.8420     1.8781     2.5985     0.3989
245.130108  29.857649  19.5349  17.6447  16.7517  16.3665  16.0398    0.09770000   0.00013725  29278.751    41.146515   0.037695   0.242709     358.072 0   0.303508   0.233624   0.087356   0.054656   0.054646   -18.8928   -20.7131   -21.4599   -21.8124   -22.1390     1.8203     2.5670     0.3525
245.167793  29.860198  20.3066  18.3189  17.4172  16.9953  16.6474    0.08950000   0.00015350  26837.691    46.018142   0.046736   0.300923   -2082.988 1   0.333780   0.256758   0.092932   0.062539   0.059671   -17.9839   -19.8946   -20.6325   -21.0240   -21.3690     1.9107     2.6486     0.3915
245.158821  29.846387  20.1347  18.2100  17.2837  16.8717  16.5365    0.09520000   0.00013421  28545.878    40.235146   0.054084   0.348235    -374.801 0   0.376343   0.293064   0.107998   0.073980   0.062586   -18.3118   -20.1532   -20.8944   -21.2724   -21.5962     1.8414     2.5827     0.3780
245.099959  29.848998  19.8114  17.8932  17.0388  16.6400  16.3256    0.09800000   0.00012061  29385.237    36.157968   0.054084   0.348237     464.558 0   0.200346   0.159493   0.058289   0.034510   0.041748   -18.5222   -20.3995   -21.1527   -21.5278   -21.8494     1.8773     2.6305     0.3750
245.193078  29.907837  19.1756  17.5743  16.6825  16.3047  16.0209    0.08800000   0.00014722  26370.314    44.135446   0.054246   0.349279   -2550.364 1   0.349317   0.279434   0.112922   0.067747   0.052488   -19.0699   -20.6013   -21.3266   -21.6592   -21.9277     1.5314     2.2567     0.3326
245.125391  29.961166  19.6982  17.7698  16.7812  16.3415  16.0140    0.10060000   0.00014744  30163.618    44.201400   0.066130   0.425795    1242.940 1   0.535179   0.448276   0.171633   0.104678   0.072336   -19.0460   -20.8875   -21.5995   -21.9722   -22.2674     1.8415     2.5535     0.3727
245.087817  29.960302  20.4356  18.5622  17.6189  17.2061  16.8653    0.09410000   0.00017509  28208.881    52.490661   0.075536   0.486359    -711.797 0   0.398232   0.311704   0.115324   0.079788   0.064100   -18.0286   -19.8154   -20.5623   -20.9396   -21.2647     1.7869     2.5338     0.3773
245.043447  29.899864  20.4401  18.3141  17.3650  17.0180  16.6697    0.09780000   0.00015799  29317.364    47.364210   0.077078   0.496290     396.685 0   0.329283   0.253014   0.091242   0.061375   0.059349   -18.0391   -20.0888   -20.8761   -21.1933   -21.5395     2.0497     2.8371     0.3171
245.054892  29.939866  20.0177  18.0463  17.0914  16.6403  16.2933    0.09460000   0.00016984  28350.443    50.916751   0.080486   0.518230    -570.235 0   0.497204   0.414136   0.160702   0.100112   0.067635   -18.5570   -20.4453   -21.1468   -21.5373   -21.8518     1.8883     2.5898     0.3905
245.040345  29.878196  18.9031  17.7924  17.3083  16.9684  16.7746    0.09360000   0.00006292  28050.831    18.862941   0.081449   0.524429    -869.848 0   0.175891   0.128560   0.099859  -0.027101  -0.102345   -19.3271   -20.3905   -20.8459   -21.0588   -21.1774     1.0634     1.5188     0.2129
245.213358  29.839159  20.0842  18.4037  17.5127  17.1431  16.8744    0.10170000   0.00016000  30480.799    47.966793   0.090012   0.579566    1560.120 1   0.317744   0.249650   0.101506   0.058314   0.050008   -18.4475   -20.0599   -20.8028   -21.1292   -21.3896     1.6124     2.3553     0.3264
245.224978  29.947114  19.1521  17.3525  16.4037  15.9928  15.6500    0.09560000   0.00015587  28661.748    46.728650   0.095677   0.616041    -258.931 0   0.429096   0.342103   0.129585   0.088059   0.064656   -19.3562   -21.0689   -21.8051   -22.1745   -22.4939     1.7126     2.4489     0.3694
245.240036  29.925995  20.0559  18.2660  17.3561  16.9837  16.7145    0.09670000   0.00012945  28995.837    38.808134   0.098398   0.633559      75.158 0   0.336925   0.265940   0.105444   0.064066   0.053620   -18.3828   -20.1017   -20.8511   -21.1821   -21.4409     1.7189     2.4683     0.3310
245.110219  29.790674  19.5350  17.6722  16.7200  16.2937  15.9476    0.09860000   0.00017336  29552.491    51.972021   0.106347   0.684744     631.813 0   0.447972   0.359026   0.136353   0.092347   0.065942   -19.0572   -20.8310   -21.5605   -21.9428   -22.2625     1.7739     2.5034     0.3823
245.255317  29.902858  19.5873  17.6935  16.7348  16.3300  16.0113    0.09660000   0.00013939  28951.557    41.788071   0.107002   0.688962      30.879 0   0.403533   0.315110   0.115915   0.080953   0.064961   -18.9181   -20.7235   -21.4830   -21.8529   -22.1556     1.8054     2.5649     0.3698
245.013166  29.861163  20.1460  18.3571  17.4264  17.0437  16.7087    0.09570000   0.00012966  28701.410    38.871090   0.108695   0.699860    -219.268 0   0.362092   0.284404   0.107910   0.070780   0.059242   -18.2952   -20.0064   -20.7606   -21.1062   -21.4297     1.7112     2.4654     0.3456
245.172317  29.791222  18.9448  16.9834  16.0104  15.5957  15.2525    0.09720000   0.00018247  29143.784    54.703130   0.109735   0.706559     223.106 0   0.432081   0.339617   0.125759   0.088169   0.066789   -19.6003   -21.4692   -22.2284   -22.6055   -22.9273     1.8689     2.6281     0.3771
245.232262  29.817511  18.6379  16.6311  15.6538  15.2329  14.8878    0.09630000   0.00017947  28861.380    53.803752   0.116517   0.750228     -59.299 0   0.462217   0.363643   0.134476   0.094820   0.069380   -19.9406   -21.8488   -22.5969   -22.9782   -23.2978     1.9082     2.6564     0.3812
245.095356  30.009563  18.6700  16.7780  15.7942  15.3949  15.0439    0.09730000   0.00016310  29176.851    48.896150   0.118643   0.763917     256.173 0   0.447385   0.351633   0.129993   0.091653   0.068166   -19.9161   -21.7124   -22.4745   -22.8355   -23.1630     1.7962     2.5584     0.3610
245.258415  29.848732  20.4877  18.6890  17.7061  17.3057  16.9547    0.09770000   0.00016442  29282.678    49.291876   0.118917   0.765682     361.999 0   0.443623   0.348789   0.129046   0.090862   0.067786   -18.0801   -19.7840   -20.5471   -20.9094   -21.2373     1.7039     2.4670     0.3622
245.222928  29.801063  19.6755  17.6672  16.7033  16.3005  15.9407    0.09670000   0.00014743  28987.772    44.198402   0.122749   0.790354      67.094 0   0.455442   0.357926   0.132224   0.093354   0.068900   -18.8817   -20.7925   -21.5307   -21.8946   -22.2300     1.9108     2.6490     0.3639
245.244240  29.818512  20.0888  18.2705  17.3694  16.9599  16.6114    0.09590000   0.00046456  28755.643   139.271584   0.123819   0.797239    -165.036 0   0.377285   0.297545   0.112836   0.074913   0.060483   -18.3957   -20.1342   -20.8506   -21.2222   -21.5563     1.7386     2.4550     0.3716
245.274533  29.907370  19.6205  17.6761  16.7145  16.3140  15.9946    0.09660000   0.00015505  28960.221    46.482821   0.123983   0.798297      39.543 0   0.411965   0.322097   0.118572   0.083121   0.065581   -18.8934   -20.7479   -21.5060   -21.8710   -22.1729     1.8545     2.6126     0.3650
245.029735  29.985067  19.6942  17.7374  16.7315  16.3198  15.9839    0.09910000   0.00014127  29723.463    42.351681   0.126289   0.813148     802.784 0   0.511000   0.405957   0.151214   0.103883   0.072885   -18.9931   -20.8449   -21.5960   -21.9604   -22.2653     1.8518     2.6029     0.3644
245.125572  30.022638  19.9830  18.1037  17.1267  16.7057  16.4012    0.09530000   0.00016538  28556.521    49.579677   0.127468   0.820734    -364.158 0   0.505893   0.422526   0.163601   0.101191   0.068588   -18.5929   -20.3888   -21.1069   -21.4655   -21.7374     1.7959     2.5140     0.3586
245.272743  29.850039  18.6272  17.1448  16.3212  15.8420  15.5089    0.08970000   0.00020084  26904.305    60.210317   0.129977   0.836893   -2016.374 1   0.420008   0.392591   0.166396   0.080952   0.040321   -19.7333   -21.1883   -21.7857   -22.1794   -22.4719     1.4550     2.0524     0.3938
245.094339  29.768063  19.9083  17.9710  16.9980  16.5863  16.2181    0.10010000   0.00015021  30003.229    45.031825   0.131402   0.846070    1082.551 1   0.456283   0.361502   0.134999   0.093818   0.068102   -18.7462   -20.5887   -21.3352   -21.7057   -22.0482     1.8425     2.5890     0.3705
245.104689  29.753142  18.7669  16.8795  15.9248  15.5024  15.1432    0.08350000   0.00017745  25038.516    53.198172   0.144145   0.928114   -3882.162 1   0.444541   0.348882   0.128732   0.090981   0.068072   -19.4620   -21.2538   -21.9883   -22.3730   -22.7093     1.7917     2.5263     0.3846
245.055674  30.035217  19.7425  17.7442  16.7500  16.3351  15.9770    0.09560000   0.00015735  28659.020    47.172343   0.154849   0.997037    -261.659 0   0.505319   0.401926   0.149976   0.103000   0.072256   -18.8421   -20.7370   -21.4792   -21.8472   -22.1745     1.8949     2.6372     0.3679
245.280681  29.801925  20.5652  18.5160  17.5701  17.1810  16.8532    0.09680000   0.00013096  29024.167    39.260820   0.159024   1.023920     103.488 0   0.368515   0.284904   0.103441   0.071557   0.062913   -17.9308   -19.8964   -20.6609   -21.0181   -21.3372     1.9656     2.7300     0.3572
245.272287  29.787531  19.2671  17.4005  16.4346  16.0179  15.6799    0.09990000   0.00014269  29949.896    42.777386   0.162368   1.045451    1029.217 1   0.457498   0.359893   0.133109   0.093824   0.068979   -19.3655   -21.1345   -21.8736   -22.2510   -22.5641     1.7690     2.5081     0.3774
244.942598  29.883443  20.1317  18.2415  17.3546  16.9663  16.6614    0.09060000   0.00017800  27175.857    53.363058   0.164800   1.061110   -1744.822 1   0.292703   0.225036   0.085200   0.051787   0.052770   -18.1232   -19.9458   -20.6928   -21.0477   -21.3536     1.8225     2.5696     0.3549
244.995267  30.009732  20.2797  18.3328  17.4050  16.9754  16.7070    0.09570000   0.00016219  28683.843    48.623339   0.164886   1.061661    -236.836 0   0.370234   0.286371   0.104046   0.072020   0.063020   -18.1696   -20.0327   -20.7782   -21.1757   -21.4351     1.8630     2.6085     0.3976
245.018157  30.027589  20.1455  18.3779  17.4019  16.9963  16.7136    0.10030000   0.00014974  30062.588    44.890923   0.165153   1.063379    1141.909 1   0.494412   0.460581   0.183795   0.098083   0.060029   -18.5327   -20.2665   -20.9657   -21.2856   -21.5302     1.7338     2.4330     0.3199
245.045528  30.050568  19.0171  17.1184  16.1864  15.7900  15.4681    0.09080000   0.00016668  27211.022    49.969407   0.172494   1.110648   -1709.656 1   0.363192   0.280380   0.101579   0.070131   0.062568   -19.3343   -21.1501   -21.9033   -22.2683   -22.5826     1.8159     2.5691     0.3650
245.226076  29.740826  18.5723  16.6273  15.6415  15.2223  14.8620    0.09920000   0.00014785  29731.467    44.324315   0.174602   1.124221     810.789 0   0.493902   0.393977   0.147642   0.101171   0.070918   -20.1025   -21.9475   -22.6870   -23.0597   -23.3898     1.8451     2.5845     0.3727
245.261348  29.739454  19.1848  17.2341  16.2735  15.8616  15.5300    0.09910000   0.00015942  29694.953    47.792914   0.191895   1.235567     774.274 0   0.420389   0.328438   0.120604   0.085103   0.066458   -19.4119   -21.2707   -22.0234   -22.3998   -22.7128     1.8587     2.6115     0.3764
244.956650  30.014108  19.6405  17.7253  16.7601  16.3573  16.0547    0.09560000   0.00015608  28650.446    46.791607   0.193074   1.243158    -270.233 0   0.412062   0.321661   0.118074   0.083037   0.065806   -18.8508   -20.6756   -21.4372   -21.8050   -22.0904     1.8248     2.5864     0.3678
245.355895  29.857966  18.8944  17.2617  16.4336  16.0979  15.8395    0.09390000   0.00013868  28156.807    41.575218   0.197491   1.271598    -763.871 0   0.242979   0.179093   0.082442   0.034729   0.034689   -19.3887   -20.9576   -21.6890   -21.9770   -22.2353     1.5688     2.3003     0.2880
245.335130  29.989266  19.5789  18.3796  17.7212  17.3304  17.1140    0.09420000   0.00003206  28233.704     9.611346   0.199450   1.284209    -686.974 0   0.233249   0.265311   0.136241   0.023396  -0.069771   -18.7226   -19.9539   -20.4833   -20.7612   -20.8845     1.2314     1.7607     0.2780
244.898727  29.860729  19.7353  17.7455  16.7783  16.3667  15.9892    0.09780000   0.00013384  29307.381    40.124223   0.205338   1.322121     386.702 0   0.446503   0.351281   0.130054   0.091498   0.067980   -18.8611   -20.7557   -21.5017   -21.8747   -22.2287     1.8946     2.6406     0.3730
245.302694  29.742658  19.6068  17.5289  16.6103  16.2324  15.9498    0.09280000   0.00014508  27833.691    43.493890   0.212478   1.368096   -1086.987 1   0.314614   0.241991   0.088511   0.057639   0.057002   -18.7409   -20.7462   -21.5113   -21.8584   -22.1403     2.0053     2.7704     0.3470
245.343868  29.770412  20.0633  18.2364  17.2679  16.8670  16.5307    0.09810000   0.00014650  29411.679    43.919595   0.221969   1.429209     491.000 0   0.411333   0.320611   0.117386   0.082754   0.065940   -18.5046   -20.2408   -21.0061   -21.3723   -21.6918     1.7362     2.5015     0.3663
245.167107  30.116652  20.1382  18.3829  17.4231  17.0687  16.7662    0.09860000   0.00013475  29574.046    40.397034   0.223411   1.438491     653.368 0   0.354664   0.277004   0.104104   0.068558   0.059360   -18.3607   -20.0383   -20.8252   -21.1440   -21.4374     1.6776     2.4645     0.3189
245.023527  30.097931  18.0445  16.2696  15.3576  14.9318  14.6005    0.09150000   0.00017243  27443.601    51.693214   0.223462   1.438822   -1477.077 1   0.424905   0.346509   0.135922   0.087320   0.060819   -20.3642   -22.0607   -22.7621   -23.1393   -23.4441     1.6965     2.3979     0.3772
245.328387  29.741812  20.0099  17.9774  17.0120  16.6450  16.3378    0.09700000   0.00011690  29084.066    35.045738   0.229099   1.475116     163.387 0   0.368766   0.285550   0.104082   0.071718   0.062681   -18.4698   -20.4191   -21.2030   -21.5376   -21.8358     1.9493     2.7332     0.3346
245.357548  29.734108  19.0502  17.2071  16.3062  15.9614  15.6631    0.09840000   0.00013585  29507.193    40.726805   0.253277   1.630792     586.514 0   0.296716   0.228553   0.087841   0.052633   0.052406   -19.3886   -21.1636   -21.9238   -22.2334   -22.5314     1.7749     2.5351     0.3096
244.916843  30.069218  18.9709  16.9773  15.9877  15.5811  15.2669    0.09160000   0.00016262  27472.081    48.752250   0.255156   1.642892   -1448.597 1   0.442793   0.348432   0.129085   0.090713   0.067614   -19.4580   -21.3573   -22.1275   -22.4957   -22.7868     1.8992     2.6695     0.3682
245.415680  29.817603  19.0126  17.4839  16.7856  16.3332  16.0652    0.09280000   0.00013316  27808.509    39.920364   0.257749   1.659585   -1112.170 1   0.251783   0.188332   0.093867   0.033490   0.022402   -19.2723   -20.7376   -21.3414   -21.7334   -21.9903     1.4652     2.0691     0.3920
244.851740  29.987593  18.6528  17.2346  16.5296  16.1434  15.8526    0.09960000   0.00015905  29853.753    47.681990   0.260068   1.674519     933.074 1   0.265166   0.211730   0.109934   0.036528   0.001659   -19.7996   -21.1644   -21.7676   -22.0804   -22.3363     1.3648     1.9680     0.3128
245.357821  29.716940  19.3397  17.8719  17.1931  16.8278  16.5890    0.09230000   0.00015993  27680.407    47.945808   0.264710   1.704407   -1240.271 1   0.176789   0.107460   0.065639   0.017727   0.009138   -18.8584   -20.2569   -20.8939   -21.2113   -21.4415     1.3985     2.0355     0.3174
245.421162  29.995787  19.8036  18.0439  17.1672  16.8051  16.5086    0.09630000   0.00012419  28864.108    37.231225   0.269915   1.737917     -56.571 0   0.313118   0.244308   0.097452   0.056950   0.051363   -18.6258   -20.3166   -21.0465   -21.3681   -21.6590     1.6909     2.4207     0.3216
244.867368  30.043265  19.7427  17.8942  16.9568  16.5348  16.1786    0.09570000   0.00015373  28681.774    46.087095   0.273142   1.758698    -238.905 0   0.433147   0.347973   0.133143   0.089098   0.064065   -18.7696   -20.5329   -21.2555   -21.6334   -21.9646     1.7633     2.4859     0.3780
244.895520  30.078298  20.2236  18.5675  17.6417  17.2798  16.9963    0.10070000   0.00014757  30202.591    44.240373   0.274937   1.770252    1281.913 1   0.327363   0.255694   0.099233   0.061156   0.054667   -18.2962   -19.8806   -20.6500   -20.9738   -21.2508     1.5844     2.3538     0.3238
245.055231  30.163661  20.1098  18.4073  17.5700  17.2006  16.8972    0.09310000   0.00012829  27920.781    38.460374   0.276532   1.780527    -999.898 1   0.265701   0.201961   0.083089   0.043460   0.045123   -18.1986   -19.8373   -20.5557   -20.8855   -21.1906     1.6388     2.3572     0.3298
245.088117  30.172375  17.8533  17.0242  16.5557  16.1420  16.0588    0.09640000   0.00083954  28904.880   251.687760   0.279698   1.800910     -15.799 0   0.092594   0.227304   0.117603  -0.056329  -0.077488   -20.3578   -21.3216   -21.6804   -21.9202   -21.9822     0.9638     1.3226     0.2398
245.337205  30.113343  18.9520  17.4702  16.7761  16.4391  16.1572    0.08770000   0.00014284  26299.114    42.822355   0.281299   1.811222   -2621.565 1   0.048735   0.030614   0.013242   0.008531   0.008567   -19.0092   -20.4729   -21.1496   -21.4819   -21.7639     1.4637     2.1404     0.3323
244.837870  30.019684  19.7005  17.7105  16.7768  16.3459  16.0246    0.09300000   0.00016528  27873.534    49.549697   0.283868   1.827760   -1047.145 1   0.399067   0.312713   0.115927   0.080066   0.064015   -18.7177   -20.6214   -21.3583   -21.7533   -22.0586     1.9036     2.6406     0.3950
245.372348  29.699858  20.1493  18.1807  17.1855  16.7681  16.4111    0.09510000   0.00014226  28510.233    42.648475   0.285556   1.838626    -410.446 0   0.514024   0.407325   0.151328   0.104377   0.073348   -18.4537   -20.3156   -21.0548   -21.4252   -21.7512     1.8619     2.6011     0.3704
245.430166  29.725686  17.7385  16.0927  15.3713  15.0206  14.7827    0.09820000   0.00019412  29434.103    58.195712   0.309026   1.989749     513.425 0   0.123856   0.080581   0.042331   0.019048   0.020219   -20.5418   -22.1443   -22.8275   -23.1549   -23.3939     1.6025     2.2857     0.3274
244.942989  30.158167  20.4111  18.5261  17.5562  17.1574  16.8558    0.09490000   0.00015282  28437.233    45.814283   0.309849   1.995043    -483.445 0   0.429512   0.336730   0.124223   0.087428   0.066870   -18.0816   -19.8739   -20.6313   -20.9933   -21.2743     1.7922     2.5496     0.3620
244.867091  30.104281  19.8165  18.0075  17.0202  16.6160  16.2629    0.09280000   0.00015967  27816.063    47.867862   0.310639   2.000129   -1104.615 1   0.461893   0.364837   0.135623   0.094902   0.068936   -18.6785   -20.3905   -21.1486   -21.5120   -21.8392     1.7119     2.4700     0.3635
245.247326  30.190492  19.9443  18.3059  17.3905  17.0127  16.7506    0.09690000   0.00014151  29039.816    42.423631   0.311609   2.006375     119.138 0   0.353820   0.283063   0.113661   0.069016   0.053447   -18.5393   -20.1069   -20.8529   -21.1861   -21.4326     1.5676     2.3136     0.3332
245.341161  29.632555  18.8970  17.1104  16.1703  15.7744  15.4108    0.09750000   0.00013470  29242.866    40.382044   0.319143   2.054886     322.187 0   0.405483   0.324041   0.124288   0.082498   0.061665   -19.6306   -21.3358   -22.0761   -22.4302   -22.7730     1.7052     2.4455     0.3541
245.376218  29.652189  19.3240  17.5295  16.6418  16.2773  15.9423    0.09660000   0.00013655  28956.204    40.936660   0.322266   2.074998      35.525 0   0.306770   0.238071   0.093979   0.055130   0.051654   -19.0847   -20.8105   -21.5541   -21.8797   -22.2113     1.7258     2.4694     0.3257
245.147625  29.571057  19.3623  17.2475  16.3123  15.9037  15.5866    0.09660000   0.00016482  28950.568    49.411793   0.324519   2.089501      29.889 0   0.397241   0.309172   0.113147   0.079172   0.064824   -19.1369   -21.1636   -21.9028   -22.2774   -22.5801     2.0267     2.7659     0.3746
245.489044  29.790454  20.0486  18.1396  17.1839  16.7613  16.4586    0.09660000   0.00016245  28954.375    48.701285   0.326645   2.103193      33.697 0   0.405280   0.316273   0.116165   0.081342   0.065217   -18.4586   -20.2786   -21.0342   -21.4220   -21.7085     1.8200     2.5756     0.3878
245.409964  29.672233  19.2640  17.5595  16.6229  16.2154  15.8834    0.09830000   0.00015154  29467.650    45.430549   0.328246   2.113502     546.971 0   0.435322   0.361680   0.144285   0.088965   0.059406   -19.3323   -20.9632   -21.6824   -22.0346   -22.3370     1.6309     2.3501     0.3522
245.511500  29.867507  19.8694  17.8954  16.9607  16.5971  16.2573    0.09940000   0.00012627  29806.475    37.854794   0.330002   2.124805     885.797 1   0.346333   0.266809   0.096578   0.065785   0.060963   -18.6411   -20.5355   -21.3000   -21.6328   -21.9678     1.8945     2.6589     0.3328
245.479317  29.757573  20.1506  18.2105  17.2431  16.8414  16.5508    0.09600000   0.00015142  28790.809    45.394574   0.330949   2.130901    -129.870 0   0.394647   0.307032   0.112336   0.078502   0.064627   -18.3535   -20.2060   -20.9787   -21.3466   -21.6233     1.8525     2.6252     0.3679
245.106290  30.228143  19.4017  17.7248  16.9397  16.5980  16.3150    0.09400000   0.00013089  28190.204    39.239835   0.333600   2.147972    -730.474 1   0.110815   0.082877   0.036680   0.020552   0.022922   -18.7727   -20.4217   -21.1606   -21.4862   -21.7715     1.6490     2.3879     0.3256
244.747444  29.976738  19.8194  17.9027  16.9565  16.5418  16.1826    0.09320000   0.00014052  27954.388    42.126836   0.343357   2.210797    -966.291 1   0.416987   0.325452   0.119350   0.084238   0.066271   -18.6426   -20.4677   -21.2078   -21.5874   -21.9287     1.8252     2.5653     0.3796
244.821733  30.117879  18.9188  17.7584  17.2066  16.8853  16.7182    0.09670000   0.00006634  28976.680    19.888232   0.349265   2.248836      56.001 0   0.172257   0.086877   0.075579  -0.002910  -0.072403   -19.3552   -20.4302   -20.9707   -21.2136   -21.3112     1.0750     1.6155     0.2428
245.378558  30.175980  19.5304  19.0467  18.8557  18.3649  18.8263    0.10960000   0.00073703  32858.453   220.956035   0.352699   2.270944    3937.774 1   0.169952   0.052938   0.089062  -0.085455  -0.041260   -19.0374   -19.4041   -19.6312   -19.9475   -19.5303     0.3667     0.5938     0.3163
244.758319  29.743111  18.6928  16.9783  16.0634  15.6818  15.3737    0.09780000   0.00015384  29331.124    46.120072   0.358081   2.305603     410.446 0   0.349999   0.276582   0.107982   0.067772   0.055934   -19.8071   -21.4482   -22.1945   -22.5359   -22.8321     1.6411     2.3874     0.3414
244.901414  30.193083  19.9634  18.1093  17.1316  16.7433  16.4687    0.09360000   0.00014030  28071.726    42.060882   0.358756   2.309945    -848.952 1   0.377536   0.293089   0.107192   0.074088   0.063213   -18.4684   -20.2381   -21.0299   -21.3851   -21.6488     1.7697     2.5615     0.3552
245.443139  29.641152  20.2410  18.1429  17.1549  16.7576  16.4242    0.09390000   0.00015427  28153.000    46.248982   0.370481   2.385440    -767.679 1   0.440280   0.346113   0.128072   0.090088   0.067506   -18.2394   -20.2434   -21.0133   -21.3726   -21.6835     2.0039     2.7739     0.3593
245.555177  29.822619  19.8156  18.1967  17.2637  16.8928  16.5344    0.09520000   0.00014029  28533.137    42.057884   0.373829   2.406995    -387.542 0   0.387362   0.309492   0.119882   0.077966   0.059357   -18.6419   -20.1829   -20.9263   -21.2553   -21.5951     1.5410     2.2844     0.3290
245.321768  29.549046  19.1416  17.2410  16.3011  15.8876  15.5634    0.09300000   0.00013603  27880.249    40.780768   0.383276   2.467825   -1040.430 1   0.392184   0.305217   0.111808   0.077913   0.064335   -19.2698   -21.0834   -21.8299   -22.2095   -22.5201     1.8136     2.5601     0.3796
245.579099  29.924976  19.8935  18.1392  17.1833  16.7071  16.3262    0.09970000   0.00014964  29877.256    44.860943   0.388568   2.501899     956.578 1   0.544430   0.459735   0.175750   0.105177   0.073273   -18.8216   -20.4912   -21.1632   -21.5688   -21.9178     1.6696     2.3415     0.4056
245.267239  30.273278  19.5808  17.7142  16.7610  16.3468  16.0121    0.09380000   0.00015651  28116.036    46.920518   0.395693   2.547775    -804.643 1   0.416962   0.325850   0.119762   0.084314   0.066102   -18.8927   -20.6682   -21.4153   -21.7940   -22.1105     1.7755     2.5226     0.3788
245.267967  29.507111  19.3748  18.0591  17.4862  17.1688  16.9312    0.09720000   0.00010461  29145.703    31.361289   0.405640   2.611824     225.024 0   0.140025   0.065372   0.057471   0.011639  -0.032891   -18.8782   -20.1193   -20.6843   -20.9559   -21.1489     1.2410     1.8060     0.2716
245.522221  29.667054  19.5652  17.8087  16.9222  16.5403  16.2474    0.09800000   0.00013103  29375.404    39.281806   0.407950   2.626698     454.725 0   0.321896   0.252798   0.101490   0.059592   0.051459   -18.8899   -20.5773   -21.3125   -21.6525   -21.9373     1.6874     2.4226     0.3400
244.700725  30.075719  19.3353  17.5922  16.5926  16.1134  15.7503    0.09350000   0.00014700  28026.158    44.069491   0.415299   2.674014    -894.521 1   0.587450   0.498646   0.186910   0.109461   0.079435   -19.2830   -20.9373   -21.6252   -22.0269   -22.3600     1.6543     2.3422     0.4018
244.839637  30.227907  18.8805  17.0709  16.1381  15.7222  15.4223    0.09490000   0.00015711  28449.855    47.100393   0.418279   2.693204    -470.824 0   0.371734   0.289171   0.106484   0.072748   0.062248   -19.5545   -21.2815   -22.0316   -22.4138   -22.7032     1.7270     2.4771     0.3822
244.832836  29.559887  18.6152  17.0051  16.2484  15.8430  15.6132    0.08330000   0.00017359  24986.892    52.040973   0.424096   2.730658   -3933.787 1   0.257259   0.193544   0.092622   0.036518   0.029092   -19.4424   -20.9888   -21.6446   -21.9938   -22.2162     1.5464     2.2022     0.3493
245.460017  29.579195  20.1098  18.2373  17.3526  16.9356  16.6096    0.09440000   0.00013046  28300.798    39.110924   0.425077   2.736969    -619.881 0   0.307345   0.236271   0.086813   0.055732   0.055959   -18.2493   -20.0507   -20.7859   -21.1719   -21.4981     1.8014     2.5367     0.3859
244.844407  30.265144  20.1658  18.2475  17.3084  16.9407  16.6784    0.09740000   0.00012413  29191.811    37.213238   0.446133   2.872545     271.132 0   0.334329   0.257658   0.093992   0.062723   0.059327   -18.2884   -20.1300   -20.9055   -21.2419   -21.5008     1.8416     2.6171     0.3364
245.604863  29.691142  18.9588  17.6973  16.9914  16.6215  16.3862    0.09900000   0.00015842  29681.912    47.493121   0.457811   2.947739     761.233 1   0.260323   0.274296   0.137870   0.034633  -0.048276   -19.4780   -20.7535   -21.3229   -21.5896   -21.7420     1.2755     1.8449     0.2667
245.283083  30.354226  19.5524  17.6563  16.6995  16.2902  15.9518    0.09540000   0.00016603  28609.464    49.774542   0.477203   3.072601    -311.215 0   0.426695   0.333526   0.122488   0.086604   0.066977   -18.9701   -20.7730   -21.5188   -21.8922   -22.2110     1.8029     2.5487     0.3734
244.622141  30.097849  19.6395  17.9117  17.0965  16.6283  16.3809    0.09780000   0.00014519  29313.737    43.526867   0.486372   3.131635     393.058 0   0.391662   0.374870   0.163095   0.074038   0.028633   -18.9021   -20.6131   -21.2165   -21.5956   -21.7976     1.7110     2.3144     0.3791
245.701020  29.920028  18.7054  16.8439  15.9377  15.5670  15.2416    0.09770000   0.00014336  29290.952    42.978247   0.493751   3.179147     370.274 0   0.327330   0.254247   0.096426   0.061059   0.056286   -19.7461   -21.5345   -22.2829   -22.6183   -22.9389     1.7884     2.5368     0.3353
244.712639  30.231421  20.1679  18.3452  17.3460  16.8334  16.4540    0.09540000   0.00014453  28592.766    43.329004   0.495257   3.188845    -327.913 0   0.607790   0.499506   0.184647   0.112401   0.082431   -18.5357   -20.2501   -20.9344   -21.3748   -21.7242     1.7144     2.3988     0.4404
245.554866  29.561723  18.3159  16.4085  15.4666  15.0803  14.7657    0.09520000   0.00016150  28553.883    48.416482   0.495521   3.190544    -366.796 0   0.368993   0.285367   0.103681   0.071698   0.062911   -20.1232   -21.9470   -22.7072   -23.0615   -23.3673     1.8238     2.5840     0.3543
245.417257  29.458828  19.2904  17.2689  16.3374  15.9059  15.5541    0.09570000   0.00014119  28704.618    42.327697   0.501577   3.229538    -216.060 0   0.418980   0.327907   0.120788   0.084867   0.066108   -19.2077   -21.1381   -21.8625   -22.2581   -22.5911     1.9304     2.6548     0.3956
245.103711  30.422218  19.1036  17.9780  17.4446  17.1185  16.8900    0.08840000   0.00018755  26488.582    56.226075   0.527497   3.396428   -2432.096 1   0.184601   0.132232   0.097906  -0.012734  -0.100473   -18.9897   -20.0629   -20.5620   -20.7774   -20.9182     1.0732     1.5723     0.2155
245.559559  29.512927  19.9448  18.0617  17.2495  16.8767  16.5846    0.09500000   0.00012285  28469.941    36.829503   0.532423   3.428150    -450.738 0   0.135625   0.108808   0.043804   0.025542   0.029506   -18.2775   -20.1338   -20.8810   -21.2355   -21.5316     1.8563     2.6035     0.3545
