146.786104  43.420356  18.6364  17.0887  16.1590  15.6964  15.6600    0.06990000   0.00018666  20943.741    55.959260   0.025883   0.128571    -754.338 0   0.435110   0.529809   0.216056   0.093490   0.037732   -19.1955   -20.8379   -21.4539   -21.7939   -21.7746     1.6424     2.2583     0.3400
146.747595  43.410293  19.5678  17.8448  17.0040  16.6000  16.2642    0.07260000   0.00015464  21761.485    46.359906   0.039381   0.195623      63.406 0   0.212880   0.166329   0.062021   0.035583   0.042974   -18.1245   -19.8010   -20.5375   -20.9150   -21.2582     1.6764     2.4129     0.3776
146.709110  43.423861  17.2776  15.6664  14.9085  14.5009  14.2132    0.07220000   0.00019129  21654.639    57.347299   0.051506   0.255854     -43.440 0   0.237904   0.174732   0.079513   0.034170   0.035680   -20.4490   -21.9970   -22.6597   -23.0219   -23.3111     1.5480     2.2107     0.3623
146.832835  43.400408  17.8316  15.8942  15.0162  14.6076  14.2750    0.07230000   0.00019527  21682.250    58.540473   0.061539   0.305693     -15.829 0   0.283900   0.218007   0.078684   0.050053   0.053807   -19.9227   -21.7942   -22.5329   -22.9129   -23.2492     1.8715     2.6102     0.3800
146.750419  43.504830  20.2251  18.4830  17.6786  17.3138  17.0580    0.07460000   0.00015534  22369.284    46.569760   0.062520   0.310564     671.205 0   0.206301   0.151004   0.065871   0.030312   0.036381   -17.5411   -19.2279   -19.9472   -20.2764   -20.5383     1.6868     2.4061     0.3292
146.785787  43.510565  18.3430  16.3812  15.5277  15.1183  14.8092    0.07250000   0.00017814  21728.388    53.405028   0.066421   0.329945      30.309 0   0.234966   0.182656   0.066602   0.039546   0.046774   -19.3653   -21.2748   -22.0122   -22.3945   -22.7109     1.9095     2.6469     0.3823
146.824573  43.502565  20.1002  18.4342  17.6619  17.2464  16.9452    0.07120000   0.00017602  21351.579    52.769468   0.068538   0.340459    -346.500 0   0.208044   0.153913   0.065530   0.031276   0.037656   -17.5448   -19.1567   -19.8406   -20.2219   -20.5295     1.6119     2.2958     0.3812
146.670590  43.465850  19.7833  18.0145  17.1941  16.8105  16.4832    0.07210000   0.00015527  21605.713    46.548775   0.077993   0.387428     -92.366 0   0.146946   0.122751   0.045840   0.028334   0.033008   -17.8280   -19.5726   -20.3161   -20.6822   -21.0142     1.7446     2.4881     0.3661
146.751633  43.534539  18.6708  16.7112  15.8394  15.4186  15.0778    0.07220000   0.00018728  21646.335    56.145132   0.091295   0.453503     -51.744 0   0.295231   0.226548   0.081349   0.052835   0.055463   -19.1131   -21.0040   -21.7306   -22.1229   -22.4663     1.8909     2.6175     0.3923
146.654029  43.487031  19.2350  18.0683  17.5734  17.2629  17.0850    0.07390000   0.00017847  22156.971    53.503960   0.096837   0.481035     458.892 0   0.169706   0.076978   0.077431  -0.014457  -0.086553   -18.4498   -19.5237   -20.0191   -20.2377   -20.3435     1.0740     1.5693     0.2186
146.744590  43.551114  20.1793  18.3138  17.4850  17.0897  16.8226    0.07280000   0.00016580  21834.244    49.705590   0.108536   0.539146     136.166 0   0.236656   0.180162   0.070530   0.038297   0.044493   -17.5428   -19.3518   -20.0710   -20.4340   -20.7073     1.8090     2.5282     0.3631
146.806850  43.334605  20.2389  18.3672  17.5082  17.1418  16.8411    0.07230000   0.00016035  21673.436    48.071721   0.112649   0.559577     -24.643 0   0.261408   0.198886   0.079254   0.043185   0.046589   -17.4929   -19.3021   -20.0415   -20.3718   -20.6759     1.8092     2.5485     0.3303
146.742565  43.334054  20.2870  18.4806  17.6733  17.2293  16.9326    0.07280000   0.00021600  21836.553    64.755171   0.112972   0.561183     138.474 0   0.204782   0.158981   0.060893   0.033801   0.041039   -17.4032   -19.1638   -19.8730   -20.2900   -20.5939     1.7606     2.4698     0.4169
146.884945  43.358301  19.6061  18.0508  17.2771  16.8856  16.5603    0.07460000   0.00014051  22359.661    42.123838   0.118129   0.586799     661.582 0   0.288904   0.229703   0.108927   0.047220   0.026643   -18.2427   -19.7388   -20.3918   -20.7216   -21.0263     1.4961     2.1490     0.3298
146.785739  43.325664  20.0376  18.2726  17.4020  17.0344  16.7079    0.07260000   0.00016259  21775.605    48.743256   0.119340   0.592815      77.526 0   0.289016   0.222336   0.087802   0.050212   0.049983   -17.7309   -19.4292   -20.1653   -20.4953   -20.8215     1.6983     2.4344     0.3300
146.658362  43.351161  19.4495  17.6778  16.8112  16.3849  16.0364    0.07260000   0.00016246  21765.052    48.704283   0.125684   0.624330      66.974 0   0.362817   0.291118   0.116379   0.071516   0.054469   -18.3928   -20.0928   -20.7846   -21.1661   -21.4975     1.7000     2.3919     0.3814
146.694755  43.560158  19.1742  17.9778  17.5230  17.1808  17.0140    0.07350000   0.00005977  22021.555    17.918595   0.128997   0.640786     323.476 0   0.175495   0.091917   0.087866  -0.032080  -0.095499   -18.5257   -19.6386   -20.0893   -20.3116   -20.4149     1.1128     1.5636     0.2223
146.594505  43.479026  20.0910  18.3919  17.5415  17.1509  16.8373    0.07480000   0.00015157  22427.024    45.439543   0.134757   0.669397     728.945 0   0.311260   0.244630   0.101624   0.056223   0.047488   -17.7648   -19.3973   -20.1047   -20.4499   -20.7547     1.6325     2.3399     0.3452
146.644894  43.542537  19.2173  17.3664  16.5031  16.1119  15.7985    0.07090000   0.00016033  21261.311    48.065725   0.135488   0.673033    -436.768 0   0.250367   0.192227   0.072122   0.041972   0.047908   -18.4821   -20.2749   -21.0181   -21.3791   -21.6984     1.7928     2.5360     0.3611
146.866545  43.320381  19.8460  18.0768  17.1868  16.7789  16.4487    0.07120000   0.00016153  21340.007    48.425476   0.141318   0.701988    -358.072 0   0.371474   0.300297   0.120826   0.073850   0.054275   -17.9625   -19.6605   -20.3710   -20.7320   -21.0426     1.6980     2.4086     0.3609
146.910890  43.546679  18.8378  17.4720  16.8235  16.4243  16.1512    0.07940000   0.00010516  23817.012    31.526175   0.142407   0.707402    2118.933 1   0.241116   0.198287   0.111042   0.024942  -0.034792   -19.0780   -20.4009   -20.9622   -21.2753   -21.4886     1.3230     1.8842     0.3131
146.626545  43.553567  20.6644  18.3646  17.5722  17.1242  16.8730    0.07230000   0.00004180  21664.502    12.531325   0.152682   0.758443     -33.577 0   0.197037   0.156461   0.057849   0.033825   0.040947   -17.0031   -19.2623   -19.9561   -20.3801   -20.6384     2.2592     2.9530     0.4240
146.604184  43.551143  19.4450  18.1421  17.5392  17.2317  17.0328    0.07230000   0.00015747  21665.491    47.208318   0.162879   0.809093     -32.587 0   0.005203   0.002271   0.001042   0.000711  -0.000059   -18.0306   -19.3306   -19.9323   -20.2394   -20.4376     1.3000     1.9016     0.3072
146.525448  43.440959  20.4998  18.6335  17.6712  17.1615  16.7738    0.07230000   0.00016231  21671.577    48.659314   0.180487   0.896563     -26.502 0   0.572061   0.476487   0.179284   0.108659   0.077492   -17.5427   -19.3134   -19.9785   -20.4176   -20.7741     1.7707     2.4358     0.4391
146.771672  43.257995  20.0056  18.1457  17.2799  16.8975  16.6071    0.07170000   0.00016172  21488.944    48.482436   0.186711   0.927476    -209.135 0   0.275636   0.210993   0.082162   0.047071   0.049379   -17.7223   -19.5176   -20.2545   -20.6018   -20.8945     1.7953     2.5322     0.3473
146.531869  43.362140  17.9967  16.7522  16.1807  15.8373  15.6444    0.07380000   0.00008278  22132.928    24.816820   0.194208   0.964722     434.849 0   0.190581   0.120826   0.087680  -0.001359  -0.071255   -19.7091   -20.8838   -21.4222   -21.6765   -21.7995     1.1747     1.7131     0.2544
146.897307  43.263959  18.4471  17.0067  16.2867  15.9232  15.6834    0.07240000   0.00014174  21697.569    42.492583   0.201700   1.001937      -0.510 0   0.223603   0.156566   0.084739   0.024092   0.012866   -19.2499   -20.6233   -21.2715   -21.5743   -21.8029     1.3734     2.0215     0.3029
147.036094  43.567642  20.3052  18.2740  17.4035  16.9803  16.6583    0.07950000   0.00016355  23826.635    49.031057   0.226560   1.125425    2128.556 1   0.295882   0.227056   0.081641   0.052991   0.055491   -17.6893   -19.6516   -20.3767   -20.7713   -21.0958     1.9624     2.6875     0.3945
146.469899  43.382664  19.8033  18.0415  17.2252  16.8360  16.5614    0.07140000   0.00016318  21411.237    48.920133   0.229329   1.139183    -286.841 0   0.221997   0.166738   0.068183   0.034426   0.040928   -17.8618   -19.5684   -20.2861   -20.6415   -20.9226     1.7065     2.4243     0.3554
146.513410  43.294094  18.7083  16.7721  15.8837  15.4571  15.1408    0.07140000   0.00016997  21402.274    50.955724   0.241814   1.201203    -295.805 0   0.309196   0.237159   0.085162   0.056277   0.057213   -19.0440   -20.9082   -21.6446   -22.0423   -22.3595     1.8642     2.6006     0.3977
146.483641  43.565158  19.0909  17.2688  16.3345  15.8686  15.5329    0.07420000   0.00015580  22251.016    46.707665   0.242793   1.206061     552.937 0   0.497614   0.425340   0.167204   0.098839   0.065623   -18.9549   -20.7048   -21.3809   -21.7784   -22.0809     1.7498     2.4260     0.3975
146.494955  43.304937  17.5639  15.6540  14.7895  14.3916  14.0845    0.07160000   0.00018664  21459.114    55.953264   0.246120   1.222590    -238.965 0   0.237006   0.184320   0.066871   0.040004   0.047221   -20.1223   -21.9795   -22.7266   -23.0976   -23.4119     1.8572     2.6043     0.3710
146.837499  43.689075  20.0533  18.4584  17.5871  17.1748  16.8787    0.07230000   0.00014812  21676.554    44.405259   0.248689   1.235352     -21.525 0   0.393890   0.341226   0.146038   0.076524   0.043396   -17.8110   -19.3533   -20.0294   -20.3722   -20.6351     1.5422     2.2183     0.3428
146.619039  43.222451  19.8086  17.9828  17.0014  16.5398  16.1848    0.07160000   0.00015555  21478.631    46.632717   0.249097   1.237380    -219.448 0   0.528226   0.448996   0.173319   0.103002   0.070651   -18.1688   -19.9154   -20.6211   -21.0124   -21.3351     1.7466     2.4523     0.3913
146.639901  43.210404  19.4593  17.6091  16.7272  16.3457  16.0760    0.07150000   0.00013996  21424.518    41.958952   0.253714   1.260314    -273.561 0   0.289007   0.222161   0.085983   0.050548   0.051181   -18.2727   -20.0560   -20.8018   -21.1478   -21.4182     1.7834     2.5291     0.3461
146.908495  43.686641  19.8923  18.1017  17.2486  16.8787  16.5829    0.07080000   0.00015444  21229.923    46.299947   0.260909   1.296054    -468.156 0   0.263648   0.200434   0.080895   0.043382   0.046122   -17.8173   -19.5447   -20.2783   -20.6107   -20.9092     1.7274     2.4609     0.3324
147.170136  43.496578  19.5464  17.6215  16.6178  16.1509  15.8119    0.07310000   0.00015809  21910.032    47.394190   0.292261   1.451793     211.953 0   0.562032   0.465418   0.175513   0.108047   0.076350   -18.5313   -20.3596   -21.0734   -21.4728   -21.7801     1.8283     2.5421     0.3994
146.370245  43.603446  18.1060  16.2822  15.3860  14.9860  14.6815    0.07260000   0.00017296  21767.870    51.852104   0.333358   1.655940      69.792 0   0.333490   0.258566   0.096621   0.062687   0.057818   -19.7069   -21.4558   -22.1901   -22.5561   -22.8558     1.7489     2.4831     0.3661
146.518994  43.155807  19.2292  17.4340  16.5644  16.1720  15.8819    0.07410000   0.00015822  22223.345    47.433163   0.343122   1.704444     525.266 0   0.289654   0.222644   0.085459   0.050837   0.051707   -18.6057   -20.3339   -21.0663   -21.4241   -21.7151     1.7282     2.4606     0.3578
146.593064  43.124801  19.3858  17.5738  16.6978  16.2999  15.9814    0.07450000   0.00016589  22344.941    49.732571   0.345816   1.717825     646.862 0   0.296905   0.228504   0.086867   0.052790   0.053040   -18.4681   -20.2117   -20.9461   -21.3099   -21.6286     1.7436     2.4780     0.3638
146.816607  43.100021  19.0378  17.1256  16.3036  15.9114  15.6108    0.07500000   0.00017097  22487.672    51.255517   0.346063   1.719052     789.593 1   0.133794   0.114883   0.042390   0.027174   0.031039   -18.6676   -20.5609   -21.3104   -21.6874   -21.9918     1.8933     2.6428     0.3770
146.370064  43.232952  19.3598  17.7273  16.8737  16.4542  16.1741    0.07140000   0.00017612  21392.950    52.799448   0.361718   1.796819    -305.129 0   0.386714   0.337865   0.146331   0.074259   0.039718   -18.4700   -20.0537   -20.7158   -21.0632   -21.3087     1.5837     2.2457     0.3474
146.925904  43.792639  19.6715  17.9217  17.0331  16.5773  16.2360    0.07860000   0.00014246  23550.736    42.708434   0.365005   1.813145    1852.657 1   0.446451   0.379677   0.153441   0.090044   0.057887   -18.4487   -20.1317   -20.7941   -21.1865   -21.4957     1.6830     2.3454     0.3924
146.408184  43.183329  19.0525  17.1061  16.1646  15.7156  15.3478    0.07330000   0.00016160  21973.918    48.446461   0.372626   1.851001     275.839 0   0.467710   0.377220   0.143687   0.096284   0.067283   -18.9368   -20.7927   -21.5007   -21.9023   -22.2411     1.8559     2.5639     0.4016
146.534366  43.108434  19.5494  18.0266  17.2557  16.8649  16.5723    0.07330000   0.00016913  21987.019    50.703898   0.378604   1.880697     288.940 0   0.298341   0.242803   0.115911   0.048971   0.022488   -18.2706   -19.7378   -20.3818   -20.7057   -20.9718     1.4673     2.1113     0.3239
146.808510  43.054865  18.4534  16.4533  15.5742  15.1533  14.8258    0.07220000   0.00018416  21630.356    55.209779   0.390638   1.940475     -67.723 0   0.321095   0.246684   0.089184   0.059296   0.058301   -19.3563   -21.2820   -22.0036   -22.3946   -22.7212     1.9257     2.6473     0.3910
146.688489  43.056857  19.6275  17.6614  16.7799  16.3360  16.0092    0.07260000   0.00016420  21774.376    49.225922   0.392777   1.951100      76.297 0   0.329535   0.253409   0.091719   0.061459   0.059198   -18.1815   -20.0715   -20.7913   -21.2049   -21.5294     1.8900     2.6098     0.4136
146.600514  43.067187  19.2049  17.2477  16.2706  15.8165  15.4485    0.07230000   0.00019546  21689.475    58.597434   0.397967   1.976881      -8.604 0   0.544737   0.445039   0.167915   0.107105   0.074737   -18.8103   -20.6678   -21.3677   -21.7610   -22.0967     1.8575     2.5575     0.3933
146.653097  43.050337  18.7669  17.1129  16.2816  15.8550  15.5489    0.07700000   0.00016454  23093.942    49.327851   0.404011   2.006905    1395.864 1   0.365538   0.305189   0.130879   0.070875   0.044108   -19.2064   -20.8000   -21.4570   -21.8236   -22.1029     1.5937     2.2506     0.3666
147.334970  43.443033  17.3026  15.5482  14.7243  14.3232  14.0408    0.07200000   0.00016564  21590.963    49.657623   0.407299   2.023238    -107.116 0   0.249147   0.188172   0.076682   0.039865   0.044083   -20.4047   -22.0982   -22.8106   -23.1749   -23.4615     1.6934     2.4058     0.3643
146.375267  43.153448  19.8623  18.3854  17.6610  17.2645  17.0017    0.06900000   0.00015764  20671.619    47.259283   0.410644   2.039856   -1026.459 1   0.258869   0.198231   0.100698   0.035348   0.015466   -17.7864   -19.2027   -19.8295   -20.1607   -20.4036     1.4163     2.0431     0.3311
146.571033  43.059753  20.1867  18.4263  17.6070  17.2177  16.9509    0.07240000   0.00018030  21719.634    54.052580   0.412183   2.047501      21.555 0   0.249607   0.187999   0.077939   0.039533   0.043161   -17.5363   -19.2351   -19.9444   -20.2953   -20.5657     1.6988     2.4080     0.3509
147.126119  43.118373  19.0424  17.4036  16.6168  16.1424  15.7872    0.07350000   0.00018739  22039.542    56.178109   0.414549   2.059251     341.464 0   0.370715   0.314668   0.136403   0.071212   0.041269   -18.8528   -20.4355   -21.0440   -21.4533   -21.7785     1.5828     2.1913     0.4092
146.312384  43.188043  19.4796  17.3558  16.4630  16.0326  15.6650    0.07340000   0.00017413  22012.921    52.202861   0.422127   2.096899     314.842 0   0.373933   0.290050   0.105989   0.073128   0.062962   -18.4189   -20.4588   -21.1676   -21.5651   -21.9225     2.0399     2.7487     0.3975
146.355791  43.739562  18.9914  17.2006  16.2794  15.8045  15.4842    0.07290000   0.00014434  21847.046    43.272043   0.423242   2.102436     148.967 0   0.505679   0.434369   0.170247   0.099592   0.066595   -19.0240   -20.7434   -21.4005   -21.8048   -22.0921     1.7195     2.3766     0.4042
146.615907  43.031858  19.0907  17.9170  17.3502  16.9711  16.7448    0.08040000   0.00009240  24105.742    27.700823   0.428497   2.128538    2407.663 1   0.199199   0.189727   0.114428   0.000391  -0.094339   -18.8316   -19.9958   -20.4873   -20.7524   -20.8840     1.1642     1.6557     0.2651
146.519695  43.057897  19.4638  18.0648  17.4023  17.0433  16.8262    0.07320000   0.00017684  21932.337    53.015298   0.428605   2.129074     234.258 0   0.192387   0.119282   0.074905   0.015170  -0.005167   -18.2260   -19.5519   -20.1700   -20.4693   -20.6660     1.3259     1.9440     0.2993
146.491446  43.062730  18.4388  16.6264  15.7388  15.3390  15.0130    0.07300000   0.00017097  21896.871    51.255517   0.433567   2.153725     198.792 0   0.326967   0.253809   0.096061   0.060948   0.056388   -19.3977   -21.1369   -21.8668   -22.2315   -22.5529     1.7392     2.4691     0.3647
146.407761  43.097693  19.9688  18.1777  17.4263  16.9908  16.7903    0.07480000   0.00014162  22434.699    42.456608   0.437163   2.171590     736.620 1   0.199943   0.143604   0.065147   0.028317   0.033910   -17.7757   -19.5104   -20.1834   -20.5821   -20.7882     1.7348     2.4077     0.3987
146.369631  43.120493  19.2529  18.0117  17.4782  17.1442  16.9653    0.07130000   0.00008182  21376.491    24.529019   0.437375   2.172643    -321.587 0   0.181736   0.105238   0.085144  -0.009670  -0.086369   -18.3901   -19.5548   -20.0683   -20.3074   -20.4096     1.1647     1.6781     0.2392
146.444297  43.078519  19.7489  17.9529  17.0572  16.6847  16.3694    0.07440000   0.00015898  22316.251    47.661005   0.437474   2.173134     618.172 0   0.314378   0.243834   0.093982   0.057415   0.054009   -18.1165   -19.8419   -20.5878   -20.9237   -21.2356     1.7255     2.4713     0.3359
147.050549  43.839173  18.4588  16.7036  15.8163  15.3971  15.0822    0.07810000   0.00017166  23419.727    51.462373   0.442639   2.198789    1721.648 1   0.386646   0.311201   0.122363   0.077882   0.057824   -19.5877   -21.2675   -21.9659   -22.3406   -22.6355     1.6798     2.3782     0.3747
146.483171  43.045126  18.9367  17.1883  16.2354  15.8137  15.5218    0.07300000   0.00017796  21890.665    53.351066   0.451929   2.244935     192.587 0   0.481439   0.417916   0.166778   0.095521   0.061728   -19.0543   -20.7392   -21.4409   -21.7914   -22.0495     1.6849     2.3866     0.3504
146.531329  43.020363  20.1144  18.3830  17.5638  17.1511  16.9059    0.07140000   0.00016696  21416.364    50.053349   0.459455   2.282324    -281.715 0   0.280426   0.215406   0.090975   0.046639   0.044200   -17.6091   -19.2755   -19.9703   -20.3387   -20.5814     1.6664     2.3611     0.3684
146.832933  42.972490  18.6784  16.7325  15.7548  15.1927  14.7255    0.07430000   0.00017078  22269.903    51.198556   0.474143   2.355284     571.824 0   0.665967   0.535253   0.192907   0.117679   0.089730   -19.5387   -21.3539   -21.9892   -22.4761   -22.9154     1.8152     2.4505     0.4869
146.167090  43.257552  19.9687  18.3963  17.6329  17.2219  16.9505    0.07190000   0.00016704  21562.063    50.077332   0.478726   2.378051    -136.016 0   0.274055   0.211035   0.097740   0.042559   0.033046   -17.7637   -19.2731   -19.9232   -20.2790   -20.5409     1.5094     2.1595     0.3558
146.509372  42.992978  18.8120  16.9359  16.0425  15.5767  15.2123    0.07360000   0.00017083  22053.393    51.213546   0.490878   2.438413     355.314 0   0.467678   0.391050   0.154184   0.095004   0.063276   -19.1862   -20.9857   -21.6422   -22.0488   -22.3815     1.7995     2.4560     0.4066
147.448340  43.547756  17.5805  15.7186  14.8057  14.4032  14.1073    0.07220000   0.00020229  21637.940    60.645016   0.500335   2.485393     -60.138 0   0.341977   0.264210   0.096787   0.064793   0.059846   -20.2501   -22.0343   -22.7797   -23.1502   -23.4412     1.7841     2.5296     0.3705
146.636413  42.949475  19.9401  18.0831  17.2645  16.8701  16.5590    0.07220000   0.00015525  21634.193    46.542779   0.505195   2.509535     -63.886 0   0.142941   0.121087   0.044684   0.028174   0.032612   -17.6915   -19.5266   -20.2688   -20.6467   -20.9623     1.8351     2.5773     0.3779
146.537403  42.956050  18.8951  17.5954  17.0074  16.6350  16.3654    0.07360000   0.00016266  22056.930    48.764241   0.517959   2.572936     358.852 0   0.213225   0.165668   0.102771   0.012261  -0.062420   -18.8486   -20.1008   -20.6259   -20.9078   -21.1027     1.2521     1.7772     0.2819
146.171697  43.147285  19.2034  17.1899  16.2947  15.8762  15.5665    0.07290000   0.00016816  21852.382    50.413100   0.528842   2.626997     154.303 0   0.300887   0.230947   0.083466   0.054211   0.055907   -18.6072   -20.5507   -21.2984   -21.6877   -21.9991     1.9436     2.6913     0.3892
146.265222  43.831554  19.3518  18.0140  17.3972  16.9966  16.7578    0.07070000   0.00008054  21200.183    24.145285   0.534884   2.657014    -497.895 0   0.212801   0.148952   0.092028   0.013476  -0.030937   -18.2826   -19.5566   -20.1165   -20.4385   -20.6329     1.2740     1.8338     0.3220
146.680315  42.905166  18.3700  17.2285  16.7481  16.4172  16.2691    0.08050000   0.00010368  24131.974    31.082482   0.543801   2.701307    2433.895 1   0.176979   0.102528   0.090941  -0.029265  -0.098561   -19.5328   -20.5998   -21.0687   -21.2794   -21.3582     1.0670     1.5359     0.2107
147.524565  43.359774  20.0656  18.0641  17.1788  16.7643  16.4081    0.07410000   0.00017620  22219.658    52.823431   0.551526   2.739681     521.579 0   0.305959   0.234671   0.084139   0.055486   0.056874   -17.7856   -19.7158   -20.4506   -20.8365   -21.1940     1.9302     2.6650     0.3858
146.506760  42.927233  18.6065  17.4170  16.9281  16.6150  16.4452    0.07310000   0.00017510  21902.088    52.493659   0.552641   2.745220     204.009 0   0.166481   0.073257   0.074932  -0.010930  -0.083030   -19.0756   -20.1719   -20.6625   -20.8897   -20.9874     1.0963     1.5869     0.2272
146.560259  42.912672  19.2711  17.4871  16.6122  16.1226  15.7697    0.07040000   0.00018888  21117.770    56.624799   0.554194   2.752933    -580.308 0   0.459572   0.395048   0.159271   0.092189   0.058839   -18.6221   -20.3416   -20.9807   -21.4032   -21.7227     1.7195     2.3586     0.4225
146.215010  43.065126  19.6369  17.8396  17.0411  16.7044  16.4211    0.07620000   0.00014795  22831.234    44.354294   0.555680   2.760313    1133.156 1   0.084144   0.068657   0.027757   0.018234   0.019183   -18.0322   -19.8140   -20.5716   -20.8988   -21.1830     1.7818     2.5394     0.3272
146.360434  42.973736  19.2806  17.6674  16.8288  16.4255  16.1428    0.07370000   0.00014113  22083.852    42.309710   0.558532   2.774484     385.773 0   0.340556   0.281433   0.124006   0.063494   0.038872   -18.5934   -20.1475   -20.8287   -21.1715   -21.4295     1.5541     2.2353     0.3428
146.363646  43.921272  18.4941  16.6644  15.8085  15.4509  15.1596    0.07170000   0.00017359  21499.196    52.040973   0.562033   2.791874    -198.882 0   0.251398   0.190841   0.075851   0.040953   0.045601   -19.2096   -20.9787   -21.7196   -22.0423   -22.3383     1.7691     2.5101     0.3227
146.452765  42.931253  18.8513  16.9819  16.0760  15.6243  15.2879    0.07510000   0.00016593  22526.975    49.744563   0.563930   2.801297     828.896 1   0.427191   0.342071   0.130512   0.087705   0.063856   -19.1504   -20.9347   -21.6290   -22.0379   -22.3504     1.7843     2.4786     0.4089
147.454808  43.725994  19.8025  17.9029  17.0331  16.5875  16.2441    0.07170000   0.00015601  21483.817    46.770621   0.568737   2.825177    -214.262 0   0.324469   0.249179   0.089768   0.060145   0.058854   -17.9742   -19.7985   -20.5089   -20.9249   -21.2670     1.8243     2.5347     0.4160
146.419988  42.920946  19.3807  18.2590  17.7285  17.3886  17.1971    0.07440000   0.00009111  22297.574    27.314091   0.583416   2.898092     599.495 0   0.182206   0.149521   0.104412  -0.016297  -0.103574   -18.3525   -19.4415   -19.9269   -20.1461   -20.2503     1.0890     1.5744     0.2192
146.474170  42.899542  19.8980  18.0584  17.1929  16.7700  16.4546    0.07350000   0.00017088  22038.613    51.228535   0.587009   2.915939     340.534 0   0.269496   0.207487   0.074793   0.046763   0.051931   -17.8959   -19.6735   -20.4063   -20.8012   -21.1218     1.7776     2.5104     0.3949
146.451625  42.899286  18.4413  16.5726  15.7100  15.3006  14.9996    0.07320000   0.00016204  21949.335    48.578370   0.593508   2.948227     251.256 0   0.270267   0.207651   0.076306   0.046710   0.051320   -19.3264   -21.1325   -21.8637   -22.2435   -22.5491     1.8061     2.5373     0.3798
146.427282  42.904029  18.5163  16.6891  15.7919  15.3524  15.0401    0.07440000   0.00017237  22292.867    51.675226   0.596395   2.962564     594.788 0   0.381321   0.300763   0.113818   0.075950   0.060971   -19.4160   -21.1627   -21.8729   -22.2746   -22.5719     1.7466     2.4569     0.4016
146.384496  42.918475  19.6818  17.8112  16.9785  16.5629  16.2773    0.07130000   0.00015250  21362.401    45.718350   0.597393   2.967523    -335.678 0   0.204232   0.160507   0.059899   0.034435   0.041724   -17.9837   -19.8106   -20.5427   -20.9328   -21.2257     1.8269     2.5590     0.3901
146.595621  42.848737  18.9731  17.1470  16.3022  15.8777  15.5804    0.07310000   0.00017120  21911.651    51.324469   0.609869   3.029497     213.572 0   0.229548   0.177714   0.066233   0.038164   0.045317   -18.7721   -20.5464   -21.2797   -21.6761   -21.9806     1.7743     2.5076     0.3964
146.396744  42.883758  19.2650  17.4831  16.5471  16.0326  15.6125    0.07420000   0.00014920  22242.412    44.729035   0.624236   3.100867     544.333 0   0.562061   0.473638   0.179476   0.107110   0.075859   -18.8453   -20.5387   -21.1806   -21.6227   -22.0116     1.6935     2.3353     0.4421
146.394648  42.879329  19.2469  17.4965  16.6122  16.1995  15.8628    0.07340000   0.00017070  21993.884    51.174573   0.628884   3.123955     295.805 0   0.368176   0.297009   0.119425   0.072971   0.054146   -18.6459   -20.3251   -21.0318   -21.3981   -21.7159     1.6792     2.3859     0.3662
147.446357  43.025970  18.4482  17.0623  16.3987  16.0481  15.7886    0.07380000   0.00015091  22136.046    45.241680   0.643148   3.194809     437.967 0   0.173294   0.103173   0.064995   0.016936   0.005831   -19.2403   -20.5561   -21.1815   -21.4840   -21.7324     1.3158     1.9412     0.3025
146.583025  42.805295  18.9951  17.8849  17.4064  17.0652  17.0084    0.07280000   0.00009323  21831.996    27.949651   0.654262   3.250016     133.917 0   0.168928   0.129111   0.101593  -0.037402  -0.098140   -18.6593   -19.7297   -20.1806   -20.3828   -20.3789     1.0704     1.5214     0.2022
146.407943  42.819659  18.8104  17.1093  16.3086  15.9046  15.6073    0.07380000   0.00015380  22125.973    46.108080   0.679193   3.373860     427.894 0   0.212019   0.157909   0.066151   0.032303   0.038778   -18.9168   -20.5638   -21.2728   -21.6429   -21.9467     1.6470     2.3559     0.3702
146.370429  42.830867  19.0943  17.6736  16.9789  16.6083  16.2971    0.07210000   0.00014064  21602.535    42.162811   0.680174   3.378732     -95.544 0   0.255953   0.203041   0.108271   0.032926  -0.006019   -18.6260   -19.9938   -20.5938   -20.8890   -21.1613     1.3678     1.9677     0.2953
146.852086  42.744852  18.1296  16.7106  15.9566  15.5057  15.2399    0.07410000   0.00010619  22210.394    31.834961   0.702139   3.487845     512.315 0   0.322994   0.285716   0.135059   0.053862   0.011495   -19.7387   -21.1204   -21.7237   -22.0934   -22.3169     1.3817     1.9851     0.3697
147.079478  42.768845  18.5794  17.7233  17.4621  17.1825  17.2797    0.07410000   0.00007992  22209.075    23.959413   0.711317   3.533436     510.996 0   0.128547   0.017648   0.067949  -0.030900  -0.015140   -19.0944   -19.8396   -20.1511   -20.3319   -20.2504     0.7452     1.0567     0.1808
146.605166  42.740969  19.8944  18.0458  17.1918  16.7870  16.4762    0.07390000   0.00014467  22159.939    43.370975   0.714323   3.548370     461.860 0   0.237138   0.183281   0.067962   0.039601   0.046530   -17.8578   -19.6525   -20.3912   -20.7677   -21.0854     1.7947     2.5334     0.3764
146.407387  42.780659  19.6307  17.9072  17.0520  16.6476  16.3157    0.07340000   0.00015102  22005.606    45.274657   0.715396   3.553699     307.527 0   0.338322   0.269089   0.109016   0.064593   0.051583   -18.2322   -19.8865   -20.5816   -20.9416   -21.2605     1.6543     2.3494     0.3600
147.662626  43.128383  18.7670  16.8540  15.9446  15.5229  15.2023    0.07320000   0.00017893  21930.958    53.641865   0.718554   3.569386     232.879 0   0.339222   0.261147   0.094606   0.063944   0.060206   -19.0696   -20.9045   -21.6474   -22.0384   -22.3553     1.8349     2.5778     0.3910
