 24.305723  -9.187098  19.2410  17.6024  16.9464  16.6316  16.4703    0.03850000   0.00016194  11528.369    48.548391   0.017793   0.051092    -552.967 0   0.054349   0.027324   0.013981   0.007698   0.004433   -16.9100   -18.5216   -19.1643   -19.4728   -19.6308     1.6116     2.2542     0.3085
 24.330832  -9.193232  18.6524  16.8475  16.0947  15.7341  15.4677    0.03810000   0.00017241  11429.677    51.687218   0.019002   0.054566    -651.659 0   0.071137   0.057237   0.023046   0.015643   0.016034   -17.5141   -19.3051   -20.0237   -20.3769   -20.6437     1.7910     2.5096     0.3532
 24.341777  -9.210784  18.8880  17.1248  16.3529  15.9779  15.6687    0.04550000   0.00014756  13647.902    44.237375   0.028369   0.081463    1566.565 1   0.089448   0.076317   0.029858   0.019939   0.021087   -17.6787   -19.4287   -20.1542   -20.5193   -20.8296     1.7501     2.4755     0.3651
 24.347588  -9.168654  16.6491  14.7543  13.9438  13.5540  13.2454    0.03870000   0.00019869  11614.739    59.565763   0.047457   0.136276    -466.597 0   0.123062   0.107313   0.039671   0.025914   0.029095   -19.5762   -21.4552   -22.1981   -22.5741   -22.8859     1.8791     2.6219     0.3760
 24.361605  -9.217534  18.1905  16.3894  15.6560  15.3038  15.0178    0.03900000   0.00016469  11686.090    49.372820   0.049060   0.140879    -395.246 0   0.025793   0.020761   0.007647   0.006086   0.005714   -17.9815   -19.7776   -20.4979   -20.8485   -21.1341     1.7961     2.5164     0.3506
 24.249660  -9.187032  18.2830  16.5550  15.8132  15.4310  15.1199    0.04020000   0.00015573  12045.751    46.686679   0.065632   0.188466     -35.585 0   0.015403   0.014438   0.005045   0.004339   0.003708   -17.9447   -19.6717   -20.4041   -20.7856   -21.0961     1.7270     2.4594     0.3815
 24.340282  -9.271046  18.0113  16.1260  15.2846  14.8842  14.5922    0.04230000   0.00017041  12692.373    51.087633   0.072941   0.209455     611.037 0   0.201527   0.158868   0.059171   0.034170   0.041392   -18.5082   -20.3508   -21.0925   -21.4679   -21.7671     1.8426     2.5843     0.3754
 24.346437  -9.270536  17.1130  15.0883  14.2048  13.7945  13.4891    0.04080000   0.00018643  12220.740    55.890308   0.074838   0.214903     139.403 0   0.286419   0.219851   0.079367   0.050625   0.054131   -19.3966   -21.3547   -22.0977   -22.4793   -22.7882     1.9581     2.7011     0.3816
 24.235414  -9.185679  19.1879  17.3972  16.6311  16.2666  15.9758    0.04040000   0.00016359  12125.915    49.043048   0.079634   0.228674      44.579 0   0.085494   0.069187   0.028165   0.018310   0.019347   -17.0937   -18.8681   -19.5932   -19.9479   -20.2397     1.7744     2.4995     0.3546
 24.373660  -9.261301  19.4999  17.7559  16.9998  16.6296  16.3603    0.04250000   0.00016237  12749.724    48.677301   0.082870   0.237967     668.387 0   0.112424   0.084386   0.037228   0.020838   0.023309   -16.9460   -18.6620   -19.3709   -19.7247   -19.9965     1.7160     2.4249     0.3538
 24.404502  -9.221273  18.6979  17.0619  16.3683  16.0260  15.7752    0.04220000   0.00014415  12650.732    43.215083   0.091034   0.261411     569.396 0   0.069980   0.043806   0.020646   0.011905   0.011949   -17.6902   -19.3000   -19.9704   -20.3040   -20.5548     1.6098     2.2803     0.3336
 24.367897  -9.277843  20.3972  18.5181  17.7115  17.3276  17.0144    0.04090000   0.00016585  12247.002    49.720579   0.091875   0.263824     165.665 0   0.091598   0.084160   0.030982   0.021762   0.022895   -15.9174   -17.7891   -18.5425   -18.9172   -19.2315     1.8717     2.6251     0.3747
 24.338856  -9.105973  20.3226  18.5226  17.7970  17.4207  17.1485    0.03920000   0.00015520  11743.890    46.527789   0.099840   0.286696    -337.446 0   0.021020   0.018242   0.006546   0.005411   0.004868   -15.8501   -17.6473   -18.3612   -18.7364   -19.0080     1.7972     2.5111     0.3752
 24.210206  -9.211311  18.4015  16.6331  15.8476  15.4842  15.1757    0.03960000   0.00015367  11882.424    46.069107   0.103008   0.295793    -198.912 0   0.081653   0.069962   0.027284   0.018666   0.019362   -17.8597   -19.6164   -20.3592   -20.7140   -21.0232     1.7567     2.4995     0.3548
 24.387888  -9.124922  18.7827  17.0190  16.2542  15.9035  15.5964    0.03950000   0.00015423  11827.682    46.236991   0.106564   0.306007    -253.654 0   0.060969   0.051029   0.019820   0.014253   0.014131   -17.4308   -19.1846   -19.9182   -20.2633   -20.5703     1.7538     2.4874     0.3451
 24.347225  -9.099639  17.3482  15.4750  14.6731  14.2961  13.9752    0.04080000   0.00018541  12234.860    55.584520   0.108190   0.310674     153.524 0   0.076639   0.072844   0.026501   0.019535   0.019682   -18.9516   -20.8210   -21.5766   -21.9466   -22.2676     1.8694     2.6250     0.3700
 24.312871  -9.091722  19.4348  17.6235  16.8965  16.5317  16.2074    0.04160000   0.00016199  12463.961    48.563380   0.111086   0.318989     382.625 0   0.005579   0.005040   0.001777   0.001514   0.001318   -16.8523   -18.6630   -19.3868   -19.7513   -20.0754     1.8108     2.5345     0.3645
 24.182711  -9.211063  18.5410  17.0114  16.2535  15.8301  15.4932    0.03800000   0.00017324  11404.825    51.936045   0.130059   0.373472    -676.512 1   0.309545   0.254903   0.119765   0.052489   0.024923   -17.8523   -19.3273   -19.9500   -20.3061   -20.6155     1.4750     2.0977     0.3561
 24.455923  -9.251343  18.1425  16.4792  15.7238  15.3718  15.0958    0.04110000   0.00015065  12335.410    45.163734   0.148082   0.425226     254.074 0   0.082270   0.062147   0.026523   0.016575   0.017547   -18.1734   -19.8166   -20.5364   -20.8784   -21.1554     1.6432     2.3630     0.3421
 24.285821  -9.363473  17.4387  15.6526  14.8337  14.4375  14.1238    0.03960000   0.00017597  11882.784    52.754479   0.163097   0.468344    -198.553 0   0.161830   0.132675   0.049519   0.029856   0.035430   -18.9026   -20.6596   -21.3953   -21.7719   -22.0911     1.7569     2.4927     0.3765
 24.144264  -9.194516  20.2679  18.5411  17.8891  17.5904  17.3925    0.04180000   0.00019262  12544.006    57.746023   0.167953   0.482288     462.670 0   0.045922   0.023089   0.011292   0.006530   0.003978   -16.0486   -17.7525   -18.3928   -18.6867   -18.8820     1.7040     2.3442     0.2939
 24.315286  -9.025709  17.9136  16.0963  15.2573  14.8772  14.5724    0.03970000   0.00016805  11905.268    50.380123   0.177094   0.508537    -176.068 0   0.210952   0.162652   0.062773   0.034425   0.041648   -18.4767   -20.2457   -20.9848   -21.3366   -21.6486     1.7690     2.5081     0.3518
 24.266863  -9.020148  19.7361  18.3066  17.5593  17.2892  17.0635    0.04120000   0.00020177  12342.216    60.489124   0.188534   0.541388     260.879 0   0.053956   0.032037   0.014559   0.008860   0.008576   -16.5837   -17.9912   -18.7211   -18.9855   -19.2109     1.4076     2.1374     0.2644
 24.204611  -9.362052  19.7204  18.3005  17.7486  17.4528  17.2294    0.04100000   0.00008958  12279.679    26.855408   0.192519   0.552832     198.343 0   0.097570   0.040117   0.035014   0.011991  -0.024897   -16.6110   -17.9734   -18.5202   -18.7930   -18.9795     1.3624     1.9092     0.2728
 24.259809  -9.004295  19.3273  17.7420  16.9591  16.6179  16.4013    0.03980000   0.00016086  11937.646    48.224615   0.205638   0.590502    -143.691 0   0.173953   0.120469   0.058517   0.024495   0.028720   -17.0157   -18.5475   -19.2685   -19.5757   -19.7965     1.5318     2.2528     0.3072
 24.460761  -9.053274  17.5576  16.2679  15.7602  15.4697  15.3531    0.03950000   0.00008391  11831.399    25.155585   0.208059   0.597455    -249.937 0   0.123282   0.046420   0.052756   0.008189  -0.054151   -18.7183   -19.9311   -20.4451   -20.6911   -20.7453     1.2128     1.7269     0.2459
 24.496483  -9.077140  18.1621  16.6444  15.8789  15.4804  15.1406    0.03900000   0.00019699  11694.934    59.056116   0.219471   0.630226    -386.402 0   0.295438   0.237870   0.112796   0.048736   0.025371   -18.2796   -19.7397   -20.3801   -20.7146   -21.0310     1.4601     2.1006     0.3344
 24.370191  -9.417689  19.7589  18.0677  17.3412  16.9767  16.7873    0.04190000   0.00014023  12554.828    42.039896   0.221883   0.637151     473.492 0   0.177380   0.117120   0.061738   0.022381   0.024078   -16.6996   -18.3306   -19.0017   -19.3268   -19.5179     1.6309     2.3021     0.3251
 24.340724  -9.434513  19.3839  17.6486  16.8589  16.4784  16.1733    0.04140000   0.00016736  12414.106    50.173266   0.233187   0.669612     332.770 0   0.128368   0.103708   0.041740   0.024728   0.028254   -17.0154   -18.7261   -19.4538   -19.8173   -20.1259     1.7106     2.4384     0.3635
 24.141377  -9.396992  17.7733  16.0545  15.2430  14.8559  14.5189    0.04090000   0.00015137  12252.068    45.379584   0.258485   0.742256     170.732 0   0.110151   0.097914   0.036234   0.024281   0.026628   -18.5599   -20.2664   -21.0162   -21.3914   -21.7307     1.7066     2.4564     0.3751
 24.245066  -8.950526  19.7337  17.9736  17.1689  16.7999  16.4965    0.03980000   0.00017122  11922.176    51.330465   0.261341   0.750458    -159.160 0   0.109996   0.092561   0.036266   0.023011   0.025400   -16.5454   -18.2880   -19.0364   -19.3922   -19.6980     1.7427     2.4911     0.3557
 24.459369  -8.980558  17.2155  15.7407  15.0915  14.7204  14.4694    0.04060000   0.00008718  12157.603    26.135906   0.264436   0.759346      76.267 0   0.202216   0.130904   0.079278   0.016754  -0.003704   -19.1936   -20.5971   -21.1947   -21.5033   -21.7338     1.4035     2.0011     0.3086
 24.499546  -9.007199  17.2283  15.3450  14.5256  14.1247  13.8253    0.04120000   0.00018984  12348.541    56.912600   0.267832   0.769097     267.205 0   0.154805   0.127500   0.047887   0.029009   0.034156   -19.1923   -21.0483   -21.7881   -22.1701   -22.4747     1.8560     2.5958     0.3820
 24.307711  -9.472344  19.4953  17.7431  17.0513  16.7005  16.3932    0.03980000   0.00013623  11937.286    40.840727   0.269620   0.774232    -144.050 0   0.004947   0.003727   0.001362   0.001095   0.001048   -16.6787   -18.4297   -19.1191   -19.4697   -19.7769     1.7510     2.4404     0.3505
 24.355868  -8.931474  17.6449  15.9065  15.1097  14.7619  14.5000    0.04450000   0.00015495  13344.842    46.452841   0.274426   0.788032    1263.505 1   0.131727   0.098655   0.043578   0.023178   0.026725   -18.8941   -20.5994   -21.3412   -21.6686   -21.9340     1.7053     2.4471     0.3274
 24.318185  -9.485157  18.9053  17.2558  16.6234  16.3523  16.0720    0.04170000   0.00015121  12516.125    45.331618   0.282384   0.810885     434.789 0   0.023540   0.011074   0.004993   0.003254   0.001271   -17.3889   -19.0260   -19.6523   -19.9217   -20.2000     1.6370     2.2634     0.2694
 24.423840  -9.470375  19.9357  18.1964  17.4820  17.1414  16.8939    0.03890000   0.00015813  11660.128    47.406181   0.288634   0.828832    -421.208 0   0.056800   0.038176   0.016420   0.010600   0.010837   -16.2560   -17.9767   -18.6693   -19.0041   -19.2518     1.7207     2.4133     0.3348
 24.378940  -9.489348  19.7355  18.3051  17.6164  17.2645  17.0155    0.04180000   0.00009489  12541.218    28.447306   0.293588   0.843057     459.882 0   0.117401   0.069988   0.040353   0.016778   0.014924   -16.6525   -18.0354   -18.6945   -19.0228   -19.2700     1.3830     2.0421     0.3283
 24.612732  -9.192754  18.0578  16.2501  15.4624  15.0664  14.7514    0.03850000   0.00016239  11556.969    48.683297   0.294861   0.846711    -524.367 0   0.094490   0.085889   0.031816   0.022076   0.023406   -18.1334   -19.9325   -20.6661   -21.0524   -21.3687     1.7991     2.5327     0.3863
 24.615706  -9.162853  17.7073  15.9248  15.2107  14.8650  14.5784    0.04030000   0.00016589  12071.623    49.732571   0.300294   0.862313      -9.713 0   0.002463   0.001947   0.000705   0.000576   0.000539   -18.4914   -20.2734   -20.9863   -21.3319   -21.6184     1.7820     2.4948     0.3456
 24.508613  -8.953581  19.3492  17.8639  17.1360  16.7750  16.5111    0.04190000   0.00015788  12559.116    47.331233   0.314547   0.903241     477.779 0   0.152692   0.099185   0.053382   0.020969   0.022326   -17.0846   -18.5164   -19.1985   -19.5271   -19.7924     1.4318     2.1139     0.3286
 24.219180  -9.506200  19.5805  18.0665  17.4326  17.1097  16.8040    0.03800000   0.00014546  11401.197    43.607811   0.317568   0.911916    -680.139 1   0.008792   0.004693   0.001904   0.001331   0.001152   -16.5121   -18.0220   -18.6531   -18.9754   -19.2809     1.5099     2.1410     0.3223
 24.139986  -8.934802  19.5192  18.1700  17.5877  17.2966  17.1826    0.04140000   0.00009704  12403.763    29.091860   0.318429   0.914388     322.427 0   0.013081   0.005162   0.002592   0.001811  -0.001671   -16.7648   -18.1061   -18.6858   -18.9762   -19.0867     1.3413     1.9210     0.2903
 24.244360  -9.525716  19.4552  18.0023  17.3028  16.9571  16.6444    0.04240000   0.00015066  12712.070    45.166732   0.330193   0.948172     630.733 0   0.012039   0.008341   0.003104   0.002417   0.002392   -16.8852   -18.3344   -19.0287   -19.3737   -19.6864     1.4492     2.1435     0.3450
 24.370571  -9.535398  17.4782  16.1788  15.5917  15.2450  15.0081    0.04150000   0.00009964  12448.852    29.871321   0.337221   0.968352     367.516 0   0.192251   0.119948   0.084383   0.004398  -0.052991   -18.9957   -20.2228   -20.7743   -21.0410   -21.2205     1.2271     1.7786     0.2667
 24.115156  -9.478606  17.3013  15.5694  14.8495  14.4741  14.1765    0.04140000   0.00015877  12417.344    47.598049   0.338636   0.972414     336.007 0   0.001239   0.001066   0.000380   0.000319   0.000285   -18.9709   -20.7026   -21.4218   -21.7972   -22.0947     1.7317     2.4509     0.3753
 24.662968  -9.156968  18.9580  17.7476  17.2972  17.0654  16.9293    0.03920000   0.00008100  11744.100    24.283189   0.347317   0.997342    -337.237 0   0.087744   0.022309   0.034010   0.004049  -0.039789   -17.2814   -18.4264   -18.8885   -19.0903   -19.1826     1.1450     1.6071     0.2018
 24.427083  -8.865724  17.8216  16.0323  15.2495  14.8707  14.5792    0.04420000   0.00016106  13251.126    48.284573   0.355016   1.019453    1169.790 1   0.128154   0.101790   0.041854   0.024257   0.027761   -18.7041   -20.4671   -21.1899   -21.5511   -21.8462     1.7629     2.4858     0.3612
 24.592816  -8.975376  17.5956  16.2105  15.5416  15.1967  14.9699    0.04240000   0.00014565  12712.669    43.664772   0.356880   1.024803     631.333 0   0.145851   0.083566   0.054052   0.017093   0.008925   -18.8786   -20.2014   -20.8408   -21.1488   -21.3674     1.3228     1.9622     0.3079
 24.555040  -9.483407  17.7837  15.8663  15.0511  14.6789  14.3385    0.04150000   0.00017265  12452.869    51.759168   0.367778   1.056099     371.533 0   0.109428   0.096996   0.036041   0.024096   0.026398   -18.6073   -20.5123   -21.2666   -21.6268   -21.9695     1.9050     2.6592     0.3603
 24.644946  -9.012521  18.8034  17.7451  17.4606  17.2445  17.2499    0.03970000   0.00007590  11894.895    22.754248   0.377890   1.085137    -186.441 0   0.121226   0.016106   0.062962  -0.026051  -0.013858   -17.4972   -18.4504   -18.7817   -18.9088   -18.9156     0.9532     1.2845     0.1271
 24.692409  -9.268773  19.0838  18.0455  17.7351  17.5103  17.3448    0.04050000   0.00008666  12126.665    25.980014   0.379125   1.088682      45.329 0   0.139239   0.020158   0.074244  -0.038630  -0.017187   -17.2625   -18.1817   -18.5462   -18.6581   -18.8451     0.9192     1.2837     0.1119
 24.116835  -8.858412  17.6324  15.9247  15.1734  14.8052  14.5465    0.04140000   0.00013795  12407.301    41.356370   0.395676   1.136210     325.964 0   0.119214   0.084855   0.039845   0.020518   0.023022   -18.7578   -20.4311   -21.1374   -21.4863   -21.7475     1.6733     2.3796     0.3489
 24.302048  -9.599584  17.7408  16.2097  15.5728  15.2429  15.0057    0.03930000   0.00014979  11767.783    44.905912   0.396966   1.139912    -313.553 0   0.069401   0.035722   0.019660   0.009890   0.005799   -18.4915   -19.9890   -20.6098   -20.9299   -21.1630     1.4974     2.1183     0.3201
 24.552811  -9.529899  19.7083  18.1084  17.3815  17.0295  16.7185    0.03960000   0.00017287  11883.353    51.825122   0.403079   1.157467    -197.983 0   0.055666   0.041480   0.016872   0.011630   0.011756   -16.5269   -18.1126   -18.8149   -19.1616   -19.4728     1.5857     2.2880     0.3468
 24.616384  -8.928496  18.0845  17.1021  16.8536  16.6245  16.5421    0.05130000   0.00007281  15382.831    21.827889   0.405244   1.163683    3301.494 1   0.115907   0.014720   0.059021  -0.023990  -0.011680   -18.7493   -19.6305   -19.9233   -20.0694   -20.1641     0.8812     1.1740     0.1461
 24.213566  -8.806946  18.7308  17.0162  16.3272  15.9702  15.7369    0.03990000   0.00008025  11964.507    24.058345   0.408128   1.171967    -116.829 0   0.105412   0.064757   0.034883   0.016252   0.015806   -17.5435   -19.2175   -19.8766   -20.2150   -20.4478     1.6739     2.3331     0.3384
 24.591713  -9.522033  20.8804  19.7106  19.2142  19.4142  19.1957    0.04140000   0.00010291  12396.688    30.851642   0.420658   1.207948     315.352 0   0.003986   0.000352   0.000883  -0.000370  -0.000166   -15.3945   -16.5607   -17.0576   -16.8564   -17.0751     1.1662     1.6631    -0.2013
 24.591267  -9.523080  18.4423  16.6369  15.7982  15.3093  14.9321    0.04100000   0.00011708  12290.801    35.099701   0.421167   1.209409     209.465 0   0.417699   0.356130   0.147389   0.083475   0.052044   -18.2092   -19.9530   -20.5830   -21.0080   -21.3538     1.7438     2.3738     0.4250
 24.463134  -9.617596  20.3697  18.6631  17.9399  17.5221  17.4096    0.03930000   0.00015254  11795.244    45.730342   0.440080   1.263717    -286.092 0   0.231434   0.165699   0.083962   0.028532   0.023318   -16.0247   -17.6655   -18.3070   -18.6694   -18.7766     1.6409     2.2823     0.3624
 23.865375  -9.154347  17.7348  15.7965  15.0189  14.6352  14.3107    0.04010000   0.00016529  12006.838    49.552695   0.445690   1.279826     -74.498 0   0.054847   0.054381   0.019411   0.015357   0.014339   -18.5213   -20.4591   -21.2018   -21.5814   -21.9049     1.9378     2.6805     0.3796
 23.944282  -8.904767  18.3445  17.2091  16.8405  16.5804  16.4566    0.04430000   0.00007543  13290.579    22.613345   0.471341   1.353487    1209.243 1   0.149129   0.033350   0.074382  -0.031275  -0.046418   -18.2021   -19.2217   -19.6313   -19.7858   -19.8944     1.0196     1.4293     0.1544
 24.802995  -9.199168  19.2647  18.0203  17.6622  17.4411  17.2678    0.05100000   0.00009792  15283.929    29.355677   0.482517   1.385579    3202.593 1   0.113454   0.020323   0.054609  -0.013304  -0.029831   -17.5752   -18.7265   -19.1189   -19.2721   -19.4288     1.1513     1.5437     0.1532
 24.123111  -8.743880  18.7542  17.2952  16.6756  16.3210  16.0529    0.04130000   0.00018573  12393.270    55.680453   0.496174   1.424796     311.934 0   0.174076   0.098501   0.068449   0.012863  -0.013816   -17.6910   -19.0744   -19.6639   -19.9630   -20.2044     1.3834     1.9730     0.2990
 23.898116  -8.906625  18.7170  17.0142  16.2831  15.8967  15.6337    0.04210000   0.00015892  12610.680    47.643017   0.506377   1.454093     529.344 0   0.162344   0.110726   0.055313   0.023189   0.026630   -17.7315   -19.3827   -20.0584   -20.4127   -20.6791     1.6512     2.3269     0.3543
 24.781622  -8.986001  19.6545  17.9075  17.1073  16.7466  16.4719    0.05080000   0.00015766  15217.405    47.265279   0.509800   1.463925    3136.069 1   0.166720   0.125575   0.053373   0.027331   0.032880   -17.2087   -18.9146   -19.6426   -19.9773   -20.2575     1.7059     2.4339     0.3347
 24.527786  -8.727233  19.7158  18.0252  17.3349  17.0182  16.7500    0.04090000   0.00014287  12266.698    42.831348   0.520207   1.493809     185.362 0   0.041684   0.026176   0.010992   0.007344   0.007366   -16.5489   -18.2240   -18.8991   -19.2122   -19.4804     1.6751     2.3502     0.3131
 24.221182  -8.651141  17.6378  16.2854  15.6640  15.3335  15.1148    0.04140000   0.00010620  12416.624    31.837959   0.559248   1.605917     335.288 0   0.121404   0.061199   0.044910   0.014534  -0.003844   -18.7546   -20.0467   -20.6519   -20.9520   -21.1523     1.2922     1.8973     0.3001
 24.655757  -9.651655  19.8733  18.1687  17.4822  17.1756  16.9629    0.04070000   0.00012749  12204.461    38.220540   0.561380   1.612039     123.125 0   0.060015   0.033914   0.016456   0.009314   0.008326   -16.4045   -18.0830   -18.7521   -19.0515   -19.2632     1.6785     2.3475     0.2995
 24.041481  -9.715185  19.2498  17.7913  16.9985  16.5040  16.1558    0.04900000   0.00011508  14698.764    34.500116   0.578802   1.662067    2617.428 1   0.390108   0.370623   0.161567   0.073821   0.028834   -17.7840   -19.2230   -19.8067   -20.2135   -20.5167     1.4390     2.0228     0.4068
 24.863947  -8.991024  18.7897  17.5376  16.8313  16.5158  16.2119    0.04170000   0.00007978  12488.394    23.917442   0.582529   1.672770     407.058 0   0.252545   0.251399   0.130523   0.029997  -0.050748   -17.7335   -18.9845   -19.5699   -19.7849   -20.0081     1.2510     1.8364     0.2150
 23.834931  -9.635923  18.3800  17.4503  17.1266  16.8968  16.8085    0.04890000   0.00008302  14650.678    24.888770   0.641419   1.841877    2569.341 1   0.123849   0.016220   0.064961  -0.028515  -0.012979   -18.3785   -19.2005   -19.5730   -19.7093   -19.8131     0.8221     1.1945     0.1363
 24.973035  -9.158261  19.7647  18.3787  17.7101  17.4002  17.2600    0.04200000   0.00015591  12599.288    46.740642   0.651879   1.871911     517.951 0   0.057186   0.029179   0.014992   0.008166   0.005101   -16.5788   -17.9368   -18.5912   -18.8943   -19.0314     1.3580     2.0124     0.3031
 24.210821  -8.556299  16.7158  15.3200  14.7248  14.4329  14.2149    0.04070000   0.00014501  12204.611    43.472904   0.654506   1.879455     123.275 0   0.052491   0.022406   0.013353   0.007125  -0.004043   -19.5545   -20.9202   -21.5064   -21.7920   -21.9989     1.3657     1.9519     0.2857
 24.963185  -9.337233  17.9432  16.2099  15.4420  15.0786  14.7980    0.04220000   0.00015911  12636.432    47.699978   0.654585   1.879682     555.096 1   0.097337   0.076278   0.032092   0.019595   0.021303   -18.4722   -20.1844   -20.9082   -21.2591   -21.5414     1.7122     2.4360     0.3509
 24.971195  -9.105612  19.1909  17.8260  17.2066  16.8992  16.6516    0.04210000   0.00010031  12631.665    30.072181   0.655780   1.883115     550.329 0   0.006828   0.003303   0.001410   0.000960   0.000531   -17.1021   -18.4635   -19.0810   -19.3879   -19.6351     1.3614     1.9789     0.3070
 24.891123  -9.531212  19.6332  18.1720  17.5880  17.2907  17.1154    0.04260000   0.00014251  12756.469    42.723423   0.657406   1.887782     675.133 1   0.053175   0.022189   0.013637   0.007234  -0.005710   -16.7533   -18.1836   -18.7590   -19.0499   -19.2123     1.4302     2.0057     0.2909
 24.984135  -9.242396  15.8314  13.8690  13.0017  12.5836  12.2810    0.04210000   0.00020743  12627.438    62.185950   0.662496   1.902401     546.102 0   0.254137   0.196251   0.071263   0.043367   0.049581   -20.7089   -22.6134   -23.3557   -23.7459   -24.0548     1.9045     2.6468     0.3902
 24.970182  -8.924201  18.9277  17.9761  17.6019  17.3572  17.1848    0.05090000   0.00007905  15249.693    23.698594   0.704928   2.024246    3168.357 1   0.134351   0.027058   0.068089  -0.022109  -0.039306   -17.9333   -18.7776   -19.1928   -19.3473   -19.5025     0.8443     1.2595     0.1545
 24.586779  -9.858116  16.4423  15.2968  14.8359  14.5517  14.3716    0.04200000   0.00009476  12594.281    28.408333   0.708405   2.034231     512.945 0   0.144462   0.048481   0.066754  -0.006199  -0.071225   -19.9885   -21.0380   -21.5172   -21.7284   -21.8435     1.0495     1.5287     0.2112
 24.831018  -8.711287  17.4226  16.0741  15.5042  15.1755  14.9771    0.04850000   0.00008230  14553.335    24.672919   0.708417   2.034264    2471.999 1   0.150690   0.072443   0.062326   0.010234  -0.037160   -19.3281   -20.5983   -21.1581   -21.4347   -21.5857     1.2703     1.8300     0.2766
 24.687143  -8.594652  18.9489  18.1905  18.2833  18.1045  18.2071    0.05360000   0.00008558  16062.011    25.656239   0.710895   2.041382    3980.674 1  -0.449708   0.279066   0.764342   0.388731  -0.002000   -17.4407   -18.9278   -19.3203   -19.1235   -18.6302     1.4872     1.8796    -0.1968
 24.470567  -9.908296  18.7805  17.4670  16.7975  16.4042  16.1463    0.04170000   0.00009675  12500.896    29.004920   0.722184   2.073797     419.560 0   0.262853   0.241173   0.125734   0.032267  -0.034295   -17.7531   -19.0449   -19.5989   -19.8988   -20.0901     1.2918     1.8459     0.2998
 24.994529  -8.909548  17.7518  16.2384  15.5686  15.2261  14.9792    0.05120000   0.00009471  15359.957    28.393344   0.732806   2.104301    3278.620 1   0.106184   0.060794   0.035475   0.015262   0.012199   -19.0724   -20.5405   -21.1849   -21.5072   -21.7511     1.4680     2.1125     0.3223
 23.980003  -9.866425  18.1680  16.7979  16.1889  15.8454  15.5891    0.04130000   0.00008848  12384.756    26.525637   0.741100   2.128116     303.420 0   0.162482   0.087012   0.064429   0.012839  -0.017309   -18.2656   -19.5602   -20.1466   -20.4385   -20.6647     1.2946     1.8810     0.2919
 24.081839  -8.478296  18.0253  16.1364  15.2634  14.8512  14.5401    0.04090000   0.00018352  12268.617    55.017912   0.759945   2.182232     187.280 0   0.256088   0.197969   0.071234   0.043915   0.050160   -18.4538   -20.2846   -21.0308   -21.4157   -21.7331     1.8308     2.5770     0.3849
 24.141953  -8.461938  18.5376  17.5130  16.9800  16.6808  16.4646    0.04140000   0.00009787  12405.832    29.340688   0.760123   2.182743     324.495 0   0.158856   0.176182   0.112720  -0.030631  -0.099163   -17.8922   -18.9341   -19.4037   -19.5595   -19.7072     1.0419     1.5115     0.1558
 23.883019  -9.854013  18.6536  17.0820  16.3281  15.8653  15.4950    0.04900000   0.00018835  14692.409    56.465909   0.777972   2.233996    2611.072 1   0.341715   0.290570   0.131692   0.061914   0.030255   -18.3318   -19.8523   -20.4473   -20.8403   -21.1789     1.5205     2.1155     0.3930
 24.092571  -8.454588  19.3408  18.1947  17.6819  17.4278  17.2595    0.04180000   0.00008350  12530.245    25.032670   0.779541   2.238503     448.909 0   0.063411   0.020612   0.019355   0.008012  -0.027259   -16.9932   -18.0965   -18.6080   -18.8508   -18.9838     1.1033     1.6148     0.2428
 24.125354  -9.987730  17.5736  16.5106  16.2139  15.9944  16.0952    0.04270000   0.00007922  12788.876    23.749559   0.806763   2.316671     707.540 1   0.119180   0.015181   0.061631  -0.025909  -0.011811   -18.8893   -19.8483   -20.1915   -20.3234   -20.2367     0.9590     1.3022     0.1320
 23.904827  -8.478590  19.2686  17.8486  17.1050  16.7265  16.4420    0.04120000   0.00015711  12352.888    47.100393   0.829325   2.381461     271.552 0   0.291758   0.245226   0.121523   0.044656   0.005980   -17.2890   -18.6624   -19.2823   -19.5840   -19.8298     1.3735     1.9934     0.3016
 24.844477  -9.856888  17.9601  16.2849  15.5019  15.1365  14.8658    0.04100000   0.00015951  12278.360    47.819895   0.837755   2.405666     197.024 0   0.186600   0.134451   0.060722   0.027350   0.033012   -18.4603   -20.0834   -20.7926   -21.1247   -21.4010     1.6231     2.3323     0.3320
 23.464825  -9.182136  19.0511  17.9535  17.5221  17.2169  17.0690    0.05120000   0.00008105  15357.108    24.298179   0.838696   2.408371    3275.772 1   0.170721   0.065640   0.082391  -0.039601  -0.080230   -17.8377   -18.8302   -19.2784   -19.4616   -19.5688     0.9925     1.4407     0.1832
 24.810524  -9.891401  19.0902  17.9132  17.5623  17.3711  17.2086    0.04170000   0.00009304  12492.322    27.892690   0.845108   2.426783     410.985 0   0.108353   0.016258   0.051937  -0.015460  -0.019661   -17.2889   -18.3738   -18.7603   -18.8841   -19.0424     1.0849     1.4715     0.1238
 25.160803  -9.475172  18.1891  16.5398  15.8449  15.4723  15.1793    0.05150000   0.00016018  15449.475    48.020756   0.878971   2.524023    3368.138 1   0.005016   0.003831   0.001396   0.001128   0.001072   -18.5423   -20.1905   -20.8829   -21.2552   -21.5482     1.6481     2.3406     0.3723
 23.423939  -9.254463  18.7017  17.6989  17.3980  17.1903  17.0982    0.04020000   0.00009237  12057.053    27.691829   0.880319   2.527892     -24.283 0   0.116421   0.014825   0.059416  -0.024238  -0.011801   -17.6270   -18.5282   -18.8737   -18.9977   -19.1023     0.9012     1.2467     0.1240
 25.150649  -9.540667  19.0624  17.4408  16.7586  16.3732  16.1136    0.04160000   0.00010955  12484.017    32.842264   0.892135   2.561824     402.681 0   0.183239   0.116558   0.066139   0.020023   0.016944   -17.4023   -18.9572   -19.5890   -19.9283   -20.1848     1.5549     2.1867     0.3393
 25.177875  -9.489252  18.6715  17.4198  17.0088  16.7278  16.7066    0.04270000   0.00017240  12799.609    51.684220   0.899394   2.582669     718.273 1   0.143961   0.038726   0.069654  -0.016900  -0.060785   -17.8162   -18.9627   -19.4046   -19.5990   -19.5764     1.1465     1.5884     0.1944
 25.237244  -9.438428  18.3863  16.9107  16.3599  16.0561  15.7965    0.04150000   0.00016057  12429.185    48.137675   0.941137   2.702535     347.849 0   0.132340   0.059313   0.054352   0.011789  -0.034600   -18.0277   -19.4302   -19.9761   -20.2373   -20.4505     1.4026     1.9484     0.2612
 23.890674 -10.052172  19.3322  18.0289  17.5952  17.3211  17.1183    0.05110000   0.00009008  15322.183    27.005305   0.946689   2.718478    3240.846 1   0.137365   0.040912   0.064763  -0.007437  -0.064867   -17.5403   -18.7472   -19.2047   -19.4066   -19.5520     1.2068     1.6644     0.2019
 25.298512  -9.100580  18.1394  16.8211  16.3275  16.0551  15.9327    0.04240000   0.00009106  12701.487    27.299101   0.977005   2.805532     620.151 1   0.098832   0.033097   0.038752   0.009053  -0.045600   -18.2878   -19.5404   -20.0396   -20.2823   -20.3501     1.2526     1.7518     0.2427
 23.510602  -9.774149  16.5606  15.0348  14.4170  14.0937  13.8799    0.04080000   0.00010266  12231.622    30.776694   0.977596   2.807229     150.286 0   0.077393   0.037896   0.022964   0.010650   0.002576   -19.7399   -21.2262   -21.8291   -22.1401   -22.3458     1.4863     2.0892     0.3110
 25.305073  -9.307616  18.6237  17.3385  16.6805  16.3240  16.1015    0.04110000   0.00020929  12309.089    62.743564   0.983719   2.824812     227.752 0   0.233072   0.191325   0.109726   0.021255  -0.044308   -17.8430   -19.0865   -19.6629   -19.9309   -20.0879     1.2435     1.8199     0.2680
 23.474054  -9.759817  18.6025  17.4226  17.0247  16.7558  16.6622    0.05140000   0.00009483  15398.720    28.429319   0.999029   2.868777    3317.383 1   0.139734   0.034641   0.068487  -0.017569  -0.054543   -18.2638   -19.3386   -19.7703   -19.9532   -20.0098     1.0748     1.5066     0.1828
 23.505497  -9.819336  19.0014  17.8410  17.3790  17.0974  16.9380    0.04050000   0.00007955  12129.273    23.848490   1.008657   2.896424      47.937 0   0.144043   0.048372   0.066537  -0.005827  -0.071045   -17.3497   -18.4144   -18.8946   -19.1038   -19.1980     1.0647     1.5449     0.2092
 23.434516  -9.726134  18.6386  16.8564  16.0366  15.6462  15.3302    0.05050000   0.00017683  15152.200    53.012300   1.013869   2.911390    3070.864 1   0.173392   0.138684   0.052783   0.030568   0.036716   -18.2228   -19.9703   -20.7042   -21.0724   -21.3946     1.7475     2.4814     0.3682
 25.317817  -8.965708  18.4086  17.2925  16.9230  16.7097  16.5361    0.03730000   0.00020035  11172.635    60.063419   1.018674   2.925189    -908.701 1   0.103803   0.017859   0.047606  -0.009925  -0.026376   -17.7229   -18.7531   -19.1523   -19.3081   -19.4652     1.0302     1.4294     0.1558
 23.823161 -10.100864  17.8055  16.2394  15.4792  15.0239  14.6345    0.04040000   0.00009627  12118.331    28.861020   1.020525   2.930502      36.994 0   0.130301   0.111864   0.041568   0.026630   0.030271   -18.5209   -20.0686   -20.7585   -21.1989   -21.5919     1.5477     2.2376     0.4404
 23.447051  -9.762064  19.0600  17.6891  17.1937  16.9106  16.7202    0.05120000   0.00009025  15343.018    27.056269   1.022492   2.936153    3261.682 1   0.123084   0.046471   0.052581   0.008322  -0.053762   -17.7811   -19.0754   -19.5769   -19.8158   -19.9441     1.2943     1.7958     0.2388
 25.036638  -8.441903  18.7201  16.9693  16.2217  15.8413  15.5700    0.05080000   0.00017715  15240.789    53.108234   1.042848   2.994604    3159.453 1   0.137826   0.101084   0.045808   0.023320   0.027067   -18.1142   -19.8283   -20.5206   -20.8785   -21.1536     1.7141     2.4064     0.3579
 24.685696 -10.209084  18.7774  17.5278  17.1757  17.0115  16.8394    0.04150000   0.00009301  12428.826    27.883697   1.071022   3.075509     347.489 0   0.096223   0.013395   0.043178  -0.012155  -0.015259   -17.6004   -18.7672   -19.1491   -19.2580   -19.4270     1.1668     1.5487     0.1089
 23.598553 -10.026203  18.9912  17.7709  17.3596  17.1023  16.8865    0.04120000   0.00007968  12359.364    23.887463   1.084916   3.115407     278.028 0   0.133401   0.036777   0.063655  -0.008402  -0.060031   -17.4080   -18.5317   -18.9699   -19.1551   -19.3193     1.1237     1.5619     0.1852
 23.537535  -8.410168  19.2294  17.2962  16.5140  16.1131  15.8071    0.04880000   0.00017182  14644.472    51.510340   1.102744   3.166602    2563.136 1   0.081487   0.076333   0.027954   0.020238   0.020702   -17.4868   -19.4149   -20.1487   -20.5419   -20.8484     1.9280     2.6619     0.3932
 23.392083  -9.826048  17.2763  16.1381  15.6780  15.4194  15.2389    0.04080000   0.00008360  12227.275    25.062649   1.103172   3.167831     145.939 0   0.117083   0.036112   0.051845   0.003426  -0.057043   -19.0639   -20.1212   -20.5970   -20.8072   -20.9272     1.0572     1.5331     0.2102
 25.318145  -8.594240  17.7164  15.7537  14.8915  14.4665  14.1603    0.05100000   0.00017701  15280.811    53.066263   1.162958   3.339509    3199.475 1   0.260725   0.200966   0.072772   0.044708   0.050584   -19.2708   -21.1737   -21.9077   -22.3047   -22.6167     1.9029     2.6369     0.3969
 23.937591 -10.330907  18.4407  17.3857  16.9844  16.7285  16.5267    0.04880000   0.00007767  14626.724    23.284880   1.187784   3.410799    2545.388 1   0.134413   0.033171   0.065655  -0.013870  -0.053557   -18.3285   -19.2822   -19.7160   -19.8924   -20.0545     0.9538     1.3875     0.1764
 23.858466 -10.305177  18.4262  17.4759  17.2921  17.0595  16.9164    0.04140000   0.00007690  12397.168    23.054040   1.190637   3.418991     315.831 0   0.134898   0.019569   0.071881  -0.034235  -0.017913   -17.9796   -18.8146   -19.0507   -19.1772   -19.3366     0.8350     1.0711     0.1265
 23.844683 -10.309426  18.5730  17.4196  16.9846  16.7639  16.6074    0.04150000   0.00020155  12433.353    60.423170   1.199762   3.445195     352.016 0   0.093029   0.022168   0.037922   0.001534  -0.039674   -17.8016   -18.8842   -19.3349   -19.5193   -19.6345     1.0825     1.5333     0.1843
 25.559957  -9.340585  18.3496  16.5525  15.6887  15.2890  14.9857    0.05140000   0.00019583  15398.930    58.708357   1.237417   3.553323    3317.593 1   0.289342   0.222418   0.085797   0.050685   0.051402   -18.6663   -20.3965   -21.1237   -21.4882   -21.7923     1.7302     2.4574     0.3646
 25.563276  -9.312207  18.3082  16.6197  15.8753  15.5437  15.2883    0.05130000   0.00015384  15388.437    46.120072   1.237843   3.554546    3307.101 1   0.077106   0.054290   0.024125   0.014604   0.015342   -18.4868   -20.1525   -20.8667   -21.1888   -21.4450     1.6657     2.3799     0.3221
