237.761075  28.053139  19.1808  17.6692  16.8835  16.4951  16.2155    0.08230000   0.00014647  24678.795    43.910601   0.019359   0.107230     204.638 0   0.296678   0.237715   0.111224   0.049730   0.028744   -18.8687   -20.3213   -20.9806   -21.3075   -21.5661     1.4526     2.1118     0.3269
237.810703  28.039658  19.2215  17.4316  16.5611  16.1684  15.8419    0.08700000   0.00014256  26075.139    42.738413   0.039762   0.220241    1600.982 1   0.322167   0.251396   0.098133   0.059656   0.053792   -18.9930   -20.7122   -21.4294   -21.7836   -22.1043     1.7191     2.4364     0.3542
237.698605  28.051508  18.8008  17.1251  16.3212  15.9410  15.6437    0.08040000   0.00015790  24099.986    47.337229   0.061987   0.343342    -374.171 0   0.171450   0.128821   0.054686   0.027755   0.033524   -19.0938   -20.7268   -21.4566   -21.8099   -22.1129     1.6331     2.3628     0.3533
237.855042  28.062782  19.8976  18.0882  17.2023  16.8212  16.4651    0.08230000   0.00014611  24681.553    43.802676   0.083544   0.462744     207.396 0   0.303387   0.233323   0.086508   0.054675   0.055060   -18.1586   -19.8980   -20.6370   -20.9863   -21.3428     1.7393     2.4784     0.3493
237.850864  28.087470  19.1326  17.1954  16.2655  15.8474  15.4952    0.08190000   0.00015882  24550.274    47.613038   0.091817   0.508565      76.117 0   0.385821   0.299559   0.109353   0.076171   0.064046   -19.0166   -20.8676   -21.6073   -21.9922   -22.3322     1.8509     2.5906     0.3849
237.698996  27.946192  20.0705  18.2339  17.3460  16.9490  16.6253    0.09440000   0.00013893  28293.363    41.650166   0.106140   0.587904    3819.206 1   0.320968   0.248385   0.093461   0.059285   0.056168   -18.3022   -20.0662   -20.7992   -21.1620   -21.4826     1.7640     2.4970     0.3628
237.635315  28.025222  17.8411  16.4700  15.8088  15.4662  15.2520    0.08080000   0.00015897  24209.710    47.658007   0.115767   0.641223    -264.447 0   0.148980   0.082236   0.056651   0.015967   0.001256   -20.0418   -21.3462   -21.9818   -22.2837   -22.4832     1.3044     1.9400     0.3019
237.635440  28.069174  18.9623  17.8611  17.3339  16.9932  16.8044    0.09180000   0.00010066  27519.509    30.177109   0.120463   0.667235    3045.352 1   0.178976   0.157985   0.107358  -0.018768  -0.104085   -19.2287   -20.3089   -20.7855   -21.0001   -21.1035     1.0802     1.5568     0.2146
237.865412  27.923130  20.2834  18.3121  17.4477  17.0882  16.8339    0.08180000   0.00014373  24523.053    43.089170   0.141581   0.784205      48.896 0   0.248440   0.188491   0.074838   0.040294   0.045313   -17.7258   -19.6371   -20.3879   -20.7128   -20.9722     1.9114     2.6621     0.3250
237.728815  27.877846  18.8645  16.9209  15.9765  15.5329  15.1662    0.07840000   0.00017455  23500.791    52.328774   0.159861   0.885456    -973.366 1   0.466540   0.371624   0.139541   0.096048   0.068481   -19.2703   -21.1189   -21.8313   -22.2314   -22.5705     1.8487     2.5610     0.4001
237.753390  28.204487  18.2791  16.6284  15.7785  15.3223  15.0079    0.07740000   0.00015653  23193.444    46.926513   0.170566   0.944754   -1280.713 1   0.398829   0.340802   0.143782   0.078608   0.047428   -19.7388   -21.3314   -21.9843   -22.3753   -22.6586     1.5927     2.2456     0.3910
237.648832  27.890054  19.0752  17.1465  16.2327  15.8029  15.4799    0.07810000   0.00018375  23419.967    55.086864   0.177515   0.983245   -1054.190 1   0.355363   0.274169   0.099377   0.068137   0.061776   -18.9400   -20.7875   -21.5265   -21.9251   -22.2417     1.8475     2.5865     0.3986
237.778695  27.856506  18.8094  16.8928  16.0141  15.6117  15.2723    0.07890000   0.00017734  23639.295    53.165195   0.178131   0.986655    -834.862 1   0.286873   0.220220   0.079057   0.050785   0.054405   -19.1383   -20.9883   -21.7258   -22.0999   -22.4430     1.8499     2.5875     0.3741
237.975902  28.021574  19.8247  17.9297  17.0274  16.6407  16.3017    0.07940000   0.00015088  23810.476    45.232686   0.185649   1.028297    -663.681 1   0.307366   0.235997   0.085636   0.055794   0.056534   -18.1573   -19.9809   -20.7329   -21.0897   -21.4295     1.8236     2.5756     0.3569
237.923533  27.908137  19.2933  17.3084  16.4081  16.0056  15.6778    0.08090000   0.00015430  24258.936    46.257976   0.187703   1.039671    -215.221 0   0.319391   0.245226   0.088430   0.058851   0.058229   -18.7627   -20.6734   -21.4170   -21.7899   -22.1170     1.9107     2.6542     0.3729
237.964186  27.957334  18.0734  16.8765  16.2611  15.8794  15.6559    0.08890000   0.00010156  26664.201    30.446922   0.191055   1.058242    2190.044 1   0.217579   0.212069   0.119953   0.011996  -0.079137   -20.0651   -21.2565   -21.7798   -22.0535   -22.1859     1.1914     1.7147     0.2737
237.924568  27.896423  18.5096  16.5480  15.6214  15.2214  14.8862    0.08230000   0.00017537  24686.680    52.574603   0.196417   1.087939     212.523 0   0.352623   0.271804   0.098332   0.067401   0.061618   -19.5959   -21.4766   -22.2298   -22.5988   -22.9282     1.8808     2.6339     0.3691
237.946758  27.901865  19.1171  17.8437  17.2727  16.9225  16.6849    0.09190000   0.00009506  27551.706    28.498271   0.207298   1.148210    3077.549 1   0.198384   0.144110   0.097317   0.002165  -0.079129   -19.0932   -20.3123   -20.8365   -21.0915   -21.2479     1.2191     1.7433     0.2550
237.600256  28.188000  17.6447  17.0313  16.4938  15.9876  15.8495    0.08830000   0.00101970  26460.762   305.698369   0.212245   1.175607    1986.605 1   0.111287   0.327992   0.143798  -0.018785  -0.088172   -20.3939   -21.2240   -21.5773   -21.9210   -21.9897     0.8301     1.1834     0.3436
237.945765  27.881225  19.5264  17.7913  16.8117  16.4510  16.1737    0.07880000   0.00013690  23611.084    41.041588   0.220422   1.220904    -863.073 1   0.287551   0.221004   0.086435   0.050006   0.050424   -18.4376   -20.1061   -20.9511   -21.2754   -21.5531     1.6686     2.5136     0.3243
237.709525  27.816538  20.0553  18.2443  17.3707  16.9453  16.6296    0.07670000   0.00017290  22984.188    51.834116   0.223397   1.237378   -1489.969 1   0.290550   0.222997   0.080301   0.051661   0.054757   -17.8345   -19.5779   -20.3088   -20.7056   -21.0244     1.7434     2.4744     0.3968
237.670408  28.244926  20.3867  18.5112  17.6554  17.2835  16.9994    0.08610000   0.00014942  25816.268    44.794989   0.226932   1.256957    1342.111 1   0.256676   0.194452   0.079139   0.041599   0.044928   -17.7212   -19.5345   -20.2749   -20.6093   -20.8967     1.8133     2.5538     0.3344
237.968543  27.893612  19.4752  17.5461  16.6306  16.1940  15.8623    0.07900000   0.00015199  23679.017    45.565456   0.227442   1.259782    -795.140 1   0.402151   0.312940   0.114386   0.080374   0.065316   -18.6118   -20.4517   -21.1686   -21.5712   -21.8878     1.8399     2.5568     0.4026
237.637743  28.231640  19.5490  17.4003  16.3460  15.7731  15.2968    0.08090000   0.00018746  24254.589    56.199094   0.227547   1.260366    -219.568 0   0.811259   0.645523   0.221333   0.131697   0.107258   -18.9989   -20.9818   -21.6120   -22.0952   -22.5471     1.9830     2.6131     0.4833
237.620646  28.223489  19.8546  18.3584  17.5794  17.2032  16.9121    0.08050000   0.00015715  24147.413    47.112385   0.228633   1.266380    -326.744 0   0.282622   0.224112   0.108458   0.044701   0.022461   -18.1538   -19.5915   -20.2549   -20.5673   -20.8362     1.4377     2.1010     0.3124
237.734200  28.262183  17.5147  15.9507  15.1548  14.7541  14.4525    0.08670000   0.00014943  25995.034    44.797987   0.229625   1.271875    1520.877 1   0.304924   0.246259   0.113859   0.052308   0.030541   -20.6566   -22.1619   -22.8254   -23.1645   -23.4444     1.5053     2.1688     0.3391
238.014760  27.960167  19.5412  17.5637  16.6194  16.2007  15.8720    0.08090000   0.00018247  24246.644    54.703130   0.231689   1.283306    -227.512 0   0.417297   0.326961   0.120705   0.084531   0.065803   -18.6127   -20.4999   -21.2379   -21.6205   -21.9304     1.8872     2.6252     0.3825
237.711924  28.264537  17.3319  15.3482  14.4228  13.9923  13.6814    0.07490000   0.00020010  22468.036    59.988471   0.235156   1.302513   -2006.121 1   0.382228   0.296983   0.108682   0.075320   0.063570   -20.5947   -22.4932   -23.2303   -23.6274   -23.9266     1.8985     2.6356     0.3971
237.894592  27.827410  18.7043  17.5344  17.0802  16.7367  16.5968    0.08110000   0.00009077  24307.982    27.212161   0.235941   1.306857    -166.175 0   0.175287   0.095699   0.090093  -0.035051  -0.095920   -19.1918   -20.2821   -20.7307   -20.9491   -21.0281     1.0903     1.5389     0.2184
237.589835  28.213199  19.7055  17.9092  17.0107  16.6126  16.2789    0.08210000   0.00015257  24603.577    45.739335   0.237080   1.313166     129.420 0   0.333820   0.260116   0.099040   0.062906   0.056612   -18.3758   -20.0984   -20.8359   -21.1978   -21.5252     1.7226     2.4600     0.3620
237.862875  28.265057  20.2484  18.2690  17.4345  17.0233  16.7442    0.07580000   0.00016874  22735.840    50.586979   0.246081   1.363022   -1738.317 1   0.202393   0.159339   0.059427   0.034236   0.041478   -17.5487   -19.4850   -20.2196   -20.6056   -20.8920     1.9363     2.6709     0.3860
237.598943  27.835576  19.7110  18.2286  17.4673  17.0562  16.8030    0.07830000   0.00014971  23459.929    44.881929   0.247482   1.370786   -1014.228 1   0.313896   0.272104   0.130207   0.051365   0.011248   -18.2442   -19.6848   -20.3042   -20.6365   -20.8495     1.4406     2.0600     0.3323
237.523450  27.905890  18.0116  16.1248  15.2174  14.7952  14.4868    0.07820000   0.00018943  23458.190    56.789685   0.249694   1.383034   -1015.967 1   0.337825   0.259676   0.093587   0.063533   0.060337   -19.9677   -21.7763   -22.5176   -22.9098   -23.2150     1.8087     2.5500     0.3921
237.978684  27.864027  18.5604  16.5814  15.6492  15.2383  14.9151    0.08160000   0.00015544  24464.504    46.599740   0.253394   1.403530      -9.653 0   0.356924   0.275238   0.099572   0.068504   0.062042   -19.5307   -21.4280   -22.1846   -22.5644   -22.8812     1.8973     2.6538     0.3798
237.676079  28.275535  19.6882  17.8647  16.9770  16.5937  16.2647    0.07380000   0.00016597  22127.651    49.756554   0.253987   1.406813   -2346.506 1   0.319287   0.248408   0.096239   0.058809   0.054099   -18.1463   -19.8989   -20.6344   -20.9803   -21.3046     1.7526     2.4882     0.3459
237.480397  28.066477  19.3074  17.4132  16.5399  16.1378  15.8245    0.07430000   0.00017065  22279.466    51.159583   0.254199   1.407987   -2194.691 1   0.267597   0.206042   0.074454   0.046298   0.051588   -18.5113   -20.3440   -21.0857   -21.4596   -21.7782     1.8326     2.5744     0.3739
237.992171  27.876828  19.6657  18.2919  17.6478  17.3232  17.0523    0.08230000   0.00017344  24677.836    51.996004   0.254211   1.408055     203.679 0   0.008653   0.004530   0.001854   0.001287   0.001060   -18.0958   -19.4655   -20.1069   -20.4309   -20.7016     1.3697     2.0111     0.3240
237.732988  28.289309  19.7181  17.7808  16.8940  16.4570  16.1100    0.07640000   0.00014088  22919.013    42.234761   0.256687   1.421770   -1555.143 1   0.333156   0.255923   0.092082   0.062343   0.059896   -18.2240   -20.0840   -20.8070   -21.2142   -21.5588     1.8601     2.5830     0.4073
238.047389  27.948814  19.4098  18.1559  17.4747  17.0229  16.8196    0.07420000   0.00006099  22257.971    18.284342   0.262612   1.454589   -2216.186 1   0.283931   0.310669   0.148915   0.043440  -0.034291   -18.4223   -19.7030   -20.2224   -20.5688   -20.6943     1.2806     1.8001     0.3463
238.051613  27.952735  20.1871  18.1644  17.4376  16.9809  16.7519    0.07430000   0.00019812  22273.980    59.394882   0.264907   1.467298   -2200.177 1   0.215393   0.157023   0.069397   0.031041   0.036493   -17.5794   -19.5438   -20.1829   -20.6013   -20.8357     1.9643     2.6035     0.4183
238.068140  28.063233  18.9972  17.1011  16.1819  15.7891  15.4534    0.09350000   0.00016742  28042.916    50.191253   0.268195   1.485515    3568.759 1   0.328196   0.252326   0.091283   0.061115   0.059071   -19.3619   -21.1821   -21.9402   -22.3029   -22.6365     1.8202     2.5784     0.3626
237.470970  27.966391  19.0850  17.9328  17.5043  17.2202  17.0293    0.08820000   0.00008295  26434.080    24.867784   0.269177   1.490950    1959.923 1   0.153020   0.049404   0.071411  -0.015607  -0.073036   -18.9717   -20.0203   -20.4708   -20.6679   -20.8014     1.0486     1.4991     0.1971
237.582582  27.814309  19.5983  18.0194  17.3571  17.0218  16.8227    0.07930000   0.00014291  23769.375    42.843340   0.273168   1.513060    -704.782 1   0.070018   0.038093   0.020012   0.010405   0.008136   -18.1619   -19.7089   -20.3531   -20.6788   -20.8756     1.5470     2.1912     0.3257
237.937072  27.806183  20.1116  18.1320  17.1675  16.7372  16.3843    0.08300000   0.00019350  24886.072    58.009841   0.273522   1.515020     411.915 1   0.471181   0.372963   0.138903   0.096884   0.069542   -18.1309   -20.0123   -20.7427   -21.1310   -21.4565     1.8814     2.6118     0.3883
237.575112  28.251798  19.3291  18.0971  17.5286  17.1801  16.9743    0.07580000   0.00008596  22719.532    25.770160   0.275172   1.524159   -1754.625 1   0.193026   0.133540   0.094329  -0.002548  -0.083721   -18.4586   -19.6312   -20.1604   -20.4121   -20.5367     1.1725     1.7018     0.2516
238.015238  27.866580  17.7965  15.7581  14.8027  14.3683  14.0231    0.08090000   0.00020729  24259.026    62.143979   0.276581   1.531960    -215.131 0   0.479863   0.380643   0.141994   0.098524   0.070147   -20.4200   -22.3592   -23.0759   -23.4668   -23.7837     1.9392     2.6559     0.3909
238.031022  27.886490  20.6732  18.6670  17.7142  17.3088  16.9523    0.08160000   0.00016050  24461.296    48.116690   0.276654   1.532364     -12.861 0   0.411060   0.320967   0.117895   0.082809   0.065677   -17.4721   -19.3882   -20.1379   -20.5082   -20.8476     1.9161     2.6658     0.3703
237.479080  28.158555  19.6667  17.7852  16.8549  16.4754  16.1341    0.09460000   0.00014237  28352.152    42.681452   0.282154   1.562829    3877.995 1   0.330438   0.253791   0.091304   0.061655   0.059596   -18.7412   -20.5461   -21.3139   -21.6637   -22.0030     1.8049     2.5727     0.3499
237.896963  28.292270  18.9900  17.0605  16.1055  15.6931  15.3294    0.09180000   0.00015612  27512.074    46.803599   0.282672   1.565698    3037.917 1   0.452964   0.357452   0.132823   0.092977   0.068235   -19.4750   -21.3090   -22.0393   -22.4119   -22.7509     1.8340     2.5644     0.3726
237.848245  28.312096  19.7450  17.7494  16.8219  16.4051  16.0427    0.09270000   0.00015771  27797.596    47.280269   0.287122   1.590346    3323.439 1   0.398575   0.310760   0.114094   0.079621   0.064701   -18.6868   -20.5946   -21.3255   -21.7078   -22.0553     1.9078     2.6386     0.3823
238.090068  28.005503  19.2354  17.3846  16.4686  16.0728  15.7545    0.08160000   0.00015649  24457.069    46.914522   0.287429   1.592049     -17.088 0   0.343075   0.266632   0.099609   0.065304   0.058740   -18.8419   -20.6162   -21.3652   -21.7267   -22.0385     1.7744     2.5233     0.3615
237.980538  27.816131  20.1893  18.4752  17.6088  17.2420  16.9827    0.08280000   0.00016655  24815.621    49.930434   0.288841   1.599868     341.464 0   0.324148   0.256799   0.105924   0.060269   0.048889   -17.9221   -19.5688   -20.2843   -20.6055   -20.8534     1.6468     2.3623     0.3211
237.436464  28.133665  19.4026  18.2010  17.6492  17.3574  17.1498    0.08650000   0.00008747  25918.197    26.222846   0.307435   1.702858    1444.040 1   0.117825   0.048431   0.047537   0.011563  -0.038583   -18.5950   -19.7272   -20.2781   -20.5340   -20.6914     1.1322     1.6831     0.2558
237.579486  28.295528  19.5923  18.0561  17.2598  16.8798  16.6266    0.08120000   0.00016224  24348.664    48.638328   0.308819   1.710527    -125.493 0   0.273377   0.210954   0.099284   0.042034   0.030351   -18.4017   -19.8755   -20.5602   -20.8829   -21.1244     1.4738     2.1584     0.3227
237.955886  28.295445  20.0205  18.5553  17.7783  17.3443  17.0284    0.07800000   0.00019601  23371.490    58.762320   0.310281   1.718626   -1102.667 1   0.351021   0.311799   0.141751   0.063123   0.023671   -17.9664   -19.3924   -19.9993   -20.3547   -20.6311     1.4260     2.0329     0.3554
237.506648  27.816808  18.3479  17.1134  16.4303  15.9683  15.7539    0.07770000   0.00099482  23282.902   298.239533   0.315801   1.749198   -1191.255 1   0.279375   0.299969   0.145511   0.041382  -0.036340   -19.5801   -20.8352   -21.3639   -21.7218   -21.8584     1.2551     1.7837     0.3579
237.590758  28.313008  18.5099  16.6441  15.7467  15.3247  15.0133    0.07370000   0.00017706  22097.162    53.081253   0.318794   1.765776   -2376.994 1   0.341073   0.263005   0.095746   0.064483   0.060116   -19.3646   -21.1524   -21.8825   -22.2733   -22.5803     1.7877     2.5179     0.3907
237.688337  28.350061  18.4562  16.9380  16.1749  15.7480  15.4849    0.07410000   0.00120277  22209.375   360.581375   0.323141   1.789851   -2264.782 1   0.323831   0.281440   0.132561   0.054631   0.015912   -19.4129   -20.8887   -21.5029   -21.8519   -22.0763     1.4758     2.0900     0.3490
237.601995  28.330957  17.9464  16.0814  15.1845  14.7750  14.4771    0.07490000   0.00018316  22448.399    54.909987   0.330130   1.828563   -2025.758 1   0.312397   0.240418   0.088462   0.057057   0.056455   -19.9104   -21.7034   -22.4484   -22.8265   -23.1238     1.7930     2.5380     0.3781
237.866270  27.715334  19.4548  17.8259  17.0802  16.6676  16.3622    0.07960000   0.00017544  23864.829    52.595589   0.330990   1.833329    -609.328 1   0.193865   0.137494   0.063909   0.027007   0.032212   -18.4404   -20.0129   -20.6850   -21.0607   -21.3713     1.5725     2.2446     0.3757
238.106952  27.895414  17.9020  16.4397  15.6907  15.2477  14.9546    0.07440000   0.00085981  22300.242   257.764553   0.331389   1.835539   -2173.915 1   0.329175   0.286811   0.134019   0.056354   0.018027   -19.9782   -21.3981   -21.9943   -22.3597   -22.6144     1.4199     2.0161     0.3653
237.491833  27.800905  20.2370  18.4309  17.5331  17.1171  16.7723    0.09180000   0.00012325  27513.393    36.949420   0.336244   1.862430    3039.236 1   0.385619   0.308577   0.120044   0.077549   0.058816   -18.1606   -19.8897   -20.5990   -20.9725   -21.2985     1.7291     2.4383     0.3735
237.381134  27.944609  19.1834  17.9894  17.4619  17.1341  17.0197    0.09440000   0.00008554  28308.053    25.644247   0.351404   1.946403    3833.896 1   0.173359   0.086475   0.078446  -0.009341  -0.083647   -19.0417   -20.1488   -20.6683   -20.9083   -20.9484     1.1071     1.6266     0.2400
237.935244  27.715464  19.3185  17.8301  17.0282  16.6042  16.3102    0.08390000   0.00016687  25163.979    50.026367   0.352061   1.950042     689.822 1   0.351975   0.308185   0.139476   0.063596   0.027065   -18.8283   -20.2729   -20.9061   -21.2542   -21.5117     1.4446     2.0778     0.3481
238.081098  27.807814  18.8739  17.0686  16.2325  15.8517  15.5438    0.08150000   0.00015275  24433.715    45.793298   0.358624   1.986394     -40.442 0   0.187868   0.147319   0.056714   0.031746   0.038532   -19.0455   -20.8103   -21.5558   -21.9116   -22.2263     1.7648     2.5102     0.3558
238.010794  27.740148  18.8443  16.9128  16.0005  15.5855  15.2450    0.08050000   0.00018775  24137.730    56.286034   0.364937   2.021360    -336.427 0   0.375942   0.291183   0.105972   0.073540   0.063407   -19.2575   -21.1042   -21.8313   -22.2139   -22.5442     1.8467     2.5738     0.3826
238.051007  27.767788  19.8020  18.1420  17.3164  16.9078  16.6013    0.08310000   0.00016656  24910.145    49.933432   0.366438   2.029675     435.988 1   0.321029   0.257628   0.111657   0.058874   0.042337   -18.2902   -19.8868   -20.5664   -20.9222   -21.2122     1.5966     2.2762     0.3558
238.080218  27.794206  19.8733  18.1278  17.2016  16.7603  16.4237    0.08280000   0.00016692  24817.089    50.041357   0.366782   2.031578     342.933 0   0.464405   0.395248   0.158030   0.093585   0.060758   -18.3783   -20.0547   -20.7436   -21.1205   -21.4243     1.6763     2.3653     0.3769
238.180165  28.080971  19.5561  18.1364  17.4620  17.0921  16.8492    0.07390000   0.00016057  22163.926    48.137675   0.368479   2.040978   -2310.231 1   0.232005   0.171286   0.096938   0.022825  -0.010443   -18.1910   -19.5499   -20.1500   -20.4458   -20.6554     1.3590     1.9590     0.2958
237.448330  27.787178  17.9149  16.8275  16.2197  15.8556  15.6394    0.09210000   0.00019563  27620.838    58.648399   0.373790   2.070397    3146.682 1   0.199590   0.241001   0.129735   0.006106  -0.091439   -20.2827   -21.4115   -21.9080   -22.1485   -22.2672     1.1288     1.6253     0.2405
237.793924  28.414919  18.1223  16.1718  15.1829  14.7236  14.3203    0.09450000   0.00020478  28320.584    61.391500   0.381425   2.112683    3846.427 1   0.565335   0.450692   0.167015   0.110535   0.078001   -20.5182   -22.3540   -23.0593   -23.4621   -23.8329     1.8359     2.5411     0.4028
237.683604  28.411578  19.0366  17.4587  16.6725  16.2564  15.9812    0.08460000   0.00020341  25366.969    60.980784   0.384247   2.128316     892.812 1   0.304956   0.245836   0.113235   0.052497   0.031451   -19.0997   -20.6185   -21.2721   -21.6275   -21.8816     1.5188     2.1724     0.3554
237.791292  28.420138  18.8758  17.0389  16.0686  15.6112  15.2119    0.09480000   0.00016778  28424.192    50.299179   0.386492   2.140749    3950.035 1   0.530999   0.434582   0.164849   0.105526   0.073015   -19.7137   -21.4542   -22.1547   -22.5528   -22.9196     1.7405     2.4411     0.3981
237.361289  27.882857  19.4740  17.5523  16.5675  16.0513  15.6778    0.07790000   0.00016140  23342.410    48.386503   0.388052   2.149390   -1131.747 1   0.586105   0.490297   0.183493   0.109758   0.079380   -18.7452   -20.5711   -21.2491   -21.6915   -22.0346     1.8259     2.5039     0.4425
237.612040  27.668080  19.8153  18.0281  17.1318  16.6661  16.2877    0.07390000   0.00015490  22140.303    46.437852   0.390631   2.163674   -2333.854 1   0.443891   0.362744   0.141386   0.091330   0.062986   -18.1437   -19.8497   -20.5246   -20.9403   -21.2903     1.7061     2.3810     0.4156
237.675889  28.418347  18.4003  17.3349  16.8855  16.5494  16.4077    0.08470000   0.00008532  25378.151    25.578293   0.392221   2.172482     903.994 1   0.166356   0.120117   0.100092  -0.044550  -0.092997   -19.5815   -20.6007   -21.0301   -21.2215   -21.3148     1.0192     1.4485     0.1915
237.868617  28.427613  19.1807  17.5346  16.6246  16.1706  15.8317    0.09450000   0.00017059  28329.218    51.141595   0.403607   2.235547    3855.061 1   0.470301   0.419566   0.169882   0.092266   0.057264   -19.3648   -20.9601   -21.6204   -21.9968   -22.3007     1.5954     2.2557     0.3764
237.318476  28.120321  19.1072  17.2750  16.4041  16.0093  15.6781    0.07490000   0.00016629  22445.132    49.852488   0.404334   2.239575   -2029.025 1   0.281707   0.216159   0.079886   0.049269   0.052577   -18.7189   -20.4856   -21.2202   -21.5844   -21.9189     1.7667     2.5013     0.3642
237.813904  28.439894  20.4695  18.5640  17.6579  17.2440  16.9182    0.09410000   0.00016103  28196.590    48.275580   0.407797   2.258759    3722.433 1   0.346126   0.266309   0.095997   0.065675   0.061175   -17.9425   -19.7682   -20.5040   -20.8876   -21.2089     1.8257     2.5615     0.3836
237.963953  27.662407  19.6482  17.7353  16.8110  16.3889  16.0520    0.08380000   0.00018080  25122.698    54.202476   0.410857   2.275709     648.541 1   0.386247   0.299993   0.109583   0.076300   0.064037   -18.5302   -20.3569   -21.0908   -21.4796   -21.8042     1.8266     2.5605     0.3888
237.675364  28.439976  19.5718  18.0110  17.1542  16.6329  16.3179    0.08440000   0.00022262  25292.890    66.739797   0.413513   2.290417     818.733 1   0.463484   0.419482   0.171056   0.090472   0.054632   -18.6994   -20.2162   -20.8246   -21.2653   -21.5445     1.5168     2.1252     0.4407
237.725240  28.448823  19.5099  18.1929  17.5030  17.0964  16.8487    0.07480000   0.00008844  22422.377    26.513645   0.416099   2.304739   -2051.780 1   0.268379   0.239923   0.124453   0.034548  -0.025905   -18.3030   -19.5916   -20.1660   -20.4827   -20.6699     1.2885     1.8630     0.3167
237.627718  28.433201  19.5126  17.6324  16.7306  16.3544  16.0342    0.08440000   0.00016494  25299.336    49.447768   0.417186   2.310760     825.179 1   0.309028   0.238004   0.088450   0.056149   0.055572   -18.6042   -20.4133   -21.1656   -21.5095   -21.8291     1.8092     2.5614     0.3439
238.208353  28.189858  18.7318  16.9486  16.0678  15.6537  15.3463    0.09240000   0.00016461  27686.463    49.348837   0.420246   2.327709    3212.306 1   0.325387   0.253957   0.098597   0.060584   0.054470   -19.5987   -21.3104   -22.0359   -22.4120   -22.7133     1.7118     2.4372     0.3761
238.063687  28.365283  17.8422  16.1554  15.3031  14.8739  14.5584    0.09340000   0.00015936  27994.560    47.774926   0.422573   2.340602    3520.403 1   0.366942   0.305483   0.130232   0.071457   0.045335   -20.5533   -22.1786   -22.8557   -23.2261   -23.5155     1.6253     2.3024     0.3704
238.096308  28.342635  20.2252  18.4525  17.5980  17.2061  16.8890    0.07470000   0.00015732  22380.077    47.163349   0.424318   2.350266   -2094.080 1   0.271887   0.208000   0.080111   0.046313   0.049512   -17.5883   -19.2971   -20.0237   -20.3818   -20.7021     1.7088     2.4354     0.3581
238.163907  27.794964  20.4211  18.3721  17.4962  17.0865  16.7904    0.07920000   0.00015156  23755.674    45.436545   0.424957   2.353806    -718.483 1   0.272638   0.209787   0.075609   0.047489   0.052360   -17.5419   -19.5280   -20.2697   -20.6513   -20.9523     1.9861     2.7279     0.3816
238.244555  27.984046  18.9676  17.1102  16.1802  15.7826  15.4474    0.09280000   0.00014997  27810.187    44.959875   0.425322   2.355827    3336.031 1   0.362348   0.280142   0.101932   0.070001   0.062227   -19.4279   -21.2031   -21.9549   -22.3205   -22.6480     1.7752     2.5270     0.3657
237.450274  28.355882  20.0374  18.1760  17.2238  16.7688  16.4339    0.08330000   0.00014056  24982.815    42.138828   0.425581   2.357261     508.658 1   0.500810   0.423853   0.165605   0.099763   0.066892   -18.2637   -20.0482   -20.7421   -21.1313   -21.4333     1.7844     2.4784     0.3892
237.313515  28.186799  18.8553  17.0010  16.1240  15.7135  15.3997    0.08130000   0.00014569  24386.198    43.676763   0.427578   2.368323     -87.959 0   0.289709   0.222455   0.081865   0.051318   0.053746   -19.1818   -20.9688   -21.7052   -22.0852   -22.4014     1.7870     2.5235     0.3800
237.872673  28.451384  19.6266  17.6647  16.6910  16.1992  15.8230    0.09170000   0.00013540  27492.917    40.591899   0.427579   2.368326    3018.760 1   0.568827   0.470499   0.176898   0.108736   0.077257   -18.9307   -20.7943   -21.4744   -21.8980   -22.2428     1.8636     2.5437     0.4236
237.950151  27.636051  20.3109  18.3275  17.4334  17.0302  16.6743    0.08400000   0.00015820  25183.406    47.427167   0.430108   2.382339     709.249 1   0.307671   0.236034   0.084881   0.055899   0.056962   -17.8153   -19.7271   -20.4700   -20.8443   -21.2012     1.9118     2.6547     0.3742
238.107260  27.703143  20.5202  18.4477  17.5853  17.1604  16.8498    0.08340000   0.00013014  25009.466    39.014990   0.447609   2.479270     535.309 1   0.271548   0.209018   0.075226   0.047253   0.052264   -17.5331   -19.5431   -20.2717   -20.6686   -20.9842     2.0100     2.7386     0.3969
238.237928  28.199548  19.0973  17.2325  16.3343  15.8970  15.5615    0.07470000   0.00018295  22404.510    54.847030   0.448084   2.481904   -2069.647 1   0.412398   0.333900   0.130440   0.084355   0.060366   -18.8567   -20.6430   -21.3378   -21.7290   -22.0405     1.7863     2.4810     0.3912
237.556714  28.444222  19.0939  17.9971  17.5484  17.2347  17.0815    0.08180000   0.00008695  24534.715    26.066954   0.449659   2.490625      60.558 0   0.173601   0.084170   0.088025  -0.041807  -0.089755   -18.8404   -19.8478   -20.3004   -20.4842   -20.5895     1.0074     1.4599     0.1839
238.178961  28.301735  18.0804  16.3526  15.5146  15.0727  14.7608    0.07490000   0.00016203  22450.498    48.575372   0.452050   2.503874   -2023.659 1   0.355012   0.290670   0.122758   0.068722   0.046878   -19.8190   -21.4825   -22.1526   -22.5404   -22.8305     1.6635     2.3335     0.3879
238.067491  27.663668  19.3299  17.4249  16.4897  16.0427  15.6753    0.08280000   0.00017725  24815.621    53.138213   0.456230   2.527022     341.464 0   0.474544   0.386168   0.148225   0.097380   0.067079   -18.9319   -20.7485   -21.4457   -21.8419   -22.1790     1.8166     2.5139     0.3962
238.276561  28.140182  19.9459  18.3318  17.5211  17.1473  16.8498    0.09200000   0.00013456  27591.789    40.340073   0.462871   2.563807    3117.632 1   0.289672   0.226365   0.101163   0.048484   0.037935   -18.3394   -19.8902   -20.5757   -20.8968   -21.1838     1.5508     2.2363     0.3211
238.119526  27.687760  19.1510  17.1293  16.2326  15.8186  15.5097    0.08130000   0.00018372  24382.690    55.077870   0.466280   2.582688     -91.467 0   0.308156   0.236429   0.085122   0.056016   0.056972   -18.9045   -20.8545   -21.5999   -21.9848   -22.2946     1.9500     2.6954     0.3849
238.300316  28.083885  20.3891  18.4734  17.6067  17.2139  16.9115    0.09360000   0.00014067  28071.516    42.171805   0.474163   2.626356    3597.360 1   0.255993   0.196587   0.073207   0.043235   0.048936   -17.9212   -19.7775   -20.5208   -20.8836   -21.1917     1.8563     2.5996     0.3628
237.479057  28.435494  18.8817  17.4278  16.6848  16.2721  16.0089    0.08670000   0.00012927  25977.316    38.754171   0.474494   2.628188    1503.159 1   0.311709   0.270946   0.130186   0.050508   0.009324   -19.2963   -20.7095   -21.3117   -21.6447   -21.8668     1.4131     2.0154     0.3330
238.302668  27.997580  19.6873  17.8809  16.9848  16.5664  16.2684    0.08110000   0.00016351  24316.376    49.019065   0.475059   2.631316    -157.781 0   0.356543   0.281824   0.109292   0.069571   0.057004   -18.3901   -20.1217   -20.8453   -21.2240   -21.5094     1.7317     2.4552     0.3787
238.097697  27.658725  19.6661  17.6428  16.7456  16.2312  15.8101    0.07350000   0.00016918  22039.842    50.718888   0.476163   2.637429   -2434.315 1   0.502230   0.418187   0.161917   0.100889   0.068305   -18.3606   -20.2998   -20.9408   -21.3941   -21.7826     1.9393     2.5802     0.4534
237.242446  27.908834  19.3830  18.0149  17.3343  16.9802  16.7541    0.07730000   0.00019187  23182.291    57.521179   0.478907   2.652633   -1291.866 1   0.220658   0.157559   0.093277   0.017622  -0.019073   -18.4721   -19.7771   -20.3934   -20.6719   -20.8613     1.3050     1.9213     0.2784
238.204297  27.751017  19.6325  17.7881  16.8202  16.3939  16.0518    0.08160000   0.00015584  24462.465    46.719657   0.479442   2.655592     -11.692 0   0.474067   0.380140   0.143669   0.097508   0.068539   -18.5758   -20.3263   -21.0577   -21.4378   -21.7509     1.7505     2.4819     0.3801
238.278334  27.860940  19.1582  17.1206  16.1580  15.6810  15.2856    0.07440000   0.00016859  22293.527    50.542010   0.484250   2.682225   -2180.630 1   0.555385   0.449429   0.168236   0.108724   0.076370   -18.9482   -20.8798   -21.5612   -21.9787   -22.3418     1.9316     2.6131     0.4175
238.195351  28.345019  19.5695  17.6105  16.7060  16.2981  15.9788    0.09350000   0.00016161  28026.248    48.449459   0.490030   2.714240    3552.091 1   0.316307   0.242898   0.087825   0.058065   0.057751   -18.7777   -20.6633   -21.4127   -21.7908   -22.1098     1.8856     2.6350     0.3781
237.334281  27.724660  18.9496  17.0878  16.1879  15.7295  15.3884    0.08920000   0.00015856  26750.901    47.535092   0.491044   2.719859    2276.744 1   0.458204   0.378731   0.148504   0.093786   0.063349   -19.4580   -21.2404   -21.9100   -22.3137   -22.6244     1.7823     2.4520     0.4037
237.669071  28.522246  20.0669  18.1318  17.0580  16.5143  16.0803    0.07440000   0.00016953  22308.216    50.823815   0.495412   2.744052   -2165.941 1   0.761436   0.609212   0.212047   0.125751   0.101637   -18.2455   -20.0284   -20.7050   -21.1625   -21.5723     1.7829     2.4595     0.4574
237.853332  28.524153  19.9048  18.3491  17.5712  17.1170  16.8334    0.09460000   0.00011303  28363.934    33.885542   0.495884   2.746664    3889.777 1   0.358027   0.317405   0.142945   0.065384   0.026899   -18.5307   -20.0458   -20.6492   -21.0258   -21.2710     1.5151     2.1185     0.3766
237.236963  28.224858  19.0189  17.4424  16.7390  16.3455  16.0767    0.07490000   0.00014857  22443.393    44.540165   0.504409   2.793882   -2030.764 1   0.224988   0.158222   0.083905   0.025365   0.016732   -18.7505   -20.2602   -20.8893   -21.2243   -21.4844     1.5097     2.1388     0.3350
238.129408  27.642897  19.7143  18.1127  17.2799  16.8551  16.5359    0.09130000   0.00014149  27365.985    42.417635   0.506004   2.802719    2891.828 1   0.371565   0.318104   0.138692   0.070860   0.039412   -18.6574   -20.2055   -20.8589   -21.2159   -21.5036     1.5481     2.2015     0.3570
238.240865  27.747161  19.4507  17.7022  16.7520  16.3207  15.9416    0.08360000   0.00015184  25059.712    45.520487   0.508012   2.813843     585.555 1   0.476717   0.394672   0.153781   0.097122   0.065534   -18.8103   -20.4767   -21.1860   -21.5607   -21.9082     1.6665     2.3758     0.3746
238.032824  27.583781  18.4980  16.3941  15.4919  15.0636  14.7526    0.07480000   0.00020083  22411.375    60.207319   0.508327   2.815586   -2062.782 1   0.334408   0.256958   0.092541   0.062665   0.059991   -19.3809   -21.4074   -22.1452   -22.5436   -22.8519     2.0265     2.7642     0.3984
238.222203  27.712037  20.1381  18.3196  17.4249  17.0497  16.7416    0.08240000   0.00014413  24695.554    43.209087   0.515698   2.856414     221.397 0   0.304549   0.235518   0.091244   0.054704   0.052710   -17.9219   -19.6714   -20.4218   -20.7605   -21.0666     1.7495     2.4999     0.3387
237.205489  28.183270  19.8761  18.1187  17.3020  16.9486  16.6670    0.07440000   0.00015384  22313.193    46.120072   0.516747   2.862223   -2160.964 1   0.164273   0.125755   0.052221   0.027668   0.033198   -17.8392   -19.5581   -20.3012   -20.6301   -20.9172     1.7189     2.4620     0.3288
237.996337  27.554918  19.2266  17.3118  16.5763  16.1432  15.8474    0.07540000   0.00016759  22594.428    50.242218   0.520679   2.884004   -1879.729 1   0.025510   0.025864   0.009021   0.007721   0.006543   -18.3578   -20.2730   -20.9916   -21.4234   -21.7181     1.9152     2.6338     0.4318
238.354506  27.991602  19.9684  18.2915  17.3790  16.8777  16.5076    0.09280000   0.00014547  27813.425    43.610809   0.521145   2.886585    3339.268 1   0.520163   0.460670   0.180135   0.100147   0.067435   -18.5849   -20.2023   -20.8343   -21.2556   -21.5930     1.6174     2.2494     0.4213
238.162165  27.647762  20.1242  18.3958  17.5268  17.1105  16.7505    0.08190000   0.00014567  24551.923    43.670767   0.521189   2.886825      77.766 0   0.385831   0.316774   0.129189   0.077439   0.053361   -18.0250   -19.6844   -20.3658   -20.7303   -21.0663     1.6593     2.3408     0.3646
238.356258  28.063075  20.5491  18.5860  17.6775  17.2427  16.8781    0.08380000   0.00013193  25137.238    39.551619   0.521736   2.889858     663.081 1   0.388138   0.301867   0.110538   0.076863   0.064024   -17.6312   -19.5081   -20.2252   -20.6264   -20.9781     1.8768     2.5940     0.4011
237.497055  27.563845  19.3111  17.5197  16.6473  16.2547  15.9529    0.07180000   0.00016706  21526.238    50.083328   0.526971   2.918852   -2947.919 1   0.295393   0.227377   0.087216   0.052289   0.052384   -18.4608   -20.1842   -20.9165   -21.2741   -21.5760     1.7234     2.4556     0.3577
237.859957  28.556426  19.6948  17.7688  16.8346  16.3957  16.0904    0.09410000   0.00014202  28221.353    42.576525   0.528673   2.928282    3747.196 1   0.407807   0.318245   0.116837   0.081967   0.065454   -18.7789   -20.6154   -21.3482   -21.7522   -22.0410     1.8364     2.5692     0.4040
238.028338  27.558731  18.3707  16.4295  15.5411  15.1189  14.8126    0.07250000   0.00017827  21739.090    53.444001   0.528909   2.929589   -2735.067 1   0.321991   0.247225   0.089053   0.059513   0.058578   -19.4246   -21.2910   -22.0213   -22.4139   -22.7193     1.8664     2.5967     0.3927
238.051840  27.568234  18.3800  17.2258  16.7075  16.3658  16.1533    0.07250000   0.00009370  21735.523    28.090553   0.529936   2.935274   -2738.634 1   0.182002   0.135369   0.099990  -0.017041  -0.102721   -19.2753   -20.3829   -20.8658   -21.0905   -21.2173     1.1076     1.5905     0.2247
238.206663  27.672593  19.2045  17.3622  16.4707  16.0850  15.7600    0.08220000   0.00015960  24628.880    47.846876   0.531099   2.941715     154.723 0   0.306723   0.235889   0.087031   0.055559   0.055686   -18.8496   -20.6211   -21.3637   -21.7179   -22.0431     1.7715     2.5141     0.3542
238.226328  27.679815  20.2271  18.3438  17.5143  17.1040  16.7515    0.08320000   0.00015808  24944.321    47.391192   0.539161   2.986375     470.165 1   0.175126   0.142638   0.052409   0.031565   0.037845   -17.7246   -19.5754   -20.3146   -20.7041   -21.0629     1.8508     2.5901     0.3895
237.484275  28.513682  20.3122  18.4356  17.5575  17.1742  16.8424    0.08700000   0.00014771  26070.132    44.282344   0.540078   2.991454    1595.975 1   0.280071   0.214821   0.080357   0.048738   0.051849   -17.8603   -19.6716   -20.4152   -20.7669   -21.1018     1.8114     2.5550     0.3517
238.369433  27.904441  20.0877  18.5584  17.5116  17.1104  16.7348    0.09280000   0.00013717  27835.400    41.122531   0.548171   3.036277    3361.243 1   0.572473   0.526285   0.199789   0.111798   0.076385   -18.5179   -20.0010   -20.7213   -21.0345   -21.3747     1.4831     2.2034     0.3132
238.280454  27.710922  18.3135  16.4697  15.5984  15.1953  14.8820    0.08200000   0.00014299  24572.069    42.867324   0.557414   3.087473      97.912 0   0.276951   0.212392   0.079441   0.047993   0.051465   -19.7083   -21.4876   -22.2259   -22.5976   -22.9143     1.7792     2.5176     0.3717
238.238687  27.663303  17.6701  15.7073  14.7710  14.3453  13.9996    0.08280000   0.00020715  24833.428    62.102008   0.558262   3.092173     359.271 0   0.424264   0.331591   0.121786   0.086030   0.066768   -20.5414   -22.4115   -23.1380   -23.5279   -23.8544     1.8701     2.5966     0.3899
237.343859  27.618445  19.2011  17.3767  16.4773  16.0674  15.7108    0.07840000   0.00016157  23516.260    48.437467   0.558397   3.092921    -957.897 1   0.377077   0.297832   0.113343   0.074926   0.060175   -18.8442   -20.5893   -21.3043   -21.6757   -22.0176     1.7452     2.4601     0.3715
237.542891  28.559947  19.5644  17.5906  16.6909  16.2692  15.9518    0.08520000   0.00015108  25548.703    45.292645   0.561358   3.109318    1074.546 1   0.331914   0.254935   0.091698   0.062027   0.059771   -18.5958   -20.4926   -21.2291   -21.6211   -21.9363     1.8968     2.6333     0.3920
237.274055  27.677332  20.2057  18.4941  17.6111  17.1841  16.8690    0.09380000   0.00014457  28109.710    43.340996   0.562156   3.113742    3635.553 1   0.410480   0.346115   0.142753   0.082434   0.052598   -18.2613   -19.9085   -20.5882   -20.9548   -21.2401     1.6472     2.3269     0.3667
238.357077  27.819131  19.4067  17.5206  16.6168  16.1960  15.8597    0.08340000   0.00014907  24998.734    44.690062   0.564293   3.125575     524.577 1   0.350233   0.271583   0.100211   0.067074   0.060205   -18.7253   -20.5328   -21.2652   -21.6528   -21.9823     1.8074     2.5399     0.3877
237.423584  28.516701  19.9881  18.1328  17.2638  16.8699  16.5323    0.08290000   0.00016687  24863.587    50.026367   0.569304   3.153331     389.430 1   0.229758   0.179596   0.065010   0.038918   0.046266   -18.0103   -19.8155   -20.5699   -20.9377   -21.2826     1.8051     2.5596     0.3678
237.492939  28.550293  18.6457  16.8091  15.9425  15.5221  15.2189    0.09300000   0.00014005  27889.033    41.985934   0.569545   3.154667    3414.876 1   0.250652   0.194095   0.070011   0.042806   0.049322   -19.6241   -21.4042   -22.1467   -22.5399   -22.8496     1.7800     2.5226     0.3932
238.203753  28.453568  19.0291  17.6785  17.0867  16.7208  16.4909    0.09460000   0.00008575  28359.287    25.707203   0.570129   3.157900    3885.130 1   0.203458   0.142985   0.094120   0.006307  -0.059653   -19.2518   -20.5419   -21.0849   -21.3630   -21.5269     1.2901     1.8331     0.2781
238.176660  27.591460  20.1441  18.1410  17.2965  16.8914  16.5926    0.08020000   0.00015934  24052.499    47.768930   0.572226   3.169516    -421.658 1   0.215087   0.169332   0.061745   0.036460   0.043949   -17.7858   -19.7432   -20.4801   -20.8599   -21.1662     1.9573     2.6943     0.3798
237.588751  28.588240  19.1990  18.1248  17.7593  17.4738  17.4308    0.09350000   0.00008382  28032.573    25.128604   0.575638   3.188416    3558.417 1   0.169219   0.045571   0.083532  -0.061192  -0.048441   -19.0011   -19.9516   -20.3551   -20.4959   -20.5516     0.9506     1.3540     0.1408
237.392887  28.507971  19.9354  18.1946  17.2891  16.8615  16.5390    0.08760000   0.00015014  26253.605    45.010840   0.576954   3.195706    1779.448 1   0.429107   0.361088   0.146454   0.086881   0.056440   -18.3825   -20.0553   -20.7462   -21.1142   -21.4063     1.6728     2.3636     0.3680
237.273962  27.652687  19.9972  18.3022  17.4685  17.0924  16.7855    0.07730000   0.00017963  23171.828    53.851719   0.578180   3.202499   -1302.328 1   0.264792   0.201031   0.083619   0.042966   0.044298   -17.9021   -19.5333   -20.2496   -20.5850   -20.8933     1.6312     2.3475     0.3354
238.149718  27.559434  18.7741  18.0176  17.7875  17.5238  17.5076    0.08210000   0.00004758  24615.959    14.264125   0.583233   3.230482     141.802 0   0.134301   0.019193   0.071701  -0.034115  -0.017154   -19.1077   -19.7491   -20.0317   -20.1896   -20.2228     0.6414     0.9240     0.1579
237.898189  27.462367  18.8412  17.6949  17.1356  16.8238  16.6281    0.08400000   0.00011249  25193.359    33.723654   0.583690   3.233014     719.202 1   0.186126   0.132089   0.097151  -0.010751  -0.098530   -19.1635   -20.2557   -20.7801   -20.9840   -21.0919     1.0923     1.6166     0.2039
238.166097  27.567672  19.9154  18.2358  17.4808  17.0894  16.8098    0.07260000   0.00015452  21771.768    46.323931   0.585153   3.241120   -2702.389 1   0.179486   0.128493   0.058836   0.026413   0.031807   -17.7435   -19.3721   -20.0575   -20.4165   -20.7015     1.6286     2.3140     0.3590
238.284650  27.667591  19.8129  17.9715  17.0802  16.6496  16.3084    0.08080000   0.00015358  24220.263    46.042126   0.586505   3.248608    -253.894 0   0.403497   0.326962   0.128587   0.082206   0.058987   -18.3245   -20.0894   -20.7823   -21.1665   -21.4845     1.7649     2.4578     0.3842
238.242923  27.624557  19.5492  17.8149  16.8570  16.3253  15.9686    0.08660000   0.00020126  25950.275    60.336230   0.587401   3.253569    1476.118 1   0.583410   0.506256   0.190554   0.109022   0.078653   -18.8980   -20.5552   -21.1974   -21.6475   -21.9739     1.6571     2.2993     0.4502
237.427356  28.540571  20.4883  18.4883  17.5936  17.1827  16.8954    0.08280000   0.00015507  24824.824    46.488816   0.587967   3.256707     350.667 0   0.285569   0.219252   0.078902   0.050464   0.054139   -17.5845   -19.5182   -20.2725   -20.6550   -20.9459     1.9337     2.6880     0.3825
237.318495  27.595335  19.4337  18.1423  17.3852  16.9848  16.7051    0.07850000   0.00018930  23541.622    56.750712   0.590550   3.271015    -932.534 1   0.303029   0.314690   0.149121   0.049258  -0.019904   -18.5191   -19.8222   -20.4137   -20.7142   -20.9248     1.3031     1.8946     0.3005
238.289077  27.665417  20.5108  18.4959  17.6153  17.2727  16.9707    0.08210000   0.00015868  24605.616    47.571067   0.590915   3.273032     131.459 0   0.160429   0.132355   0.049035   0.029878   0.035375   -17.3971   -19.3840   -20.1813   -20.5047   -20.8122     1.9868     2.7841     0.3234
237.409458  28.536607  19.7502  17.7160  16.7587  16.3084  15.9358    0.08990000   0.00016061  26937.761    48.149667   0.592793   3.283436    2463.604 1   0.515679   0.408947   0.152010   0.104613   0.073450   -18.7082   -20.6357   -21.3361   -21.7390   -22.0804     1.9275     2.6278     0.4029
237.445230  28.555152  18.8199  17.1300  16.2930  15.8902  15.5749    0.08510000   0.00013808  25503.854    41.395343   0.592872   3.283876    1029.697 1   0.317670   0.250557   0.103506   0.058253   0.048404   -19.3420   -20.9648   -21.6547   -22.0123   -22.3177     1.6228     2.3127     0.3575
237.101710  27.946105  19.1141  17.6694  16.9168  16.5657  16.3086    0.09430000   0.00015149  28275.555    45.415559   0.593000   3.284583    3801.398 1   0.264052   0.207666   0.106996   0.036935   0.007197   -19.2180   -20.6064   -21.2583   -21.5393   -21.7667     1.3883     2.0402     0.2810
237.840661  27.438610  17.9467  16.6463  16.0142  15.6581  15.4172    0.08980000   0.00018493  26912.849    55.440619   0.599306   3.319511    2438.692 1   0.216024   0.164240   0.101003   0.014139  -0.052577   -20.2122   -21.4608   -22.0297   -22.2989   -22.4731     1.2486     1.8175     0.2692
237.715299  28.632817  19.3616  17.4827  16.5896  16.1858  15.8669    0.07740000   0.00018196  23213.410    54.550236   0.600204   3.324486   -1260.747 1   0.304407   0.233690   0.084666   0.055071   0.056238   -18.5618   -20.3700   -21.1141   -21.4883   -21.8084     1.8082     2.5523     0.3742
237.330072  27.572927  19.5703  18.0008  17.2311  16.8220  16.5245    0.09190000   0.00014418  27553.205    43.224077   0.600795   3.327761    3079.048 1   0.303705   0.246195   0.115043   0.051463   0.027942   -18.7453   -20.2573   -20.8958   -21.2413   -21.5153     1.5120     2.1505     0.3455
238.320636  27.679632  19.4612  17.9718  17.2309  16.8410  16.5517    0.09030000   0.00018507  27085.619    55.482590   0.604475   3.348141    2611.462 1   0.270200   0.212098   0.106327   0.039668   0.015213   -18.7640   -20.1953   -20.8304   -21.1537   -21.4185     1.4313     2.0664     0.3232
237.688111  27.426312  19.8183  18.1922  17.3651  16.9496  16.6751    0.07270000   0.00013513  21787.747    40.510955   0.611857   3.389031   -2686.410 1   0.358305   0.302889   0.133097   0.067731   0.038331   -18.0437   -19.6144   -20.2717   -20.6218   -20.8669     1.5707     2.2280     0.3501
238.456054  28.097864  18.5738  17.3030  16.6623  16.2852  16.0314    0.09210000   0.00014435  27623.866    43.275041   0.612337   3.391688    3149.710 1   0.232545   0.214983   0.119482   0.019435  -0.062002   -19.6567   -20.9100   -21.4552   -21.7322   -21.9046     1.2532     1.7984     0.2771
237.109235  27.834990  17.9090  16.5255  15.8216  15.4333  15.1852    0.07640000   0.00018798  22895.480    56.354986   0.613063   3.395710   -1578.677 1   0.264126   0.217939   0.114729   0.034574  -0.011062   -19.9640   -21.3013   -21.9020   -22.2102   -22.4126     1.3373     1.9380     0.3081
237.077228  27.928694  19.2969  17.3481  16.4036  15.9786  15.8589    0.07890000   0.00018507  23657.822    55.482590   0.617117   3.418167    -816.335 1   0.309809   0.237573   0.085130   0.056431   0.057379   -18.6738   -20.5503   -21.3424   -21.7387   -21.8593     1.8766     2.6686     0.3963
237.423376  28.575515  20.1715  18.3937  17.4897  17.1178  16.7613    0.09440000   0.00013691  28298.819    41.044585   0.620018   3.434232    3824.662 1   0.357058   0.283113   0.110645   0.069814   0.056347   -18.2373   -19.9411   -20.6727   -21.0037   -21.3468     1.7039     2.4354     0.3311
238.319168  27.651476  19.8013  17.9602  17.0514  16.6757  16.3823    0.08260000   0.00014025  24777.007    42.045892   0.620392   3.436307     302.850 0   0.319516   0.247386   0.093533   0.058887   0.055732   -18.2790   -20.0479   -20.8029   -21.1439   -21.4342     1.7690     2.5239     0.3411
237.533196  28.622002  19.6374  18.3835  17.6820  17.1929  16.9350    0.08700000   0.00008143  26075.648    24.412100   0.622621   3.448653    1601.491 1   0.315863   0.323284   0.151239   0.053246  -0.011609   -18.5708   -19.8322   -20.3616   -20.7527   -20.9458     1.2613     1.7908     0.3911
238.078739  27.476092  18.8854  17.7373  17.2350  16.8894  16.7378    0.09060000   0.00008317  27167.193    24.933739   0.622696   3.449065    2693.036 1   0.180258   0.123774   0.096707  -0.019782  -0.102003   -19.2571   -20.3487   -20.8239   -21.0530   -21.1224     1.0916     1.5668     0.2291
238.305741  27.631600  18.9503  17.1527  16.2685  15.8508  15.5382    0.08130000   0.00016435  24385.178    49.270890   0.623753   3.454922     -88.978 0   0.318114   0.245374   0.090972   0.058552   0.056693   -19.1152   -20.8400   -21.5698   -21.9551   -22.2659     1.7249     2.4547     0.3853
237.561590  28.632997  20.0512  17.9916  17.1473  16.6618  16.3029    0.09330000   0.00016747  27959.694    50.206243   0.625322   3.463611    3485.537 1   0.425633   0.354182   0.142411   0.086769   0.057645   -18.4193   -20.4074   -21.0400   -21.4698   -21.7996     1.9881     2.6207     0.4299
237.305648  27.557671  19.9870  18.3446  17.5800  17.2363  17.0068    0.07810000   0.00016018  23404.557    48.020756   0.626357   3.469343   -1069.600 1   0.174822   0.119049   0.059478   0.023786   0.027349   -17.8477   -19.4343   -20.1393   -20.4473   -20.6804     1.5866     2.2917     0.3080
238.289441  27.609798  20.0554  18.4157  17.5961  17.2560  16.9511    0.08060000   0.00015156  24162.703    45.436545   0.627378   3.474997    -311.454 0   0.120015   0.096659   0.039416   0.023496   0.026517   -17.7720   -19.3883   -20.1507   -20.4748   -20.7828     1.6163     2.3787     0.3242
238.053610  27.459963  18.3458  16.4102  15.4375  15.0201  14.6973    0.08230000   0.00018277  24661.197    54.793068   0.627905   3.477920     187.041 0   0.442546   0.348593   0.129340   0.090692   0.067477   -19.8496   -21.6912   -22.4447   -22.8234   -23.1230     1.8416     2.5951     0.3788
238.350663  27.676060  17.2467  15.7349  14.9226  14.5353  14.2429    0.09020000   0.00016257  27045.777    48.737260   0.628161   3.479335    2571.620 1   0.323170   0.268518   0.123490   0.056965   0.029097   -21.0291   -22.4862   -23.1535   -23.4742   -23.7388     1.4571     2.1244     0.3208
237.401589  28.574566  19.6949  17.7960  16.9008  16.5131  16.1812    0.08490000   0.00014730  25454.118    44.159429   0.628809   3.482924     979.962 1   0.287454   0.220652   0.079082   0.050932   0.054544   -18.4132   -20.2453   -20.9989   -21.3585   -21.6940     1.8321     2.5857     0.3595
237.315946  28.526898  19.9209  18.2188  17.3225  16.9235  16.5675    0.08940000   0.00012848  26794.610    38.517335   0.632864   3.505389    2320.454 1   0.378370   0.303024   0.118757   0.075693   0.057560   -18.3881   -20.0148   -20.7268   -21.0828   -21.4207     1.6268     2.3388     0.3559
237.363856  28.558816  19.3574  17.4412  16.5265  16.1220  15.7655    0.08880000   0.00014432  26622.889    43.266048   0.633379   3.508238    2148.732 1   0.357931   0.278009   0.102648   0.069130   0.060879   -18.9190   -20.7553   -21.4946   -21.8656   -22.2139     1.8363     2.5756     0.3710
238.125909  27.474638  17.5896  16.3021  15.6898  15.2698  15.0548    0.08160000   0.00010716  24468.431    32.125760   0.643498   3.564288      -5.726 0   0.232633   0.197763   0.112761   0.020340  -0.051528   -20.3772   -21.6299   -22.1572   -22.4848   -22.6279     1.2526     1.7799     0.3276
238.274043  28.497492  19.6912  18.8920  18.5417  18.1907  18.1460    0.09460000   0.00004189  28354.341    12.558306   0.644667   3.570763    3880.184 1   0.134776   0.111716   0.098436  -0.089289  -0.056855   -18.5210   -19.2972   -19.6342   -19.7975   -19.8746     0.7761     1.1132     0.1633
