182.664372  36.614492  18.0118  15.9377  15.0546  14.6113  14.2924    0.08310000   0.00019474  24899.203    58.381583   0.027260   0.155845    -149.956 0   0.339813   0.261676   0.094865   0.064106   0.060226   -20.0992   -22.0951   -22.8114   -23.2240   -23.5390     1.9960     2.7123     0.4125
182.660709  36.648490  19.8179  18.2607  17.5217  17.1266  16.8236    0.08360000   0.00016087  25067.746    48.227613   0.035097   0.200650      18.587 0   0.186797   0.130246   0.062505   0.025574   0.030076   -18.1531   -19.6538   -20.3250   -20.6832   -20.9907     1.5006     2.1719     0.3582
182.624654  36.655255  20.0941  18.2720  17.4384  17.0085  16.7421    0.08250000   0.00017360  24721.546    52.043971   0.063221   0.361432    -327.613 0   0.259954   0.199070   0.075421   0.043859   0.048772   -17.9452   -19.7064   -20.4163   -20.8147   -21.0860     1.7612     2.4712     0.3983
182.750366  36.577174  20.0938  18.3541  17.4544  16.9472  16.5706    0.08420000   0.00016741  25256.046    50.188255   0.066508   0.380223     206.887 0   0.516490   0.447342   0.174669   0.100532   0.067835   -18.2464   -19.9170   -20.5440   -20.9771   -21.3210     1.6706     2.2976     0.4331
182.637070  36.686245  19.4229  17.7208  16.8744  16.4671  16.2013    0.08480000   0.00015484  25430.345    46.419864   0.075588   0.432130     381.186 0   0.291010   0.224789   0.092000   0.050236   0.047585   -18.6862   -20.3220   -21.0357   -21.4012   -21.6643     1.6359     2.3495     0.3655
182.783362  36.576060  19.4562  17.6040  16.6921  16.2531  15.9588    0.08580000   0.00017443  25718.685    52.292798   0.087154   0.498256     669.526 0   0.445531   0.369894   0.146585   0.091096   0.061031   -18.8541   -20.6307   -21.3192   -21.7028   -21.9670     1.7766     2.4652     0.3835
182.587643  36.589473  20.0680  18.2210  17.3432  16.9131  16.5519    0.08130000   0.00014952  24362.784    44.824968   0.093677   0.535546    -686.375 0   0.376174   0.300029   0.116755   0.075023   0.058107   -18.0555   -19.8264   -20.5209   -20.9093   -21.2536     1.7709     2.4654     0.3884
182.558569  36.658385  20.0353  18.2026  17.3389  16.9395  16.6448    0.08090000   0.00015900  24261.484    47.667001   0.113903   0.651180    -787.675 1   0.275234   0.210949   0.079576   0.047461   0.050878   -17.9766   -19.7450   -20.4773   -20.8446   -21.1427     1.7684     2.5007     0.3673
182.603206  36.717597  20.3002  18.2791  17.3691  16.9747  16.6908    0.08360000   0.00015870  25060.221    47.577063   0.117040   0.669114      11.062 0   0.312533   0.239791   0.086424   0.057088   0.057467   -17.7966   -19.7449   -20.5016   -20.8666   -21.1509     1.9484     2.7050     0.3651
182.766545  36.512051  20.0994  18.1931  17.2639  16.7904  16.4896    0.08370000   0.00015885  25091.549    47.622032   0.128142   0.732584      42.391 0   0.511969   0.447629   0.175578   0.099467   0.066594   -18.2233   -20.0653   -20.7224   -21.1198   -21.3878     1.8420     2.4991     0.3974
182.673216  36.477435  19.1808  17.2846  16.4074  16.0220  15.7274    0.08370000   0.00015297  25103.391    45.859252   0.150116   0.858208      54.232 0   0.265574   0.203132   0.077877   0.044950   0.048962   -18.8955   -20.7293   -21.4812   -21.8337   -22.1323     1.8338     2.5857     0.3525
182.837958  36.760862  18.7507  16.9516  16.0905  15.6680  15.3302    0.08250000   0.00015321  24733.717    45.931202   0.176730   1.010357    -315.442 0   0.271859   0.209208   0.075439   0.047304   0.052237   -19.3005   -21.0369   -21.7642   -22.1586   -22.5013     1.7364     2.4638     0.3944
182.590303  36.449096  19.0568  17.7256  17.0883  16.7172  16.4440    0.08490000   0.00013152  25442.337    39.428704   0.196282   1.122133     393.178 0   0.228871   0.177945   0.103897   0.021004  -0.036519   -18.9927   -20.2730   -20.8362   -21.1244   -21.3401     1.2803     1.8435     0.2882
182.818268  36.810883  19.4635  17.5495  16.6343  16.2188  15.8959    0.08590000   0.00016763  25752.352    50.254210   0.209267   1.196367     703.193 0   0.364433   0.281568   0.102200   0.070489   0.062571   -18.7682   -20.5994   -21.3352   -21.7190   -22.0340     1.8311     2.5670     0.3838
182.559003  36.821019  18.6723  17.3615  16.8215  16.4170  16.2298    0.07870000   0.00008578  23597.174    25.716197   0.222945   1.274563   -1451.985 1   0.195021   0.130712   0.091346   0.000301  -0.071533   -19.1993   -20.4458   -20.9464   -21.2598   -21.3752     1.2465     1.7471     0.3135
183.020225  36.686803  19.2086  17.6755  17.1135  16.7850  16.5571    0.08690000   0.00018812  26043.960    56.396957   0.267998   1.532130     994.801 1   0.144353   0.068913   0.059144   0.011654  -0.031466   -18.8283   -20.2859   -20.8382   -21.1192   -21.3040     1.4577     2.0099     0.2810
182.983675  36.765073  18.6562  17.1762  16.4596  16.1094  15.8548    0.08440000   0.00014227  25308.180    42.651473   0.270042   1.543815     259.021 0   0.113160   0.071915   0.038059   0.017570   0.018004   -19.2647   -20.7035   -21.3862   -21.7159   -21.9709     1.4388     2.1215     0.3297
182.367090  36.707183  19.4335  18.1065  17.4991  17.1321  16.9394    0.07620000   0.00009130  22841.007    27.371051   0.275115   1.572821   -2208.151 1   0.207025   0.145979   0.093995   0.008804  -0.050961   -18.3585   -19.6244   -20.1799   -20.4617   -20.5946     1.2660     1.8214     0.2818
182.465578  36.841895  20.2565  18.4139  17.4990  17.1103  16.7952    0.08340000   0.00016203  24988.361    48.575372   0.283246   1.619306     -60.798 0   0.339339   0.262255   0.096343   0.064122   0.059420   -17.8646   -19.6301   -20.3791   -20.7356   -21.0460     1.7655     2.5145     0.3565
182.790465  36.918547  19.3612  17.8035  17.0856  16.6247  16.3238    0.07770000   0.00009738  23303.018    29.193790   0.301919   1.726054   -1746.141 1   0.312640   0.261701   0.123861   0.052626   0.020745   -18.6001   -20.1069   -20.6869   -21.0766   -21.3456     1.5068     2.0868     0.3897
183.066561  36.682396  19.3281  17.3109  16.3824  15.9557  15.6025    0.08580000   0.00018407  25728.698    55.182798   0.303505   1.735124     679.540 0   0.419152   0.327295   0.120092   0.084783   0.066409   -18.9558   -20.8812   -21.6025   -21.9938   -22.3287     1.9253     2.6466     0.3914
182.862799  36.898935  19.3836  18.0909  17.4664  17.1398  16.9154    0.08410000   0.00018453  25213.235    55.320702   0.303918   1.737483     164.076 0   0.125290   0.063644   0.046869   0.014654  -0.004247   -18.5601   -19.7912   -20.3989   -20.6933   -20.8988     1.2311     1.8388     0.2944
182.588773  36.332155  19.4844  18.0757  17.4061  16.9996  16.7465    0.08320000   0.00008556  24941.623    25.650243   0.306449   1.751954    -107.536 0   0.251688   0.198999   0.107499   0.031219  -0.009913   -18.5438   -19.8998   -20.4779   -20.8081   -21.0201     1.3560     1.9341     0.3302
183.061660  36.724248  19.2241  17.9060  17.3090  16.9533  16.6914    0.08640000   0.00008170  25889.417    24.493044   0.310178   1.773274     840.258 1   0.210235   0.158937   0.100327   0.010635  -0.062261   -18.8661   -20.1329   -20.6713   -20.9373   -21.1263     1.2668     1.8052     0.2660
183.070759  36.707088  18.7772  17.3617  16.7333  16.3869  16.1166    0.08590000   0.00015194  25741.080    45.550466   0.312257   1.785159     691.921 0   0.154205   0.084747   0.059299   0.015481  -0.002391   -19.2443   -20.5903   -21.1933   -21.4959   -21.7483     1.3460     1.9490     0.3026
182.612976  36.318129  18.5276  16.8738  16.0739  15.7141  15.4400    0.08260000   0.00013498  24777.157    40.465986   0.315335   1.802757    -272.002 0   0.174239   0.125914   0.056926   0.026387   0.031765   -19.4074   -21.0129   -21.7438   -22.0730   -22.3525     1.6055     2.3364     0.3293
182.580030  36.316061  18.0366  16.7779  16.1706  15.8322  15.6197    0.08280000   0.00015396  24836.936    46.156047   0.323867   1.851533    -212.223 0   0.207085   0.158463   0.101224   0.008561  -0.070518   -19.9577   -21.1678   -21.7178   -21.9636   -22.0970     1.2101     1.7601     0.2457
182.306729  36.716184  20.1616  18.1774  17.2837  16.8571  16.5758    0.07840000   0.00015897  23501.150    47.658007   0.324116   1.852956   -1548.008 1   0.323330   0.248428   0.089774   0.059867   0.058577   -17.8299   -19.7392   -20.4743   -20.8710   -21.1510     1.9093     2.6443     0.3967
182.402055  36.850306  20.1629  18.3390  17.5243  17.1314  16.8582    0.07620000   0.00017444  22847.753    52.295796   0.324469   1.854974   -2201.406 1   0.240445   0.180104   0.075094   0.037339   0.041961   -17.6625   -19.4261   -20.1358   -20.4909   -20.7687     1.7636     2.4732     0.3551
182.277616  36.707497  18.5554  16.6636  15.7858  15.3891  15.0680    0.08150000   0.00016256  24437.432    48.734262   0.344485   1.969403    -611.727 0   0.272930   0.209974   0.075786   0.047540   0.052347   -19.4491   -21.2779   -22.0215   -22.3900   -22.7159     1.8288     2.5725     0.3685
182.858927  36.945491  19.1742  17.3381  16.4608  16.0547  15.7631    0.08340000   0.00015692  25005.449    47.043433   0.345063   1.972708     -43.710 0   0.288019   0.221277   0.084635   0.050476   0.051709   -18.8956   -20.6649   -21.4056   -21.7775   -22.0704     1.7694     2.5100     0.3719
182.997769  36.874592  19.3583  18.1396  17.6748  17.3895  17.3408    0.07730000   0.00019877  23184.780    59.589747   0.347321   1.985614   -1864.379 1   0.117429   0.036677   0.051906   0.003721  -0.057284   -18.3936   -19.5315   -20.0116   -20.2487   -20.2364     1.1379     1.6180     0.2371
182.258580  36.640426  19.4190  17.6618  16.8025  16.3720  16.0415    0.08090000   0.00014184  24245.265    42.522562   0.350391   2.003166    -803.893 1   0.364565   0.297292   0.122805   0.071726   0.050541   -18.6822   -20.3721   -21.0569   -21.4363   -21.7457     1.6899     2.3747     0.3794
182.284708  36.485804  19.2374  17.3308  16.4535  16.0639  15.7590    0.08280000   0.00016097  24814.601    48.257592   0.357975   2.046523    -234.558 0   0.254525   0.196364   0.071591   0.043368   0.049496   -18.8043   -20.6528   -21.4053   -21.7667   -22.0777     1.8484     2.6010     0.3614
182.519568  36.971193  18.7601  17.6077  17.1358  16.8193  16.6571    0.08630000   0.00018485  25861.866    55.416636   0.372247   2.128116     812.707 1   0.173352   0.081755   0.082556  -0.024935  -0.091947   -19.2907   -20.3515   -20.8242   -21.0332   -21.1284     1.0608     1.5335     0.2090
183.108354  36.450867  18.4271  16.4885  15.6306  15.2249  14.9251    0.08390000   0.00017131  25159.572    51.357446   0.375494   2.146679     110.414 0   0.239953   0.186229   0.067762   0.040533   0.047541   -19.6076   -21.4925   -22.2320   -22.6104   -22.9172     1.8849     2.6243     0.3785
182.436632  36.307136  19.1822  17.8729  17.3398  17.0241  16.8126    0.08340000   0.00010050  25005.809    30.129142   0.380740   2.176670     -43.350 0   0.157519   0.072144   0.067607   0.003680  -0.060485   -18.7571   -19.9810   -20.5096   -20.7614   -20.9087     1.2239     1.7525     0.2518
182.474538  36.286715  19.9532  18.0428  17.1794  16.8117  16.4929    0.07810000   0.00016383  23428.751    49.114998   0.383070   2.189993   -1620.408 1   0.174987   0.142582   0.052366   0.031561   0.037834   -17.8816   -19.7596   -20.5328   -20.8797   -21.2048     1.8780     2.6512     0.3469
182.288366  36.418518  18.8026  17.4130  16.7468  16.3487  16.0766    0.08190000   0.00018228  24560.077    54.646169   0.386896   2.211866    -489.081 0   0.250733   0.204697   0.111587   0.029361  -0.021769   -19.2115   -20.5551   -21.1282   -21.4441   -21.6650     1.3436     1.9167     0.3159
182.863127  37.031188  19.8231  18.1959  17.4197  17.0271  16.8004    0.08440000   0.00014694  25291.871    44.051504   0.426587   2.438778     242.712 0   0.258834   0.194861   0.090756   0.037877   0.033022   -18.2435   -19.8067   -20.4788   -20.8185   -21.0404     1.5632     2.2353     0.3397
182.291811  36.345788  17.7688  16.8335  16.3904  16.0742  15.9486    0.08170000   0.00010600  24491.185    31.778001   0.428301   2.448575    -557.974 0   0.137538   0.139301   0.103711  -0.065545  -0.075921   -20.1028   -21.0399   -21.4474   -21.5943   -21.7095     0.9371     1.3446     0.1469
182.158792  36.636254  19.4556  17.7584  16.9729  16.5316  16.2464    0.07810000   0.00005981  23428.391    17.930587   0.430309   2.460056   -1620.768 1   0.217010   0.163163   0.066671   0.033744   0.040379   -18.4213   -20.0646   -20.7536   -21.1620   -21.4538     1.6434     2.3324     0.4084
182.152525  36.651277  17.6401  15.8613  15.0771  14.6797  14.4099    0.08090000   0.00015666  24252.310    46.965486   0.435931   2.492197    -796.848 1   0.192214   0.140956   0.061432   0.028847   0.035034   -20.2887   -22.0163   -22.7210   -23.0858   -23.3618     1.7275     2.4322     0.3648
182.643941  37.061755  18.3509  16.9683  16.2809  15.9331  15.6763    0.07790000   0.00015060  23340.012    45.148744   0.437123   2.499010   -1709.147 1   0.235933   0.182103   0.103387   0.024470  -0.022886   -19.5181   -20.8469   -21.4555   -21.7244   -21.9339     1.3288     1.9375     0.2689
182.160330  36.482658  19.3215  18.0398  17.3463  16.9644  16.7087    0.08190000   0.00019009  24539.302    56.987548   0.452455   2.586660    -509.857 0   0.261168   0.247345   0.128280   0.031813  -0.039594   -18.7031   -19.9709   -20.5454   -20.8308   -21.0151     1.2679     1.8423     0.2854
182.651857  37.093525  19.0449  17.2437  16.3985  16.1393  15.9905    0.07830000   0.00014621  23477.647    43.832655   0.468253   2.676976   -1571.512 1   0.093429   0.066818   0.030308   0.017329   0.018690   -18.6898   -20.4644   -21.2731   -21.5193   -21.6695     1.7746     2.5833     0.2462
182.319730  37.000597  19.5332  18.2217  17.6688  17.3397  17.1112    0.07800000   0.00019430  23381.593    58.249675   0.480146   2.744973   -1667.566 1   0.166390   0.082094   0.070730   0.003165  -0.057676   -18.2691   -19.4963   -20.0378   -20.2993   -20.4670     1.2272     1.7687     0.2615
183.295225  36.544524  19.1387  17.9421  17.4400  17.1259  16.9871    0.09130000   0.00009239  27378.007    27.697825   0.488766   2.794248    2328.848 1   0.164115   0.070345   0.073604  -0.009609  -0.081366   -19.0255   -20.1284   -20.6337   -20.8646   -20.9317     1.1028     1.6082     0.2309
183.270803  36.810632  18.4645  17.2287  16.6119  16.2202  15.9842    0.08790000   0.00016358  26339.885    49.040050   0.497543   2.844430    1290.726 1   0.229488   0.211715   0.118645   0.018031  -0.064756   -19.6613   -20.8793   -21.4030   -21.6941   -21.8473     1.2180     1.7418     0.2911
183.205171  36.909727  18.9224  17.7659  17.2966  16.9682  16.8005    0.07720000   0.00007214  23141.789    21.627028   0.497930   2.846638   -1907.370 1   0.176554   0.094650   0.087369  -0.027395  -0.096458   -18.8888   -19.9634   -20.4254   -20.6390   -20.7376     1.0746     1.5366     0.2136
183.172415  36.968119  19.2715  17.9768  17.3370  16.9669  16.7184    0.08770000   0.00020115  26302.801    60.303253   0.513392   2.935038    1253.642 1   0.233936   0.197967   0.112596   0.021010  -0.049263   -18.8749   -20.1337   -20.6881   -20.9666   -21.1448     1.2587     1.8132     0.2785
183.309168  36.483332  19.5421  17.6438  16.8033  16.4206  16.1267    0.08750000   0.00015647  26222.576    46.908526   0.513403   2.935099    1173.418 1   0.204053   0.157096   0.061339   0.033187   0.040349   -18.5457   -20.3970   -21.1418   -21.4963   -21.7974     1.8513     2.5961     0.3545
182.525881  37.123840  17.8044  16.5611  16.0057  15.6741  15.4998    0.08080000   0.00016116  24234.683    48.314553   0.515450   2.946799    -814.476 1   0.170517   0.086631   0.073186   0.001501  -0.061498   -20.1000   -21.2595   -21.8014   -22.0613   -22.1726     1.1594     1.7014     0.2599
182.683577  37.147888  17.9436  16.6994  16.1511  15.8393  15.6725    0.08130000   0.00015455  24368.630    46.332924   0.521421   2.980939    -680.529 0   0.126271   0.052720   0.052450   0.010681  -0.043167   -19.9300   -21.1007   -21.6487   -21.9188   -22.0317     1.1706     1.7187     0.2700
182.677157  37.153438  20.5635  18.1424  17.0619  16.5747  16.1724    0.08060000   0.00017673  24173.915    52.982321   0.527084   3.013311    -875.244 1   0.704890   0.565608   0.200876   0.120685   0.094675   -17.8487   -20.1305   -20.8463   -21.2533   -21.6296     2.2818     2.9976     0.4070
183.319041  36.792707  17.2868  16.1684  15.6478  15.2444  15.0768    0.08720000   0.00091792  26149.337   275.185493   0.527786   3.017327    1100.178 1   0.183915   0.182518   0.113652  -0.011522  -0.102410   -20.7971   -21.9141   -22.3659   -22.6441   -22.7208     1.1170     1.5687     0.2782
182.205511  36.255690  19.2438  17.4392  16.6049  16.2361  15.9373    0.08280000   0.00014883  24837.146    44.618112   0.540140   3.087954    -212.013 0   0.185777   0.144904   0.056526   0.031180   0.037878   -18.7292   -20.4929   -21.2388   -21.5823   -21.8878     1.7637     2.5096     0.3435
183.356978  36.465381  20.0297  18.3401  17.5487  17.1581  16.9019    0.08250000   0.00014194  24740.642    42.552541   0.555296   3.174598    -308.516 0   0.239546   0.177078   0.078498   0.035385   0.037887   -17.9891   -19.6163   -20.3091   -20.6566   -20.9153     1.6271     2.3200     0.3475
182.373605  36.130457  19.1289  17.2241  16.2972  15.9402  15.6363    0.08860000   0.00016707  26570.456    50.086326   0.559076   3.196207    1521.297 1   0.302098   0.231941   0.084161   0.054493   0.055887   -19.1079   -20.9426   -21.7217   -22.0490   -22.3543     1.8346     2.6138     0.3273
183.135560  37.071577  18.6868  17.2242  16.5802  16.2348  15.9733    0.08670000   0.00016275  25988.798    48.791223   0.568467   3.249898     939.640 1   0.144935   0.081366   0.054231   0.016556   0.005886   -19.3245   -20.7235   -21.3404   -21.6481   -21.8989     1.3990     2.0159     0.3077
181.983557  36.532368  19.8275  18.1611  17.2839  16.8403  16.5032    0.08230000   0.00015639  24677.116    46.884543   0.578550   3.307539    -372.042 0   0.422428   0.358014   0.146870   0.084943   0.054034   -18.3478   -19.9497   -20.6158   -20.9975   -21.3037     1.6020     2.2680     0.3817
182.715686  36.043040  19.0715  17.7676  17.1734  16.8102  16.6061    0.08260000   0.00008631  24757.371    25.875087   0.583745   3.337240    -291.788 0   0.197654   0.130708   0.089197   0.004122  -0.057473   -18.8869   -20.1239   -20.6766   -20.9547   -21.0972     1.2370     1.7896     0.2781
182.556295  37.200167  18.5906  16.9268  16.1111  15.7150  15.4180    0.07830000   0.00015825  23469.672    47.442156   0.584299   3.340407   -1579.487 1   0.262060   0.198107   0.086087   0.041055   0.040669   -19.3128   -20.9126   -21.6163   -21.9674   -22.2640     1.5998     2.3035     0.3511
183.429977  36.572464  18.7700  17.8786  17.6328  17.4045  17.3750    0.07690000   0.00007319  23061.775    21.941810   0.592452   3.387020   -1987.384 1   0.119971   0.015511   0.062161  -0.026006  -0.012518   -18.9761   -19.7630   -20.0555   -20.1956   -20.2386     0.7869     1.0794     0.1401
