173.213490  14.477904  21.7426  19.3536  18.5423  18.1758  17.8623    0.08330000   0.00021148  24965.667    63.400109   0.009390   0.052172     673.184 0   0.107230   0.095389   0.035433   0.023811   0.025970   -16.1650   -18.5421   -19.2935   -19.6483   -19.9640     2.3772     3.1285     0.3549
173.191767  14.477533  20.3115  18.3697  17.4653  17.0363  16.7066    0.07640000   0.00014978  22910.889    44.902914   0.012511   0.069510   -1381.594 0   0.370928   0.286712   0.103973   0.072151   0.063203   -17.6683   -19.5259   -20.2476   -20.6448   -20.9655     1.8576     2.5792     0.3972
173.213201  14.461189  17.5528  15.3648  14.3906  13.9723  13.6188    0.08110000   0.00020649  24325.760    61.904145   0.016025   0.089035      33.277 0   0.462540   0.364799   0.135337   0.094982   0.069152   -20.6306   -22.7208   -23.4655   -23.8435   -24.1712     2.0903     2.8350     0.3779
173.218153  14.492440  19.3473  17.4696  16.5687  16.1635  15.7988    0.08510000   0.00016995  25520.163    50.949728   0.022175   0.123209    1227.680 0   0.329888   0.253251   0.090926   0.061503   0.059631   -18.8268   -20.6279   -21.3664   -21.7422   -22.1050     1.8011     2.5396     0.3758
173.190898  14.454684  20.1829  18.2854  17.3502  16.9290  16.5836    0.08160000   0.00017478  24453.261    52.397726   0.023917   0.132886     160.779 0   0.415420   0.327119   0.121852   0.084335   0.064959   -17.9667   -19.7759   -20.5059   -20.8895   -21.2156     1.8092     2.5391     0.3837
173.230390  14.472498  18.6598  16.7927  15.8397  15.4425  15.1133    0.08660000   0.00016297  25950.275    48.857177   0.025302   0.140580    1657.792 0   0.388630   0.301360   0.109647   0.076783   0.064511   -19.5927   -21.3725   -22.1338   -22.4981   -22.8150     1.7798     2.5411     0.3643
173.179293  14.464731  19.4344  17.4600  16.4940  16.0518  15.6697    0.08190000   0.00019232  24551.713    57.656086   0.026253   0.145868     259.231 0   0.509322   0.404046   0.150332   0.103654   0.072828   -18.8383   -20.7074   -21.4197   -21.8153   -22.1665     1.8691     2.5814     0.3955
173.232878  14.492116  19.4895  17.6095  16.7043  16.3066  15.9632    0.08880000   0.00016373  26614.225    49.085019   0.032627   0.181278    2321.743 1   0.344703   0.266131   0.097109   0.065465   0.060343   -18.7737   -20.5751   -21.3113   -21.6774   -22.0156     1.8014     2.5376     0.3661
173.175730  14.507329  19.5987  17.5287  16.6039  16.1771  15.7813    0.08060000   0.00017365  24150.531    52.058960   0.042788   0.237736    -141.952 0   0.421872   0.330702   0.122098   0.085632   0.066178   -18.5305   -20.5093   -21.2255   -21.6159   -21.9922     1.9788     2.6950     0.3903
173.209545  14.519158  17.8795  15.9061  14.9436  14.5267  14.1647    0.08160000   0.00021470  24467.771    64.365441   0.044705   0.248387     175.289 0   0.433097   0.339412   0.125089   0.088243   0.067240   -20.2878   -22.1675   -22.9157   -23.2958   -23.6368     1.8797     2.6279     0.3801
173.219095  14.518149  20.2179  18.2687  17.3743  17.0106  16.7055    0.07700000   0.00015568  23073.257    46.671690   0.045698   0.253901   -1219.226 0   0.268242   0.205751   0.076943   0.045990   0.050363   -17.6581   -19.5448   -20.3104   -20.6431   -20.9526     1.8867     2.6523     0.3327
173.202672  14.523800  20.3581  18.6014  17.7255  17.3559  17.0353    0.08110000   0.00015332  24304.924    45.964180   0.049091   0.272755      12.441 0   0.308017   0.240048   0.096729   0.055362   0.050141   -17.6707   -19.3595   -20.0920   -20.4203   -20.7357     1.6887     2.4213     0.3282
173.227483  14.417587  19.2094  17.4222  16.4802  16.0746  15.7194    0.08380000   0.00015071  25111.875    45.181721   0.061378   0.341024     819.393 0   0.430847   0.349283   0.135504   0.088681   0.062488   -19.0136   -20.7193   -21.4475   -21.8063   -22.1353     1.7056     2.4339     0.3588
173.161202  14.526111  19.9905  18.1275  17.2487  16.8552  16.5483    0.08030000   0.00014850  24072.675    44.519180   0.066225   0.367957    -219.808 0   0.283564   0.217626   0.080417   0.049739   0.052811   -17.9923   -19.7893   -20.5309   -20.8937   -21.2037     1.7971     2.5387     0.3628
173.225747  14.406732  19.6204  17.8286  16.8880  16.5148  16.1900    0.08190000   0.00014675  24538.792    43.994543   0.071087   0.394967     246.309 0   0.367999   0.289634   0.109990   0.072432   0.059639   -18.5110   -20.2244   -20.9854   -21.3210   -21.6330     1.7134     2.4744     0.3356
173.149247  14.427082  20.5069  18.4694  17.5514  17.1461  16.7836    0.08350000   0.00015943  25032.041    47.795912   0.071545   0.397515     739.558 0   0.353266   0.272344   0.098556   0.067571   0.061664   -17.6307   -19.5873   -20.3315   -20.7059   -21.0624     1.9566     2.7008     0.3743
173.137867  14.437759  18.6282  17.1255  16.6625  16.5044  16.3338    0.07400000   0.00016678  22196.334    49.999386   0.074246   0.412521   -2096.149 0   0.063111   0.015818   0.020305   0.004751  -0.028822   -18.9772   -20.4326   -20.9001   -21.0427   -21.1797     1.4554     1.9229     0.1425
173.256039  14.534470  19.0237  17.1509  16.2251  15.8264  15.4823    0.08520000   0.00018260  25538.750    54.742103   0.077923   0.432950    1246.267 0   0.363240   0.280421   0.101597   0.070144   0.062571   -19.1679   -20.9578   -21.7048   -22.0721   -22.4086     1.7900     2.5370     0.3672
173.133176  14.426267  19.3088  17.6488  16.8080  16.4440  16.1525    0.07370000   0.00013978  22092.756    41.904990   0.084262   0.468168   -2199.727 0   0.295700   0.231630   0.101282   0.050771   0.040950   -18.5204   -20.1163   -20.8268   -21.1402   -21.4219     1.5959     2.3064     0.3135
173.152346  14.401356  19.8118  17.8734  16.9679  16.5702  16.2714    0.08530000   0.00017481  25573.586    52.406720   0.089001   0.494499    1281.103 0   0.301711   0.231510   0.083313   0.054430   0.056189   -18.3208   -20.1890   -20.9463   -21.3151   -21.6156     1.8682     2.6255     0.3688
173.258028  14.399195  18.7183  17.3143  16.7748  16.5723  16.3294    0.08560000   0.00015320  25653.421    45.928205   0.091687   0.509427    1360.938 0   0.072919   0.025304   0.023429   0.009366  -0.028663   -19.2116   -20.5680   -21.1056   -21.2941   -21.4989     1.3564     1.8940     0.1884
173.195951  14.568020  19.5406  18.1745  17.6385  17.3653  17.2326    0.07970000   0.00010060  23907.639    30.159121   0.093638   0.520267    -384.844 0   0.074706   0.026739   0.024120   0.009693  -0.027401   -18.2353   -19.5534   -20.0868   -20.3456   -20.4412     1.3181     1.8515     0.2588
173.139963  14.404244  18.7534  17.8655  17.6016  17.4032  17.3494    0.08030000   0.00009170  24082.148    27.490968   0.094113   0.522903    -210.334 0   0.113862   0.014191   0.057499  -0.023187  -0.010847   -19.0597   -19.8479   -20.1551   -20.2728   -20.3390     0.7882     1.0954     0.1177
173.295242  14.509146  20.0639  18.3203  17.4396  17.0647  16.7847    0.08370000   0.00016121  25095.657    48.329542   0.094485   0.524973     803.174 0   0.312463   0.244244   0.098506   0.056717   0.050385   -18.0593   -19.7347   -20.4697   -20.8028   -21.0765     1.6754     2.4103     0.3331
173.268653  14.398206  19.2863  17.4536  16.5613  16.1909  15.8326    0.07500000   0.00017914  22486.233    53.704821   0.098651   0.548117   -1806.250 0   0.301845   0.232171   0.086433   0.054255   0.054679   -18.5871   -20.3502   -21.0967   -21.4349   -21.7937     1.7630     2.5096     0.3382
173.231367  14.378357  18.8193  17.3151  16.6824  16.3954  16.0544    0.07710000   0.00014111  23112.739    42.303714   0.099863   0.554854   -1179.743 0   0.001407   0.000740   0.000303   0.000210   0.000175   -18.7927   -20.2962   -20.9285   -21.2154   -21.5563     1.5035     2.1358     0.2869
173.180102  14.365056  19.7663  17.8124  16.9040  16.4883  16.1160    0.08030000   0.00019189  24060.383    57.527175   0.112167   0.623216    -232.099 0   0.359969   0.277774   0.100601   0.069302   0.062275   -18.2929   -20.1646   -20.8958   -21.2802   -21.6455     1.8717     2.6029     0.3844
173.156002  14.584346  19.7444  17.8459  16.9997  16.6306  16.3277    0.08100000   0.00014968  24282.470    44.872935   0.119192   0.662247     -10.013 0   0.161909   0.132142   0.049675   0.029705   0.035277   -18.1568   -20.0256   -20.7893   -21.1384   -21.4469     1.8687     2.6325     0.3491
173.208976  14.597917  21.8703  20.2640  19.4798  19.0929  18.8664    0.08090000   0.00027320  24256.747    81.903300   0.123262   0.684857     -35.735 0   0.243931   0.179660   0.084348   0.034188   0.032556   -16.1103   -17.6523   -18.3412   -18.6779   -18.9028     1.5420     2.2309     0.3367
173.176120  14.595809  18.5210  16.7276  15.8543  15.4905  15.1327    0.07980000   0.00017755  23931.563    53.228151   0.124123   0.689641    -360.920 0   0.199562   0.158957   0.058112   0.034408   0.041625   -19.3642   -21.1169   -21.8894   -22.2295   -22.5945     1.7528     2.5252     0.3401
173.159707  14.603166  20.0871  18.2696  17.4147  17.0519  16.7318    0.07980000   0.00015526  23911.626    46.545777   0.135513   0.752929    -380.856 0   0.170415   0.138844   0.051474   0.030880   0.036908   -17.7689   -19.5548   -20.3224   -20.6646   -20.9907     1.7859     2.5535     0.3422
173.245496  14.606805  18.0104  16.1910  15.2664  14.8714  14.5311    0.07960000   0.00019025  23872.174    57.035515   0.137945   0.766438    -420.309 0   0.376916   0.296789   0.112178   0.074747   0.060723   -20.0678   -21.8071   -22.5471   -22.9047   -23.2309     1.7393     2.4793     0.3576
173.066298  14.511306  19.2412  17.2700  16.3344  15.9476  15.5945    0.08240000   0.00018155  24690.667    54.427321   0.138593   0.770039     398.184 0   0.355634   0.274509   0.099633   0.068229   0.061725   -18.8699   -20.7600   -21.5207   -21.8761   -22.2227     1.8901     2.6508     0.3554
173.187977  14.336247  19.8028  17.8441  16.9006  16.5086  16.1987    0.07840000   0.00017207  23500.341    51.585288   0.139394   0.774493    -792.142 0   0.367034   0.283732   0.103040   0.071178   0.062768   -18.2324   -20.1078   -20.8707   -21.2308   -21.5323     1.8754     2.6382     0.3601
173.130371  14.594952  19.5232  17.7734  16.9353  16.5986  16.2566    0.07770000   0.00015494  23283.651    46.449843   0.139944   0.777549   -1008.832 0   0.094099   0.084332   0.031626   0.021719   0.023045   -18.2196   -19.9596   -20.7450   -21.0718   -21.4151     1.7400     2.5254     0.3268
173.198879  14.615168  20.2646  18.4306  17.5412  17.1715  16.8866    0.08140000   0.00015574  24388.746    46.689677   0.140532   0.780815      96.263 0   0.289410   0.222439   0.085331   0.050784   0.051710   -17.7749   -19.5419   -20.2942   -20.6293   -20.9152     1.7670     2.5193     0.3352
173.334135  14.395359  19.9087  18.1204  17.2589  16.8966  16.5767    0.08130000   0.00013685  24379.722    41.026598   0.148626   0.825786      87.240 0   0.273655   0.209155   0.083559   0.046103   0.047727   -18.1123   -19.8361   -20.5720   -20.8969   -21.2184     1.7238     2.4597     0.3248
173.060454  14.418722  19.0409  17.0459  16.1297  15.6667  15.3379    0.08260000   0.00018911  24762.767    56.693752   0.150176   0.834399     470.284 0   0.410609   0.321054   0.118227   0.082790   0.065448   -19.1305   -21.0359   -21.7493   -22.1769   -22.4883     1.9054     2.6188     0.4276
173.196156  14.323271  19.7660  18.0444  17.1548  16.7282  16.4014    0.07890000   0.00017253  23641.783    51.723193   0.151673   0.842714    -650.700 0   0.417335   0.351971   0.144351   0.084055   0.053914   -18.3122   -19.9684   -20.6504   -21.0167   -21.3134     1.6562     2.3382     0.3663
173.355157  14.527314  19.8823  17.9370  17.0632  16.6888  16.3453    0.07760000   0.00015552  23251.393    46.623723   0.155188   0.862245   -1041.089 0   0.235857   0.183292   0.066790   0.039699   0.046920   -17.9782   -19.8709   -20.6282   -20.9755   -21.3263     1.8927     2.6500     0.3473
173.262007  14.329184  18.7651  16.8709  15.9542  15.5679  15.2216    0.07820000   0.00016535  23455.342    49.570683   0.155887   0.866129    -837.140 0   0.345188   0.265758   0.096039   0.065467   0.060942   -19.2215   -21.0363   -21.7833   -22.1390   -22.4808     1.8148     2.5618     0.3557
173.339126  14.388237  19.9626  18.2589  17.4169  17.0457  16.7723    0.08130000   0.00014793  24371.838    44.348298   0.156554   0.869834      79.355 0   0.280089   0.215075   0.090768   0.046559   0.044246   -18.0649   -19.7035   -20.4212   -20.7482   -21.0193     1.6387     2.3564     0.3270
173.340659  14.370564  18.7260  16.7321  15.7737  15.3626  14.9888    0.07950000   0.00022046  23834.999    66.092245   0.168132   0.934166    -457.483 0   0.433567   0.340677   0.126065   0.088499   0.066963   -19.4061   -21.3072   -22.0509   -22.4245   -22.7767     1.9010     2.6448     0.3735
173.035381  14.517593  19.4053  17.6376  16.8151  16.4121  16.0771    0.07540000   0.00018552  22614.814    55.617497   0.169136   0.939742   -1677.669 0   0.167233   0.137310   0.050565   0.030706   0.036581   -18.3209   -20.0586   -20.7944   -21.1775   -21.5184     1.7378     2.4735     0.3831
173.241437  14.307100  20.2238  18.3516  17.4750  17.0832  16.7659    0.08100000   0.00015188  24290.144    45.532479   0.171437   0.952526      -2.338 0   0.289702   0.222490   0.082555   0.051247   0.053380   -17.8052   -19.6102   -20.3469   -20.7074   -21.0268     1.8050     2.5417     0.3605
173.105220  14.620210  18.5787  16.6844  15.7478  15.3405  14.9684    0.08200000   0.00020135  24569.881    60.363211   0.174292   0.968389     277.398 0   0.422389   0.332263   0.123378   0.085934   0.065780   -19.5886   -21.3927   -22.1204   -22.4903   -22.8423     1.8042     2.5319     0.3699
173.244263  14.301528  19.0971  18.0851  17.7062  17.4488  17.3615    0.08300000   0.00008570  24892.697    25.692214   0.177465   0.986017     600.214 0   0.137438   0.027920   0.069667  -0.024369  -0.039856   -18.8116   -19.7141   -20.1348   -20.2981   -20.3699     0.9025     1.3231     0.1634
173.079171  14.607591  19.7432  17.8999  17.0216  16.6494  16.3222    0.07680000   0.00015756  23023.671    47.235300   0.179844   0.999236   -1268.812 0   0.284307   0.218225   0.083319   0.049563   0.051377   -18.1402   -19.9174   -20.6608   -20.9992   -21.3283     1.7772     2.5206     0.3384
173.366873  14.561941  20.1287  18.3854  17.5523  17.2200  16.9189    0.08310000   0.00014195  24909.486    42.555539   0.179902   0.999560     617.003 0   0.129442   0.104468   0.042046   0.024850   0.028441   -17.7719   -19.4902   -20.2609   -20.5760   -20.8807     1.7183     2.4890     0.3151
173.009096  14.459323  18.7464  16.8381  15.9431  15.5011  15.1652    0.07760000   0.00018554  23274.717    55.623493   0.189694   1.053963   -1017.765 0   0.373011   0.288537   0.104766   0.072721   0.063304   -19.2513   -21.0751   -21.7863   -22.1963   -22.5228     1.8238     2.5351     0.4100
173.092440  14.632827  19.1895  17.4900  16.5910  16.2085  15.8648    0.08100000   0.00017532  24270.538    52.559614   0.191667   1.064926     -21.945 0   0.364989   0.290607   0.113789   0.072019   0.056732   -18.9148   -20.5399   -21.2621   -21.6028   -21.9312     1.6251     2.3473     0.3407
173.394341  14.378191  18.9615  17.2973  16.4874  16.0928  15.7713    0.08430000   0.00013491  25273.883    40.445001   0.207746   1.154265     981.401 0   0.250531   0.188914   0.077973   0.039857   0.043509   -19.0942   -20.6968   -21.3957   -21.7522   -22.0774     1.6026     2.3015     0.3565
172.994451  14.426870  19.4947  17.6602  16.7982  16.3796  16.0623    0.08190000   0.00016888  24551.623    50.628950   0.208807   1.160159     259.141 0   0.254400   0.196618   0.071069   0.043503   0.049773   -18.5231   -20.2998   -21.0363   -21.4273   -21.7509     1.7767     2.5132     0.3910
173.181947  14.263572  19.5702  17.7551  16.8702  16.4984  16.2157    0.08250000   0.00015326  24736.955    45.946192   0.212276   1.179433     444.472 0   0.298316   0.230251   0.089723   0.052940   0.051729   -18.5074   -20.2545   -20.9988   -21.3338   -21.6153     1.7470     2.4914     0.3350
173.428358  14.427307  18.9010  17.0775  16.2283  15.8434  15.5367    0.07910000   0.00015744  23717.121    47.199325   0.222013   1.233531    -575.362 0   0.237519   0.182128   0.069449   0.039080   0.045608   -19.0241   -20.7922   -21.5287   -21.8833   -22.1965     1.7681     2.5046     0.3545
173.302587  14.680319  19.8013  17.9026  16.9714  16.5759  16.2472    0.08610000   0.00016204  25823.583    48.578370   0.226517   1.258558    1531.100 0   0.362004   0.279725   0.101639   0.069886   0.062278   -18.4119   -20.2283   -20.9814   -21.3452   -21.6663     1.8164     2.5695     0.3637
173.412717  14.365363  17.6486  16.7300  16.4548  16.2254  16.1305    0.07150000   0.00008406  21424.998    25.200554   0.229483   1.275039   -2867.485 1   0.119650   0.015420   0.061927  -0.025895  -0.012364   -19.9140   -20.7284   -21.0501   -21.1917   -21.3001     0.8144     1.1361     0.1416
173.441792  14.497980  19.4736  18.0230  17.3245  16.9723  16.8417    0.08120000   0.00011255  24356.818    33.741641   0.231067   1.283836      64.335 0   0.182625   0.112427   0.067836   0.017750   0.008970   -18.4297   -19.8101   -20.4640   -20.7661   -20.8879     1.3804     2.0343     0.3021
173.194072  14.243049  19.7827  17.9028  16.9587  16.5687  16.2181    0.08160000   0.00016260  24458.598    48.746254   0.231901   1.288471     166.115 0   0.395870   0.308914   0.113677   0.079006   0.064311   -18.3474   -20.1403   -20.8892   -21.2445   -21.5804     1.7929     2.5418     0.3553
172.955325  14.483084  19.4486  17.7755  16.9062  16.5782  16.2936    0.08190000   0.00014226  24567.542    42.648475   0.241276   1.340559     275.060 0   0.261061   0.197362   0.084208   0.041365   0.042137   -18.5759   -20.1853   -20.9414   -21.2266   -21.5119     1.6094     2.3655     0.2852
173.435617  14.565339  19.2726  17.4623  16.5123  16.0922  15.7331    0.08030000   0.00016716  24063.351    50.113307   0.241552   1.342092    -229.131 0   0.446528   0.356626   0.134848   0.091947   0.066231   -18.8731   -20.5935   -21.3218   -21.6990   -22.0323     1.7204     2.4486     0.3772
173.099384  14.702917  18.8506  16.9378  16.0069  15.5775  15.2077    0.08170000   0.00016294  24491.245    48.848183   0.249796   1.387899     198.762 0   0.403652   0.314989   0.115718   0.080937   0.065069   -19.2871   -21.1113   -21.8429   -22.2375   -22.5914     1.8241     2.5558     0.3946
173.358008  14.271902  17.8672  16.4032  15.6097  15.2150  14.9609    0.07920000   0.00003055  23756.544     9.158660   0.251543   1.397607    -535.939 0   0.322569   0.285935   0.135268   0.053675   0.010823   -20.1457   -21.5731   -22.2159   -22.5290   -22.7403     1.4274     2.0702     0.3131
173.467003  14.544889  19.6414  17.8466  16.9057  16.4840  16.1245    0.07970000   0.00017469  23891.690    52.370744   0.263804   1.465731    -400.793 0   0.448335   0.363085   0.139736   0.092398   0.064698   -18.5081   -20.2177   -20.9352   -21.3096   -21.6414     1.7096     2.4271     0.3744
173.021034  14.674489  19.2734  17.5926  16.7434  16.3945  16.0800    0.07750000   0.00015561  23238.892    46.650704   0.267227   1.484746   -1053.591 0   0.268763   0.204487   0.086527   0.043481   0.043310   -18.6384   -20.2549   -20.9862   -21.2920   -21.6064     1.6165     2.3478     0.3059
173.388990  14.684008  18.9090  17.1116  16.1931  15.7907  15.4746    0.07950000   0.00016881  23830.712    50.607965   0.275232   1.529226    -461.770 0   0.365402   0.287531   0.109339   0.071740   0.059326   -19.1550   -20.8745   -21.6148   -21.9796   -22.2833     1.7195     2.4598     0.3648
173.457509  14.601704  19.8983  18.0813  17.1467  16.7194  16.2857    0.08630000   0.00017231  25862.256    51.657238   0.276045   1.533744    1569.773 0   0.444426   0.356387   0.135573   0.091579   0.065508   -18.4236   -20.1525   -20.8663   -21.2496   -21.6572     1.7290     2.4427     0.3833
173.477446  14.393908  18.4461  16.6229  15.7095  15.2750  14.9402    0.08140000   0.00015560  24394.862    46.647706   0.276495   1.536241     102.379 0   0.405812   0.324519   0.124599   0.082598   0.061595   -19.7098   -21.4517   -22.1651   -22.5576   -22.8714     1.7419     2.4554     0.3925
173.458866  14.601504  19.2894  18.1186  17.4961  17.0897  17.2837    0.08690000   0.00008870  26040.543    26.591591   0.277121   1.539721    1748.060 1   0.164509   0.293926   0.143399  -0.003992  -0.091644   -18.7676   -20.0678   -20.5398   -20.7988   -20.5172     1.3002     1.7722     0.2590
173.197929  14.195499  19.4520  17.7300  16.8434  16.4233  16.1106    0.08370000   0.00014851  25081.626    44.522178   0.279306   1.551861     789.144 0   0.397245   0.329590   0.135041   0.080076   0.053229   -18.7560   -20.4104   -21.1024   -21.4675   -21.7534     1.6543     2.3464     0.3651
172.986264  14.662585  19.7313  17.9282  17.0233  16.6605  16.3580    0.08360000   0.00015490  25067.236    46.437852   0.282634   1.570349     774.754 0   0.309302   0.239521   0.092484   0.056026   0.053394   -18.3622   -20.0956   -20.8534   -21.1798   -21.4796     1.7333     2.4912     0.3263
173.397121  14.705261  19.5839  17.6998  16.7716  16.3413  15.9862    0.07950000   0.00018160  23828.734    54.442310   0.296609   1.647996    -463.749 0   0.432091   0.343703   0.129637   0.088678   0.065270   -18.5468   -20.3425   -21.0566   -21.4460   -21.7777     1.7957     2.5098     0.3893
173.490056  14.367608  19.3220  17.4448  16.5082  16.0734  15.7100    0.08020000   0.00016784  24045.514    50.317166   0.296645   1.648200    -246.969 0   0.461444   0.369477   0.139736   0.095077   0.067431   -18.8543   -20.6395   -21.3464   -21.7365   -22.0723     1.7852     2.4921     0.3901
173.376423  14.229070  19.2285  17.6341  16.7520  16.3124  15.9350    0.07090000   0.00016431  21265.658    49.258899   0.296829   1.649222   -3026.825 1   0.438155   0.380714   0.156711   0.087414   0.053389   -18.6587   -20.1957   -20.8538   -21.2241   -21.5674     1.5370     2.1951     0.3703
172.974293  14.676775  20.0118  18.0795  17.1433  16.7578  16.4006    0.08180000   0.00014100  24511.031    42.270737   0.300739   1.670945     218.549 0   0.354686   0.273876   0.099544   0.068009   0.061550   -18.1036   -19.9551   -20.7170   -21.0709   -21.4217     1.8515     2.6134     0.3540
173.215778  14.781797  19.0458  17.1346  16.2395  15.8451  15.5333    0.07840000   0.00016098  23510.594    48.260590   0.307260   1.707176    -781.889 0   0.295351   0.226615   0.081182   0.052872   0.055573   -18.9178   -20.7602   -21.5099   -21.8760   -22.1905     1.8425     2.5921     0.3661
173.041149  14.209097  19.2898  17.7390  16.9335  16.5365  16.2264    0.07790000   0.00014781  23349.755    44.312323   0.309092   1.717355    -942.727 0   0.320177   0.263484   0.120548   0.056565   0.031218   -18.6634   -20.1575   -20.8201   -21.1531   -21.4379     1.4941     2.1567     0.3330
173.493932  14.612855  19.6878  17.8817  16.9443  16.5582  16.2530    0.08440000   0.00015739  25316.664    47.184335   0.312553   1.736583    1024.181 0   0.371101   0.288473   0.106069   0.072544   0.062297   -18.4910   -20.2145   -20.9695   -21.3221   -21.6170     1.7235     2.4785     0.3526
172.881858  14.423815  19.6758  17.9287  17.0778  16.6908  16.3982    0.07710000   0.00015390  23114.628    46.138059   0.316390   1.757906   -1177.855 0   0.294370   0.227337   0.090857   0.051543   0.049662   -18.2291   -19.9092   -20.6236   -20.9713   -21.2620     1.6801     2.3945     0.3477
172.895949  14.582612  19.3555  17.5849  16.6761  16.3003  15.9622    0.08260000   0.00017033  24772.930    51.063649   0.317510   1.764125     480.447 0   0.346272   0.273981   0.107883   0.066773   0.054900   -18.7515   -20.4498   -21.1925   -21.5272   -21.8535     1.6983     2.4410     0.3347
173.323438  14.787007  17.9133  16.0379  15.2106  14.8424  14.5541    0.08110000   0.00016069  24323.002    48.173650   0.332877   1.849505      30.519 0   0.141152   0.115171   0.044969   0.026797   0.031108   -19.9487   -21.7981   -22.5552   -22.9052   -23.1978     1.8494     2.6065     0.3500
173.294796  14.153454  19.2651  17.4483  16.5672  16.1970  15.9009    0.08130000   0.00014607  24365.422    43.790684   0.333001   1.850196      72.940 0   0.298830   0.230828   0.090410   0.053028   0.051450   -18.7811   -20.5299   -21.2706   -21.6034   -21.8979     1.7488     2.4895     0.3328
173.533954  14.375265  20.2146  18.2922  17.4241  17.0444  16.7595    0.08290000   0.00015517  24852.705    46.518796   0.334274   1.857270     560.222 0   0.263974   0.202341   0.076144   0.044903   0.049561   -17.8180   -19.6788   -20.4207   -20.7692   -21.0587     1.8608     2.6027     0.3485
173.550277  14.461813  19.1309  17.2370  16.3523  15.9302  15.6064    0.07860000   0.00016414  23556.402    49.207934   0.335185   1.862332    -736.080 0   0.313651   0.240630   0.086620   0.057373   0.057653   -18.8565   -20.6774   -21.4081   -21.8009   -22.1250     1.8209     2.5516     0.3929
173.144341  14.808089  20.0780  18.1331  17.2621  16.8925  16.5485    0.08330000   0.00015138  24980.416    45.382582   0.338381   1.880087     687.934 0   0.199361   0.158334   0.058268   0.034219   0.041414   -17.9217   -19.8256   -20.5965   -20.9420   -21.2932     1.9039     2.6748     0.3456
172.870913  14.576614  18.2644  16.5538  15.6826  15.3262  15.0177    0.08120000   0.00015305  24343.178    45.883236   0.338556   1.881063      50.695 0   0.308329   0.241017   0.098563   0.055384   0.048860   -19.7646   -21.4079   -22.1366   -22.4499   -22.7518     1.6433     2.3720     0.3132
173.520112  14.308652  18.6378  16.6987  15.7627  15.3213  14.9348    0.08060000   0.00017283  24160.604    51.813131   0.347928   1.933133    -131.879 0   0.460265   0.366898   0.138034   0.094849   0.067784   -19.5298   -21.3755   -22.0827   -22.4809   -22.8403     1.8457     2.5529     0.3982
173.503109  14.693308  19.5589  17.7571  16.8499  16.4569  16.1475    0.07780000   0.00015872  23325.352    47.583059   0.362558   2.014418    -967.130 0   0.334461   0.260222   0.098436   0.063042   0.057115   -18.4241   -20.1517   -20.8971   -21.2547   -21.5581     1.7276     2.4730     0.3576
173.483132  14.227673  19.2805  17.4118  16.5199  16.1394  15.8479    0.08260000   0.00015290  24767.744    45.838267   0.365921   2.033105     475.261 0   0.311020   0.240108   0.090427   0.056634   0.055067   -18.7913   -20.5891   -21.3313   -21.6780   -21.9679     1.7978     2.5400     0.3467
173.464248  14.208729  19.4895  17.8136  16.9597  16.5546  16.2099    0.08060000   0.00015573  24164.441    46.686679   0.366171   2.034492    -128.041 0   0.343306   0.276745   0.115262   0.065816   0.048548   -18.5611   -20.1705   -20.8629   -21.2186   -21.5460     1.6093     2.3018     0.3557
173.273149  14.105311  20.3122  18.4874  17.5632  17.1883  16.9462    0.07320000   0.00016673  21934.645    49.984397   0.375381   2.085665   -2357.838 1   0.325252   0.252205   0.095246   0.060458   0.056369   -17.5105   -19.2622   -20.0294   -20.3696   -20.6076     1.7518     2.5190     0.3401
173.190499  14.096228  19.1678  17.1423  16.2178  15.7984  15.4486    0.07950000   0.00019058  23823.487    57.134447   0.378746   2.104362    -468.995 0   0.403040   0.313521   0.114505   0.080569   0.065448   -18.9338   -20.8698   -21.5953   -21.9807   -22.3154     1.9360     2.6615     0.3855
173.327019  14.110658  19.5564  17.8638  16.9441  16.5231  16.1659    0.07840000   0.00015542  23493.446    46.593744   0.382959   2.127772    -799.037 0   0.432932   0.358309   0.142539   0.088621   0.059643   -18.5447   -20.1627   -20.8666   -21.2337   -21.5620     1.6180     2.3219     0.3671
173.539772  14.681325  18.7631  17.5983  16.9095  16.5027  16.2779    0.08040000   0.00008393  24105.802    25.161581   0.384904   2.138576    -186.681 0   0.247898   0.296461   0.145694   0.031575  -0.059880   -19.2079   -20.4213   -20.9593   -21.2520   -21.3853     1.2134     1.7514     0.2927
173.535469  14.720175  18.3168  16.7799  16.0469  15.6461  15.3793    0.07730000   0.00009941  23163.075    29.802368   0.403761   2.243348   -1129.408 0   0.256664   0.193771   0.095809   0.035099   0.023064   -19.5743   -21.0483   -21.6834   -22.0235   -22.2782     1.4740     2.1090     0.3401
173.478219  14.157156  19.1108  17.2368  16.3256  15.9286  15.5989    0.08200000   0.00015946  24585.110    47.804905   0.413726   2.298715     292.627 0   0.345566   0.267177   0.097910   0.065746   0.060174   -18.9796   -20.7752   -21.5172   -21.8820   -22.2061     1.7956     2.5375     0.3648
173.587973  14.292179  20.1792  18.3425  17.3952  16.9559  16.6191    0.08200000   0.00015084  24570.960    45.220694   0.413873   2.299534     278.477 0   0.477414   0.393753   0.152894   0.097412   0.066015   -18.0431   -19.7961   -20.5026   -20.8864   -21.1918     1.7530     2.4595     0.3838
173.511080  14.177231  19.6747  17.7428  16.8246  16.4306  16.0934    0.08110000   0.00014575  24298.508    43.694751   0.420367   2.335612       6.026 0   0.343113   0.263867   0.095072   0.064892   0.060898   -18.3892   -20.2419   -20.9913   -21.3551   -21.6883     1.8527     2.6021     0.3638
173.582215  14.247923  20.2163  18.3960  17.4822  17.1000  16.8146    0.08160000   0.00014829  24471.489    44.456224   0.430462   2.391704     179.006 0   0.330885   0.257214   0.097397   0.062049   0.056718   -17.8488   -19.5954   -20.3494   -20.6963   -20.9763     1.7466     2.5006     0.3469
173.125601  14.051042  20.3376  18.4512  17.5748  17.1878  16.8561    0.08210000   0.00013992  24621.445    41.946961   0.430502   2.391924     328.962 0   0.279129   0.214151   0.079487   0.048609   0.052067   -17.6890   -19.5105   -20.2522   -20.6083   -20.9435     1.8214     2.5632     0.3561
172.777717  14.631816  20.1814  18.4415  17.6518  17.3277  17.0465    0.07850000   0.00013656  23538.355    40.939658   0.441959   2.455579    -754.128 0   0.091955   0.071322   0.030161   0.018567   0.019994   -17.5603   -19.2796   -20.0282   -20.3407   -20.6233     1.7193     2.4678     0.3125
172.752603  14.402578  20.2413  18.3509  17.4739  17.0795  16.7622    0.08400000   0.00015526  25188.442    46.545777   0.443330   2.463197     895.960 0   0.252208   0.195129   0.070465   0.043090   0.049500   -17.8295   -19.6628   -20.4151   -20.7822   -21.1059     1.8333     2.5857     0.3670
173.295701  14.039735  18.5560  16.7526  15.8907  15.5043  15.1681    0.08000000   0.00015711  23984.356    47.100393   0.443901   2.466370    -308.127 0   0.223119   0.174783   0.063658   0.037741   0.045133   -19.3794   -21.1344   -21.8852   -22.2457   -22.5893     1.7551     2.5058     0.3605
172.800524  14.687465  19.0966  17.2843  16.4495  16.0765  15.7633    0.08000000   0.00015718  23979.260    47.121379   0.445139   2.473251    -313.223 0   0.139075   0.118196   0.043772   0.027692   0.031889   -18.7547   -20.5461   -21.3065   -21.6634   -21.9808     1.7914     2.5518     0.3569
173.077680  14.044713  19.7102  18.0589  17.2764  16.9120  16.5983    0.07920000   0.00014620  23752.766    43.829657   0.447175   2.484562    -539.716 0   0.094800   0.076682   0.031356   0.019808   0.021355   -18.0749   -19.7081   -20.4453   -20.7981   -21.1134     1.6332     2.3704     0.3529
173.194939  14.027610  18.8775  17.1146  16.2214  15.7849  15.4104    0.07960000   0.00017324  23858.863    51.936045   0.447219   2.484809    -433.620 0   0.427140   0.351550   0.139381   0.087519   0.059703   -19.2510   -20.9383   -21.6193   -22.0039   -22.3506     1.6873     2.3683     0.3846
173.518647  14.133186  18.5485  16.7374  15.8273  15.4120  15.0847    0.08090000   0.00015573  24246.495    46.686679   0.457450   2.541654     -45.988 0   0.398594   0.322850   0.127304   0.081007   0.058341   -19.5867   -21.3221   -22.0366   -22.4056   -22.7103     1.7354     2.4499     0.3690
173.072266  14.914177  18.8902  17.0261  16.1201  15.7069  15.3927    0.08230000   0.00017295  24669.891    51.849106   0.457676   2.542908     377.409 0   0.355607   0.277506   0.103970   0.068766   0.059663   -19.2182   -21.0042   -21.7367   -22.1147   -22.4198     1.7860     2.5185     0.3780
173.541070  14.141637  20.2998  18.4040  17.4870  17.0380  16.6838    0.07990000   0.00015272  23961.122    45.784304   0.466095   2.589686    -331.361 0   0.455753   0.374693   0.146304   0.093567   0.063675   -17.8443   -19.6590   -20.3476   -20.7439   -21.0682     1.8147     2.5034     0.3963
173.086949  14.928604  20.1666  18.1698  17.3261  16.9272  16.6475    0.08030000   0.00015957  24074.204    47.837883   0.467890   2.599655    -218.279 0   0.201346   0.159020   0.059010   0.034243   0.041470   -17.7340   -19.6884   -20.4321   -20.8063   -21.0932     1.9545     2.6982     0.3741
173.687665  14.481479  19.5873  18.0695  17.2234  16.8275  16.5296    0.08250000   0.00013585  24737.884    40.726805   0.468012   2.600335     445.402 0   0.362374   0.318090   0.142109   0.066796   0.030547   -18.5544   -20.0279   -20.6980   -21.0186   -21.2802     1.4735     2.1436     0.3206
172.758610  14.658450  19.3968  17.6994  16.8291  16.4499  16.1868    0.08400000   0.00015713  25188.592    47.106389   0.469074   2.606238     896.110 0   0.302426   0.235673   0.097010   0.053502   0.047884   -18.7242   -20.3548   -21.0865   -21.4222   -21.6796     1.6306     2.3623     0.3357
173.189346  14.004471  18.9522  17.1315  16.3419  15.9866  15.6781    0.08200000   0.00014136  24590.506    42.378662   0.470490   2.614101     298.024 0   0.090010   0.076763   0.030041   0.020027   0.021209   -18.8827   -20.6901   -21.4330   -21.7783   -22.0880     1.8075     2.5503     0.3453
172.718168  14.541960  18.9299  17.0805  16.1855  15.8330  15.5287    0.08280000   0.00015401  24817.809    46.171036   0.475536   2.642137     525.326 0   0.299715   0.231356   0.089739   0.053370   0.052157   -19.1570   -20.9381   -21.6914   -22.0076   -22.3107     1.7810     2.5344     0.3161
172.738184  14.312825  19.5177  17.8388  17.0598  16.7015  16.3791    0.08170000   0.00014468  24506.205    43.373973   0.479540   2.664388     213.722 0   0.076125   0.063642   0.025156   0.017189   0.017692   -18.2925   -19.9589   -20.6994   -21.0498   -21.3727     1.6664     2.4069     0.3503
173.110651  14.001079  17.8391  15.8112  14.8493  14.4578  14.1265    0.08100000   0.00018008  24273.386    53.986626   0.482269   2.679551     -19.097 0   0.423867   0.331485   0.121877   0.085972   0.066656   -20.3241   -22.2596   -23.0119   -23.3675   -23.6795     1.9355     2.6878     0.3556
172.907748  14.077347  18.2914  16.4889  15.6457  15.2715  14.9620    0.08020000   0.00015765  24045.214    47.262281   0.490307   2.724209    -247.269 0   0.196111   0.153887   0.058404   0.033056   0.040092   -19.6195   -21.3798   -22.1275   -22.4764   -22.7929     1.7603     2.5080     0.3489
172.932037  14.051505  19.6847  17.9884  17.2449  16.9042  16.5922    0.07980000   0.00014927  23908.508    44.750020   0.498649   2.770561    -383.974 0   0.043775   0.034482   0.013303   0.009882   0.009628   -18.0447   -19.7317   -20.4540   -20.7913   -21.1030     1.6870     2.4093     0.3373
173.662793  14.234792  19.5456  17.7135  16.7583  16.2561  15.8691    0.08400000   0.00015208  25174.412    45.592437   0.504582   2.803522     881.929 0   0.588484   0.487419   0.181880   0.110420   0.079816   -18.8614   -20.5925   -21.2421   -21.6729   -22.0293     1.7310     2.3807     0.4307
173.298441  14.972363  17.6484  16.3336  15.7523  15.3780  15.1488    0.06930000   0.00018380  20769.262    55.101854   0.505896   2.810825   -3523.221 1   0.197043   0.129884   0.089058   0.003689  -0.058595   -19.9479   -21.1956   -21.7360   -22.0250   -22.1919     1.2476     1.7881     0.2889
173.116302  13.975427  18.9080  17.1260  16.3096  15.9490  15.6401    0.08320000   0.00014619  24944.771    43.826659   0.506537   2.814384     652.288 0   0.127219   0.105120   0.041204   0.025154   0.028608   -18.9957   -20.7557   -21.5081   -21.8527   -22.1650     1.7599     2.5124     0.3446
172.813069  14.811713  18.1450  16.4947  15.7927  15.3981  15.1335    0.06990000   0.00016677  20962.868    49.996388   0.507048   2.817223   -3329.615 1   0.245281   0.182822   0.096072   0.029507   0.010854   -19.4971   -21.0850   -21.7002   -22.0282   -22.2742     1.5878     2.2031     0.3280
172.819392  14.825808  18.6056  17.3827  16.9285  16.5717  16.3792    0.07010000   0.00007239  21027.563    21.701976   0.512048   2.845007   -3264.920 1   0.175516   0.089822   0.085602  -0.026722  -0.094896   -18.9910   -20.1282   -20.5782   -20.8226   -20.9470     1.1372     1.5872     0.2445
173.299428  13.968655  19.6486  17.9427  17.1495  16.8066  16.5306    0.08290000   0.00013756  24845.120    41.239451   0.514384   2.857983     552.637 0   0.108771   0.084307   0.035949   0.021035   0.023372   -18.2288   -19.9103   -20.6551   -20.9831   -21.2614     1.6814     2.4263     0.3280
173.205767  14.997092  19.8111  18.1221  17.2483  16.7852  16.5210    0.07880000   0.00015001  23612.913    44.971867   0.522358   2.902287    -679.570 0   0.450928   0.414386   0.170906   0.087641   0.050357   -18.3162   -19.9687   -20.5990   -20.9788   -21.2058     1.6525     2.2828     0.3798
172.945530  14.940630  19.3603  17.9020  17.2278  16.8828  16.6679    0.06900000   0.00015156  20698.840    45.436545   0.529023   2.939322   -3593.642 1   0.124162   0.070921   0.044032   0.016507   0.011625   -18.1537   -19.5588   -20.2061   -20.5235   -20.7336     1.4051     2.0524     0.3175
173.401273  13.969404  19.9669  18.0519  17.1458  16.6477  16.2356    0.07980000   0.00016505  23927.935    49.480745   0.540104   3.000886    -364.548 0   0.510471   0.423703   0.163191   0.102180   0.069619   -18.2292   -20.0574   -20.7030   -21.1401   -21.5196     1.8282     2.4738     0.4371
173.650015  14.131512  18.8516  16.9557  16.0088  15.5901  15.2734    0.08150000   0.00014278  24447.206    42.804367   0.551364   3.063448     154.723 0   0.420461   0.331446   0.123554   0.085583   0.065315   -19.3004   -21.1073   -21.8463   -22.2270   -22.5235     1.8069     2.5459     0.3807
173.361827  15.007733  20.2443  18.4019  17.5337  17.1268  16.8238    0.08290000   0.00015999  24839.994    47.963795   0.554376   3.080183     547.511 0   0.282882   0.217090   0.080083   0.049582   0.052800   -17.8072   -19.5839   -20.3150   -20.6914   -20.9977     1.7766     2.5078     0.3764
173.230152  15.035075  18.4958  16.5252  15.6404  15.2332  14.9322    0.06920000   0.00017718  20751.394    53.117228   0.560895   3.116405   -3541.089 1   0.276052   0.212310   0.076389   0.048290   0.052880   -19.1764   -21.0833   -21.8321   -22.2112   -22.5168     1.9069     2.6557     0.3791
173.039423  15.020514  18.3939  16.6592  15.9065  15.5398  15.2751    0.07950000   0.00014595  23827.924    43.754709   0.568663   3.159567    -464.558 0   0.120237   0.088558   0.040007   0.021415   0.024226   -19.4249   -21.1279   -21.8321   -22.1802   -22.4477     1.7030     2.4072     0.3481
172.900708  14.963518  19.8487  18.0759  17.3449  16.8791  16.4870    0.06870000   0.00018707  20587.947    56.082175   0.570397   3.169199   -3704.535 1   0.097439   0.088532   0.032714   0.022604   0.024122   -17.6078   -19.3717   -20.0469   -20.5026   -20.8962     1.7639     2.4391     0.4557
173.589401  14.913436  20.1286  18.2605  17.4004  17.0019  16.6935    0.06960000   0.00015913  20859.589    47.705974   0.575718   3.198763   -3432.893 1   0.245129   0.188134   0.071061   0.040795   0.046964   -17.5220   -19.3331   -20.0761   -20.4443   -20.7589     1.8111     2.5541     0.3682
172.610275  14.535551  18.4724  16.7390  15.9090  15.5605  15.2836    0.08020000   0.00015978  24036.940    47.900839   0.578435   3.213858    -255.543 0   0.180284   0.135098   0.057065   0.028614   0.034805   -19.4227   -21.1109   -21.8629   -22.1829   -22.4660     1.6882     2.4402     0.3200
173.675128  14.113952  19.4487  17.6020  16.7077  16.3105  16.0170    0.07980000   0.00017425  23921.969    52.238836   0.581326   3.229925    -370.513 0   0.294943   0.226747   0.084985   0.052464   0.053535   -18.5318   -20.3103   -21.0629   -21.4276   -21.7221     1.7785     2.5310     0.3647
173.021267  15.031409  18.1803  16.7694  16.2428  15.9156  15.7602    0.08000000   0.00016914  23988.283    50.706896   0.584220   3.246004    -304.199 0   0.160005   0.075652   0.068161   0.004333  -0.057143   -19.6920   -21.0185   -21.5376   -21.8010   -21.8949     1.3265     1.8457     0.2634
172.631614  14.286839  20.1885  18.3588  17.4835  17.0773  16.7533    0.08040000   0.00018089  24110.689    54.229458   0.585534   3.253301    -181.794 0   0.291788   0.224003   0.081406   0.051923   0.054539   -17.8264   -19.5883   -20.3210   -20.6977   -21.0243     1.7619     2.4946     0.3767
172.622147  14.649109  18.9015  17.2064  16.3352  15.9741  15.6390    0.07960000   0.00015134  23871.964    45.370591   0.590086   3.278594    -420.519 0   0.323683   0.257448   0.107772   0.060092   0.047161   -19.1235   -20.7524   -21.4739   -21.7873   -22.1095     1.6289     2.3504     0.3134
173.530749  13.967267  18.9081  17.1053  16.1706  15.6788  15.2790    0.08180000   0.00014953  24524.012    44.827966   0.597828   3.321612     231.530 0   0.531629   0.445874   0.171068   0.104214   0.071784   -19.3843   -21.1013   -21.7612   -22.1862   -22.5535     1.7170     2.3769     0.4249
173.042282  15.075200  19.1353  17.2729  16.4793  16.1305  15.8573    0.08170000   0.00014210  24499.579    42.600508   0.620633   3.448319     207.097 0   0.087374   0.072438   0.028977   0.019054   0.020147   -18.6861   -20.5336   -21.2837   -21.6226   -21.8969     1.8475     2.5976     0.3389
173.711169  14.093327  19.6376  17.9649  17.1074  16.7379  16.4458    0.08190000   0.00014936  24541.640    44.777002   0.621514   3.453212     249.158 0   0.311285   0.246139   0.104804   0.056081   0.044658   -18.4371   -20.0446   -20.7608   -21.0816   -21.3623     1.6076     2.3237     0.3208
172.578848  14.623716  19.5187  17.7673  16.9217  16.5525  16.2569    0.06970000   0.00015641  20902.939    46.890538   0.623712   3.465426   -3389.543 1   0.251209   0.190085   0.076962   0.040489   0.044644   -18.1231   -19.8134   -20.5458   -20.8786   -21.1783     1.6903     2.4228     0.3327
173.300187  15.107190  18.2911  16.4860  15.6139  15.2154  14.9101    0.06810000   0.00018373  20416.406    55.080868   0.639223   3.551608   -3876.077 1   0.309396   0.238818   0.090127   0.056190   0.054778   -19.3549   -21.0894   -21.8128   -22.1774   -22.4813     1.7345     2.4579     0.3646
