225.193969  32.214801  19.6257  17.4642  16.4602  16.0658  15.6777    0.08900000   0.00015947  26668.218    47.807903   0.013615   0.080096     799.427 0   0.497681   0.394416   0.146768   0.101787   0.071825   -18.7928   -20.8510   -21.6074   -21.9568   -22.3149     2.0582     2.8146     0.3494
225.224696  32.222957  20.4818  18.4724  17.5389  17.1203  16.8279    0.08760000   0.00015232  26265.177    45.664387   0.018046   0.106162     396.386 0   0.371397   0.286998   0.103996   0.072252   0.063294   -17.7784   -19.7034   -20.4539   -20.8408   -21.1242     1.9250     2.6755     0.3869
225.209298  32.191490  19.4530  17.6017  16.6776  16.2898  15.9734    0.08470000   0.00015931  25406.871    47.759936   0.019028   0.111943    -461.920 0   0.360794   0.280943   0.104274   0.070004   0.060767   -18.7233   -20.4947   -21.2422   -21.5957   -21.9028     1.7714     2.5189     0.3535
225.178708  32.228395  20.3434  18.4934  17.5638  17.1889  16.8641    0.08630000   0.00015417  25886.689    46.219003   0.031418   0.184833      17.898 0   0.349280   0.271837   0.101533   0.066985   0.059331   -17.8833   -19.6559   -20.4152   -20.7555   -21.0727     1.7726     2.5319     0.3404
225.223928  32.178373  19.4871  17.4873  16.5079  16.0590  15.7326    0.08890000   0.00015459  26648.252    46.344916   0.034462   0.202740     779.460 0   0.521518   0.427722   0.162942   0.104274   0.071767   -18.9554   -20.8614   -21.5760   -21.9662   -22.2601     1.9060     2.6206     0.3902
225.258303  32.221869  18.9024  17.0101  16.0703  15.6594  15.3361    0.08920000   0.00016044  26745.175    48.098702   0.043033   0.253162     876.383 0   0.400195   0.312088   0.114589   0.080037   0.064829   -19.4472   -21.2514   -21.9937   -22.3701   -22.6782     1.8042     2.5465     0.3763
225.262333  32.181850  20.0677  18.1602  17.2217  16.8129  16.4890    0.08720000   0.00015470  26154.913    46.377893   0.053287   0.313487     286.122 0   0.388373   0.301297   0.109737   0.076751   0.064419   -18.2207   -20.0411   -20.7881   -21.1639   -21.4754     1.8204     2.5674     0.3758
225.234668  32.263430  19.5241  17.9465  17.0916  16.6864  16.4078    0.08250000   0.00016369  24746.189    49.073027   0.057118   0.336023   -1122.603 0   0.369028   0.315647   0.137995   0.070161   0.038799   -18.6242   -20.1484   -20.8257   -21.1631   -21.4103     1.5242     2.2015     0.3374
225.213745  32.149474  18.9554  17.8313  17.3694  17.0680  16.9229    0.08820000   0.00010049  26427.964    30.126144   0.061163   0.359820     559.173 0   0.160230   0.059718   0.073259  -0.015374  -0.080290   -19.1086   -20.1321   -20.6076   -20.8203   -20.9005     1.0236     1.4990     0.2128
225.134019  32.184457  19.1741  17.5236  16.6374  16.2176  15.8722    0.08780000   0.00015624  26324.206    46.839574   0.068777   0.404613     455.415 0   0.395600   0.332394   0.138518   0.078888   0.050188   -19.1365   -20.7238   -21.4161   -21.7763   -22.0930     1.5873     2.2796     0.3602
225.129877  32.227719  19.3921  17.6475  16.6811  16.2505  15.8758    0.08590000   0.00016346  25763.684    49.004075   0.069320   0.407812    -105.107 0   0.495222   0.404162   0.154642   0.100806   0.069100   -18.9704   -20.6240   -21.3408   -21.7176   -22.0606     1.6535     2.3704     0.3768
225.207408  32.134697  18.9972  17.4168  16.6149  16.1774  15.8605    0.08830000   0.00014112  26461.061    42.306712   0.075837   0.446151     592.270 0   0.361105   0.311407   0.138297   0.067220   0.034129   -19.2912   -20.8219   -21.4507   -21.8172   -22.1010     1.5307     2.1595     0.3664
225.303560  32.279312  19.8466  18.0351  17.1490  16.7531  16.4840    0.08740000   0.00014429  26213.043    43.257054   0.105360   0.619832     344.252 0   0.321380   0.249603   0.095539   0.059398   0.055126   -18.3586   -20.0984   -20.8304   -21.1902   -21.4550     1.7397     2.4718     0.3598
225.309508  32.145781  18.6715  17.6221  17.2166  16.9291  16.8147    0.08200000   0.00004685  24587.418    14.045277   0.106712   0.627790   -1281.373 1   0.164044   0.050007   0.078171  -0.036501  -0.067595   -19.2374   -20.1728   -20.6064   -20.7793   -20.8626     0.9354     1.3690     0.1728
225.322533  32.271970  19.3553  17.4787  16.5363  16.1173  15.7920    0.08510000   0.00016173  25518.394    48.485434   0.113860   0.669840    -350.397 0   0.403216   0.315770   0.116798   0.081060   0.064519   -18.8921   -20.6813   -21.4247   -21.8080   -22.1167     1.7892     2.5326     0.3833
225.098602  32.276717  19.9002  18.3951  17.6065  17.1107  16.7988    0.08410000   0.00008892  25201.813    26.657545   0.114656   0.674519    -666.978 0   0.398692   0.378283   0.163532   0.075856   0.031983   -18.3169   -19.8016   -20.3755   -20.7836   -21.0516     1.4847     2.0585     0.4081
225.149068  32.103054  19.5411  17.7736  16.9004  16.4957  16.1952    0.07800000   0.00016411  23387.469    49.198940   0.118915   0.699576   -2481.322 1   0.318718   0.247917   0.096075   0.058644   0.054030   -18.4135   -20.1102   -20.8315   -21.1988   -21.4947     1.6967     2.4181     0.3673
225.124585  32.306083  19.9415  18.1867  17.3182  16.9119  16.6337    0.08420000   0.00013766  25243.035    41.269430   0.119430   0.702605    -625.757 0   0.301909   0.233967   0.093025   0.053705   0.050698   -18.1842   -19.8710   -20.5986   -20.9656   -21.2407     1.6869     2.4144     0.3670
225.344737  32.160655  19.2496  17.3631  16.4504  16.0513  15.7516    0.08310000   0.00014602  24913.443    43.775695   0.125015   0.735462    -955.349 0   0.323094   0.248513   0.090324   0.059826   0.058267   -18.8446   -20.6566   -21.4111   -21.7797   -22.0778     1.8119     2.5664     0.3686
225.097629  32.307190  20.2535  18.5352  17.6717  17.2959  17.0179    0.08630000   0.00015545  25880.543    46.602738   0.135143   0.795049      11.752 0   0.288500   0.222651   0.091986   0.049362   0.046630   -17.9124   -19.5649   -20.2977   -20.6309   -20.9062     1.6525     2.3853     0.3332
225.216779  32.352818  19.7690  17.9666  17.0717  16.6879  16.3783    0.08440000   0.00014270  25298.136    42.780384   0.142443   0.837991    -570.655 0   0.325638   0.252327   0.094949   0.060551   0.056634   -18.3644   -20.0935   -20.8310   -21.1804   -21.4861     1.7291     2.4666     0.3494
225.242517  32.045680  17.7709  16.4698  15.9293  15.6076  15.3952    0.07790000   0.00017302  23368.043    51.870091   0.167224   0.983781   -2500.749 1   0.169610   0.085554   0.072699   0.001740  -0.061062   -20.0318   -21.2488   -21.7765   -22.0272   -22.1768     1.2170     1.7447     0.2507
225.411082  32.202962  20.4248  18.5875  17.7292  17.3125  16.9957    0.08460000   0.00013894  25372.275    41.653164   0.170941   1.005648    -496.516 0   0.239621   0.186429   0.067254   0.040628   0.047770   -17.6462   -19.4303   -20.1694   -20.5595   -20.8834     1.7841     2.5232     0.3901
225.426082  32.216993  19.4856  17.6043  16.6939  16.2982  15.9867    0.08520000   0.00015334  25545.615    45.970176   0.183580   1.080002    -323.176 0   0.344254   0.266225   0.097712   0.065419   0.059955   -18.6870   -20.4902   -21.2321   -21.5955   -21.9016     1.8033     2.5452     0.3634
225.051016  32.345099  19.7070  17.8103  16.8929  16.4882  16.1444    0.08560000   0.00014737  25649.163    44.180415   0.189828   1.116762    -219.628 0   0.349488   0.270404   0.099117   0.066783   0.060540   -18.4995   -20.3171   -21.0632   -21.4356   -21.7731     1.8176     2.5637     0.3724
225.276029  32.021826  18.7244  17.5809  16.9626  16.5449  16.3336    0.08910000   0.00008589  26702.514    25.749174   0.196972   1.158785     833.723 0   0.224236   0.267432   0.137177   0.019214  -0.076041   -19.4468   -20.6335   -21.1216   -21.4213   -21.5373     1.1867     1.6747     0.2997
225.439397  32.117674  19.6276  17.8524  16.9530  16.5746  16.2389    0.08480000   0.00014359  25420.602    43.047199   0.215732   1.269152    -448.190 0   0.347715   0.273531   0.105675   0.066992   0.056663   -18.5382   -20.2392   -20.9707   -21.3104   -21.6358     1.7010     2.4326     0.3397
224.956655  32.147935  19.9787  18.1855  17.2990  16.8719  16.5175    0.08480000   0.00013824  25433.403    41.443309   0.222689   1.310079    -435.389 0   0.400696   0.324879   0.128132   0.081514   0.058471   -18.2400   -19.9574   -20.6472   -21.0277   -21.3590     1.7174     2.4071     0.3805
225.476160  32.213882  20.3483  18.4896  17.6151  17.2404  16.9320    0.08610000   0.00015154  25824.902    45.430549   0.225862   1.328745     -43.890 0   0.288026   0.221225   0.083507   0.050647   0.052374   -17.7909   -19.5828   -20.3196   -20.6614   -20.9716     1.7919     2.5287     0.3418
225.046317  32.399709  19.2890  17.4961  16.5773  16.1864  15.8694    0.08570000   0.00015479  25691.674    46.404875   0.234087   1.377133    -177.117 0   0.358033   0.278903   0.103804   0.069310   0.060338   -18.9101   -20.6239   -21.3676   -21.7240   -22.0320     1.7138     2.4575     0.3564
224.935349  32.124993  19.8799  17.9580  17.0821  16.6781  16.3545    0.08500000   0.00015046  25493.691    45.106773   0.247019   1.453215    -375.100 0   0.255332   0.197167   0.071451   0.043639   0.049815   -18.2198   -20.0835   -20.8337   -21.2099   -21.5397     1.8637     2.6139     0.3762
225.083242  31.979679  19.5736  18.1216  17.3010  16.9214  16.5899    0.08620000   0.00012910  25850.024    38.703206   0.254268   1.495861     -18.767 0   0.332994   0.281376   0.128897   0.059413   0.028186   -18.6131   -20.0135   -20.6816   -20.9917   -21.2920     1.4004     2.0685     0.3101
224.897027  32.212943  19.1822  17.8393  17.2153  16.8630  16.6221    0.08840000   0.00020301  26496.947    60.860867   0.264177   1.554153     628.155 0   0.191675   0.117223   0.079293   0.010103  -0.029656   -18.9181   -20.1866   -20.7726   -21.0558   -21.2569     1.2684     1.8545     0.2831
225.440448  32.013494  19.0270  17.6010  16.8795  16.4795  16.2164    0.08400000   0.00013309  25176.301    39.899378   0.277644   1.633379    -692.491 0   0.284185   0.237074   0.119218   0.042030   0.002683   -19.0757   -20.4546   -21.0583   -21.3811   -21.6048     1.3789     1.9825     0.3228
224.858217  32.129001  20.2953  18.3077  17.3834  16.9782  16.6641    0.08760000   0.00014346  26255.284    43.008226   0.307986   1.811884     386.492 0   0.351708   0.271173   0.098219   0.067184   0.061461   -17.9452   -19.8523   -20.6037   -20.9778   -21.2862     1.9071     2.6584     0.3742
224.859200  32.058005  19.8256  17.9083  16.9961  16.5799  16.2365    0.08740000   0.00014708  26192.897    44.093475   0.333133   1.959820     324.106 0   0.366757   0.283002   0.102307   0.070996   0.063033   -18.4250   -20.2586   -20.9901   -21.3750   -21.7104     1.8335     2.5651     0.3849
224.812818  32.194461  19.0180  17.9059  17.4435  17.1440  16.9225    0.08990000   0.00009298  26956.498    27.874703   0.335798   1.975503    1087.707 0   0.161726   0.062072   0.073727  -0.015224  -0.081493   -19.0865   -20.0989   -20.5730   -20.7835   -20.9388     1.0124     1.4865     0.2105
224.744923  32.240222  20.2078  18.5005  17.6419  17.2789  16.9519    0.07540000   0.00016232  22592.480    48.662312   0.393981   2.317791   -3276.312 1   0.302213   0.237298   0.101706   0.053112   0.043601   -17.6533   -19.2957   -20.0187   -20.3331   -20.6506     1.6424     2.3654     0.3144
224.724410  32.100126  19.1274  18.0289  17.5842  17.2882  17.1000    0.08590000   0.00024887  25755.410    74.609349   0.424810   2.499159    -113.382 0   0.159133   0.055507   0.073599  -0.018707  -0.077792   -18.8990   -19.8939   -20.3567   -20.5604   -20.6895     0.9949     1.4577     0.2037
224.753204  32.437970  19.7180  17.9651  17.0836  16.6955  16.4134    0.08610000   0.00014487  25808.653    43.430933   0.447903   2.635013     -60.138 0   0.320322   0.249961   0.097966   0.059118   0.053331   -18.4535   -20.1361   -20.8656   -21.2148   -21.4911     1.6825     2.4120     0.3493
225.717009  31.992428  19.1657  17.3577  16.4759  16.0704  15.7428    0.07980000   0.00014202  23912.646    42.576525   0.481803   2.834452   -1956.146 1   0.314999   0.243672   0.092316   0.057674   0.055142   -18.8349   -20.5716   -21.3020   -21.6729   -21.9979     1.7367     2.4671     0.3709
225.748514  32.052132  19.4957  17.5643  16.6459  16.2449  15.9435    0.08500000   0.00015386  25476.573    46.126068   0.482982   2.841388    -392.218 0   0.335873   0.258100   0.092946   0.063035   0.060158   -18.6845   -20.5382   -21.2914   -21.6625   -21.9610     1.8536     2.6069     0.3711
224.728825  32.516260  20.2602  18.3406  17.4098  17.0077  16.6816    0.08470000   0.00016308  25386.905    48.890154   0.508630   2.992270    -481.886 0   0.368035   0.284161   0.102849   0.071355   0.063071   -17.9233   -19.7590   -20.5085   -20.8791   -21.1970     1.8357     2.5852     0.3706
224.584658  32.153299  19.8569  17.8792  16.9367  16.4490  16.0298    0.08560000   0.00013732  25670.089    41.167500   0.531548   3.127101    -198.702 0   0.532573   0.429269   0.161194   0.106415   0.074086   -18.5327   -20.4071   -21.0815   -21.5144   -21.9013     1.8744     2.5488     0.4329
225.850611  32.204380  18.3469  16.4568  15.4719  15.0343  14.6607    0.08650000   0.00018923  25942.420    56.729727   0.542693   3.192663      73.629 0   0.524360   0.418594   0.156335   0.105823   0.073803   -20.0573   -21.8416   -22.5642   -22.9513   -23.2929     1.7843     2.5070     0.3871
225.239816  32.760175  19.6167  17.9146  17.4784  17.2040  17.1886    0.07960000   0.00008922  23856.824    26.747483   0.550265   3.237211   -2011.967 1   0.112489   0.035663   0.048395   0.005398  -0.054671   -18.1971   -19.8224   -20.2713   -20.5027   -20.4580     1.6253     2.0742     0.2314
224.563626  32.370401  19.8299  18.3862  17.5834  17.1379  16.8500    0.08060000   0.00009343  24150.171    28.009609   0.569172   3.348439   -1718.620 1   0.372276   0.350020   0.155523   0.069644   0.023262   -18.2497   -19.6712   -20.2795   -20.6391   -20.8806     1.4214     2.0297     0.3596
224.632819  32.504243  19.3131  18.1247  17.6782  17.3806  17.2516    0.08580000   0.00007976  25718.296    23.911446   0.569330   3.349369    -150.496 0   0.162575   0.060269   0.074873  -0.019521  -0.081065   -18.7142   -19.8003   -20.2614   -20.4646   -20.5321     1.0861     1.5472     0.2032
225.730783  31.814518  19.1642  18.0370  17.5826  17.3390  17.2875    0.08520000   0.00010599  25535.812    31.775003   0.592905   3.488063    -332.979 0   0.086120   0.022600   0.032851   0.004863  -0.039873   -18.7502   -19.8139   -20.2786   -20.4942   -20.5009     1.0637     1.5283     0.2156
225.830352  31.932226  19.8405  18.0785  17.2916  16.9434  16.6824    0.08900000   0.00012768  26694.150    38.277501   0.594654   3.498354     825.359 0   0.118869   0.089508   0.039413   0.021749   0.024590   -18.1992   -19.9318   -20.6686   -20.9991   -21.2630     1.7326     2.4694     0.3305
