163.489743  54.850415  18.7087  16.9775  16.1541  15.7491  15.4282    0.07110000   0.00014999  21300.944    44.965871   0.023460   0.115503    -180.685 0   0.162800   0.134221   0.049545   0.030198   0.035842   -18.9093   -20.6119   -21.3506   -21.7363   -22.0628     1.7026     2.4413     0.3857
163.402363  54.867947  18.0798  16.0963  15.2105  14.7524  14.3872    0.07160000   0.00019232  21462.082    57.656086   0.032295   0.159000     -19.546 0   0.377170   0.292443   0.106658   0.073916   0.063370   -19.7466   -21.6454   -22.3454   -22.7707   -23.1254     1.8988     2.5988     0.4254
163.523196  54.856885  20.1302  18.0681  17.2100  16.7576  16.3972    0.07210000   0.00017774  21600.586    53.285111   0.043268   0.213020     118.958 0   0.303129   0.232643   0.083973   0.054769   0.056240   -17.6373   -19.6289   -20.3384   -20.7616   -21.1234     1.9916     2.7010     0.4232
163.381232  54.869157  19.2896  17.2661  16.3580  15.8970  15.5345    0.07010000   0.00017476  21011.974    52.391730   0.043465   0.213990    -469.655 0   0.449925   0.355224   0.132124   0.092346   0.067905   -18.5814   -20.5102   -21.1952   -21.6164   -21.9545     1.9288     2.6138     0.4212
163.517713  54.828152  18.2845  16.3505  15.4642  15.0130  14.6569    0.07380000   0.00019458  22137.844    58.333616   0.045192   0.222493     656.216 0   0.401193   0.318017   0.120419   0.081186   0.062463   -19.6319   -21.4827   -22.1714   -22.5834   -22.9208     1.8508     2.5395     0.4120
163.546062  54.841197  19.9224  18.3562  17.5177  17.1017  16.8493    0.07380000   0.00015003  22122.075    44.977862   0.056569   0.278509     640.447 0   0.389772   0.367423   0.160288   0.073917   0.029525   -17.9826   -19.5264   -20.1578   -20.4874   -20.6954     1.5439     2.1752     0.3296
163.543237  54.827403  19.4531  17.4399  16.5746  16.1206  15.7722    0.07270000   0.00019998  21804.385    59.952496   0.058772   0.289352     322.757 0   0.348562   0.268571   0.097185   0.066358   0.061203   -18.3992   -20.3324   -21.0263   -21.4494   -21.7927     1.9332     2.6271     0.4232
163.550389  54.857580  20.4369  18.5030  17.6750  17.2858  16.9313    0.06900000   0.00015850  20675.487    47.517105   0.058861   0.289794    -806.142 0   0.154826   0.128353   0.047720   0.029232   0.034388   -17.1078   -19.0152   -19.7626   -20.1333   -20.4929     1.9074     2.6548     0.3707
163.456511  54.909722  19.0429  17.7939  17.4586  17.1299  17.0558    0.07170000   0.00008606  21486.036    25.800139   0.059878   0.294801       4.407 0   0.171134   0.058581   0.087049  -0.067090  -0.058200   -18.5805   -19.7169   -20.0807   -20.2553   -20.3383     1.1364     1.5002     0.1746
163.564551  54.836793  18.3889  17.0313  16.4047  16.0264  15.7418    0.07600000   0.00014352  22787.255    43.026214   0.067823   0.333915    1305.626 0   0.228934   0.181459   0.105873   0.020383  -0.041711   -19.4405   -20.7506   -21.3016   -21.5944   -21.8169     1.3101     1.8611     0.2928
163.372492  54.905444  19.3117  17.5388  16.6836  16.2779  15.9901    0.07830000   0.00013172  23469.073    39.488663   0.070811   0.348626    1987.444 1   0.293634   0.226578   0.090136   0.051401   0.049920   -18.6232   -20.3291   -21.0478   -21.4148   -21.7011     1.7058     2.4246     0.3670
163.482819  54.776040  20.3654  18.5755  17.8043  17.4239  17.1102    0.06770000   0.00013522  20292.352    40.537936   0.076479   0.376533   -1189.277 0   0.064097   0.059080   0.021898   0.016398   0.015978   -17.0471   -18.8320   -19.5660   -19.9409   -20.2541     1.7849     2.5189     0.3749
163.400203  54.775656  19.8040  17.8665  17.0103  16.5872  16.2650    0.07270000   0.00016233  21800.188    48.665310   0.079475   0.391280     318.559 0   0.260576   0.201054   0.072406   0.044777   0.050752   -17.9603   -19.8382   -20.5658   -20.9613   -21.2894     1.8780     2.6055     0.3955
163.522634  54.919325  19.1437  17.3242  16.5257  16.1111  15.7638    0.07220000   0.00014501  21636.801    43.472904   0.081259   0.400066     155.173 0   0.130441   0.112360   0.041561   0.026743   0.030394   -18.4754   -20.2768   -21.0045   -21.4043   -21.7552     1.8014     2.5291     0.3998
163.328260  54.807794  19.6887  17.8418  16.9814  16.5460  16.2116    0.07110000   0.00016698  21309.907    50.059345   0.081322   0.400375    -171.721 0   0.275476   0.211893   0.076225   0.048160   0.052809   -18.0420   -19.8253   -20.5500   -20.9573   -21.2964     1.7833     2.5080     0.4073
163.354543  54.911210  19.7509  18.1858  17.4632  17.1271  16.8811    0.07230000   0.00013119  21679.162    39.329773   0.081877   0.403108     197.533 0   0.069317   0.044566   0.020575   0.012134   0.012363   -17.7888   -19.3292   -20.0278   -20.3555   -20.6017     1.5403     2.2390     0.3277
163.503700  54.762762  19.6214  17.7895  16.9905  16.5857  16.2914    0.07450000   0.00015272  22325.185    45.784304   0.092749   0.456631     843.556 0   0.172894   0.133692   0.053968   0.029111   0.035137   -18.1085   -19.9012   -20.6205   -21.0004   -21.3007     1.7927     2.5120     0.3799
163.399492  54.938919  19.9043  18.0456  17.1325  16.7400  16.3832    0.07190000   0.00016187  21548.842    48.527405   0.093376   0.459718      67.213 0   0.366918   0.289616   0.110852   0.072277   0.058908   -17.9209   -19.7023   -20.4367   -20.7906   -21.1340     1.7814     2.5157     0.3539
163.505375  54.953175  18.8533  17.0062  16.1431  15.7594  15.4594    0.07330000   0.00016545  21971.669    49.600662   0.108160   0.532506     490.041 0   0.263205   0.201091   0.077675   0.044261   0.048333   -18.9315   -20.7165   -21.4562   -21.8065   -22.1105     1.7850     2.5247     0.3503
163.264437  54.813014  19.6709  18.0978  17.3814  17.0267  16.7639    0.07260000   0.00014755  21770.299    44.234377   0.112509   0.553920     288.670 0   0.108936   0.070702   0.036230   0.017550   0.018391   -17.9175   -19.4524   -20.1343   -20.4703   -20.7339     1.5349     2.2168     0.3360
163.329404  54.754398  19.5492  17.5514  16.6812  16.2781  15.9298    0.06930000   0.00016938  20778.405    50.778847   0.117816   0.580046    -703.223 0   0.270589   0.208284   0.075086   0.047015   0.052076   -18.1207   -20.0562   -20.7932   -21.1682   -21.5216     1.9355     2.6725     0.3750
163.410460  54.733591  19.9762  18.2421  17.4267  17.0216  16.7034    0.07010000   0.00015881  21028.432    47.610040   0.118505   0.583437    -453.196 0   0.163758   0.132593   0.050317   0.029680   0.035343   -17.6086   -19.3115   -20.0447   -20.4291   -20.7530     1.7029     2.4361     0.3845
163.523431  54.737888  18.1434  16.1490  15.2986  14.8575  14.5361    0.06890000   0.00019102  20650.784    57.266355   0.120023   0.590910    -830.845 0   0.270600   0.208277   0.075141   0.047009   0.052049   -19.4926   -21.4247   -22.1420   -22.5549   -22.8814     1.9321     2.6493     0.4130
163.654785  54.811405  19.5051  17.6965  16.8662  16.4960  16.1588    0.06910000   0.00015158  20722.704    45.442541   0.124602   0.613456    -758.925 0   0.122618   0.107140   0.039548   0.025895   0.029048   -18.0072   -19.8003   -20.5630   -20.9196   -21.2599     1.7931     2.5558     0.3565
163.652009  54.789998  18.3713  16.4279  15.5782  15.1657  14.8312    0.07180000   0.00017368  21524.919    52.067954   0.131378   0.646818      43.290 0   0.242851   0.188494   0.068250   0.041198   0.048106   -19.3481   -21.2371   -21.9666   -22.3520   -22.6934     1.8890     2.6185     0.3854
163.664479  54.897845  18.7467  16.9612  16.1587  15.7292  15.3867    0.07160000   0.00016727  21460.763    50.146284   0.132962   0.654616     -20.866 0   0.152041   0.127228   0.046894   0.029136   0.034130   -18.8546   -20.6152   -21.3374   -21.7491   -22.0966     1.7607     2.4829     0.4117
163.373118  54.714621  19.9093  18.1183  17.2803  16.9083  16.6048    0.06910000   0.00015038  20713.830    45.082790   0.142253   0.700359    -767.798 0   0.182120   0.142717   0.055504   0.030887   0.037441   -17.6625   -19.4141   -20.1649   -20.5123   -20.8223     1.7516     2.5024     0.3474
163.674579  54.791083  19.5351  17.6707  16.8830  16.5010  16.1917    0.07080000   0.00015737  21239.426    47.178339   0.142609   0.702112    -242.202 0   0.080287   0.074470   0.027489   0.019832   0.020243   -17.9912   -19.8497   -20.5905   -20.9648   -21.2745     1.8586     2.5993     0.3743
163.498989  54.698994  19.7802  18.1157  17.3755  17.0138  16.7418    0.07240000   0.00017893  21692.742    53.641865   0.153724   0.756833     211.114 0   0.105278   0.075835   0.034730   0.019100   0.021010   -17.7985   -19.4336   -20.1327   -20.4787   -20.7527     1.6351     2.3342     0.3461
163.703420  54.799500  19.7482  17.9015  17.1047  16.7277  16.4146    0.07050000   0.00015725  21140.615    47.142364   0.154935   0.762796    -341.014 0   0.089968   0.079384   0.030234   0.020673   0.021778   -17.7752   -19.6114   -20.3590   -20.7264   -21.0406     1.8361     2.5838     0.3674
163.415371  55.005532  18.8654  17.7844  17.2877  16.9785  16.8401    0.07470000   0.00007470  22406.458    22.394497   0.156732   0.771644     924.830 0   0.169493   0.132593   0.102287  -0.035445  -0.099308   -18.8457   -19.8898   -20.3562   -20.5277   -20.6022     1.0441     1.5105     0.1715
163.398082  54.695624  19.1146  18.0695  17.6693  17.3397  17.1794    0.07500000   0.00007520  22489.861    22.544393   0.157135   0.773624    1008.232 0   0.167364   0.090299   0.094279  -0.058043  -0.077376   -18.6243   -19.5924   -19.9966   -20.1738   -20.3148     0.9680     1.3722     0.1773
163.472620  55.010454  20.0500  18.2539  17.3703  16.9951  16.6612    0.07390000   0.00015428  22166.804    46.251980   0.161029   0.792798     685.176 0   0.327079   0.257360   0.102878   0.061152   0.052207   -17.7921   -19.5185   -20.2476   -20.5811   -20.9061     1.7264     2.4555     0.3335
163.554271  55.010221  19.0629  17.1350  16.2817  15.8811  15.5771    0.07060000   0.00015830  21176.080    47.457146   0.171301   0.843370    -305.548 0   0.215161   0.169610   0.061636   0.036550   0.044059   -18.5708   -20.4532   -21.1985   -21.5740   -21.8855     1.8823     2.6277     0.3755
163.680944  54.742512  19.9705  18.2519  17.3982  17.0280  16.7417    0.07360000   0.00015133  22050.485    45.367593   0.171421   0.843962     568.856 0   0.278972   0.213740   0.087338   0.046931   0.046752   -17.8390   -19.4924   -20.2196   -20.5494   -20.8356     1.6534     2.3807     0.3298
163.216918  54.733638  18.3457  16.4458  15.5535  15.1195  14.7777    0.07210000   0.00017820  21623.790    53.423016   0.177180   0.872314     142.162 0   0.349760   0.270101   0.098397   0.066766   0.060934   -19.4685   -21.2887   -22.0093   -22.4117   -22.7476     1.8202     2.5408     0.4024
163.584507  55.013552  20.2578  18.3832  17.4939  17.0869  16.7556    0.07400000   0.00016666  22188.239    49.963411   0.181206   0.892135     706.611 0   0.304903   0.234100   0.084944   0.055187   0.056233   -17.5894   -19.3932   -20.1334   -20.5106   -20.8430     1.8038     2.5439     0.3772
163.646732  54.993217  19.9169  18.2528  17.3634  16.9251  16.6079    0.07180000   0.00015349  21527.377    46.015144   0.182949   0.900718      45.748 0   0.431167   0.375726   0.155739   0.085774   0.051494   -17.9908   -19.5995   -20.2689   -20.6372   -20.9201     1.6087     2.2781     0.3683
163.127794  54.801055  19.1995  17.2830  16.4656  16.0683  15.7721    0.07130000   0.00014965  21361.891    44.863941   0.191292   0.941792    -119.737 0   0.153557   0.126304   0.047648   0.028786   0.033855   -18.4154   -20.3046   -21.0434   -21.4218   -21.7231     1.8892     2.6280     0.3784
163.472149  54.657893  17.4780  16.2383  15.7442  15.3985  15.2327    0.07880000   0.00009957  23636.956    29.850335   0.192569   0.948077    2155.328 1   0.179062   0.101238   0.087191  -0.019622  -0.095583   -20.3775   -21.5393   -22.0194   -22.2583   -22.3481     1.1619     1.6419     0.2389
163.796535  54.840794  19.5566  17.6455  16.8335  16.4443  16.1318    0.07050000   0.00014343  21144.752    42.999232   0.200294   0.986112    -336.877 0   0.124440   0.108328   0.040019   0.026086   0.029355   -18.0013   -19.8963   -20.6400   -21.0153   -21.3310     1.8950     2.6387     0.3753
163.780555  54.772255  18.1109  16.0575  15.2302  14.8441  14.5045    0.06980000   0.00017477  20938.555    52.394728   0.206108   1.014735    -543.074 0   0.159205   0.131296   0.048790   0.029687   0.035108   -19.4420   -21.4675   -22.2123   -22.5793   -22.9243     2.0255     2.7703     0.3670
163.751936  54.730868  18.8077  16.8728  15.9874  15.5601  15.2647    0.07390000   0.00015772  22149.356    47.283266   0.211210   1.039857     667.728 0   0.303643   0.233029   0.084078   0.054898   0.056321   -19.0110   -20.8753   -21.6117   -22.0099   -22.3067     1.8643     2.6007     0.3981
163.659858  55.029983  18.7329  16.7777  15.8824  15.4840  15.1370    0.07170000   0.00016158  21488.584    48.440465   0.217096   1.068835       6.955 0   0.306440   0.235175   0.084890   0.055586   0.056649   -19.0258   -20.9097   -21.6548   -22.0238   -22.3719     1.8839     2.6290     0.3691
163.833483  54.881882  18.9313  17.7576  17.2746  16.9619  16.7698    0.07030000   0.00008282  21063.928    24.828811   0.223638   1.101043    -417.701 0   0.166824   0.070130   0.076135  -0.016337  -0.085294   -18.6448   -19.7218   -20.2108   -20.4310   -20.5542     1.0770     1.5660     0.2202
163.540298  54.628948  19.0891  17.2687  16.4320  16.0521  15.7767    0.07180000   0.00015696  21526.597    47.055424   0.227215   1.118654      44.969 0   0.233980   0.175952   0.071921   0.036667   0.042299   -18.6214   -20.3838   -21.1165   -21.4611   -21.7421     1.7624     2.4950     0.3446
163.812478  54.743062  20.1526  18.4167  17.6079  17.2340  16.9585    0.07240000   0.00016749  21703.505    50.212239   0.235002   1.156990     221.876 0   0.202815   0.150271   0.063791   0.030648   0.037226   -17.5237   -19.2070   -19.9293   -20.2701   -20.5522     1.6834     2.4057     0.3408
163.853308  54.904931  18.5452  17.1986  16.6290  16.2894  16.0727    0.06460000   0.00014551  19357.209    43.622801   0.239162   1.177470   -2124.419 1   0.185715   0.109602   0.081422   0.002223  -0.059083   -18.8654   -20.1359   -20.6773   -20.9377   -21.0931     1.2705     1.8119     0.2604
163.854986  54.780970  19.2400  17.4548  16.4213  16.0219  15.8062    0.07010000   0.00017258  21008.946    51.738182   0.243714   1.199883    -472.683 0   0.533987   0.507899   0.197364   0.107156   0.068311   -18.7150   -20.4741   -21.1971   -21.5063   -21.6832     1.7591     2.4821     0.3092
163.227072  55.059538  19.0281  17.0820  16.1313  15.6925  15.3508    0.07460000   0.00016652  22362.839    49.921440   0.245419   1.208279     881.210 0   0.435426   0.341045   0.125555   0.088752   0.067513   -18.9673   -20.8190   -21.5542   -21.9562   -22.2766     1.8517     2.5869     0.4020
163.150533  55.025542  18.0062  16.7621  16.1479  15.8301  15.6192    0.07430000   0.00016791  22261.209    50.338152   0.245645   1.209391     779.580 0   0.082726   0.038310   0.025690   0.011103  -0.003204   -19.6277   -20.8274   -21.4289   -21.7321   -21.9287     1.1997     1.8013     0.3032
163.918022  54.820148  18.7534  17.5047  16.9502  16.6109  16.3930    0.07470000   0.00018444  22402.021    55.293721   0.271670   1.337518     920.393 0   0.186839   0.115271   0.087126  -0.005162  -0.079544   -18.9751   -20.1522   -20.6785   -20.9256   -21.0691     1.1771     1.7035     0.2470
163.006584  54.955473  18.9921  17.6370  16.9472  16.5900  16.3029    0.07290000   0.00016862  21857.089    50.551004   0.275682   1.357270     375.460 0   0.244869   0.194807   0.107794   0.027849  -0.020737   -18.7624   -20.0675   -20.6703   -20.9475   -21.1860     1.3050     1.9078     0.2773
163.773869  55.055711  19.0675  17.7175  17.1202  16.7366  16.5362    0.07270000   0.00014212  21795.182    42.606504   0.278026   1.368811     313.553 0   0.205486   0.143404   0.093130   0.007987  -0.051687   -18.6417   -19.9296   -20.4766   -20.7751   -20.9158     1.2879     1.8349     0.2985
163.209452  54.607088  19.0137  17.7520  17.1657  16.7862  16.5737    0.07560000   0.00008986  22656.575    26.939350   0.279332   1.375240    1174.947 1   0.213628   0.176394   0.107532   0.010774  -0.071274   -18.7677   -19.9921   -20.5096   -20.7923   -20.9228     1.2245     1.7419     0.2827
163.858405  54.694988  19.2191  17.7353  16.9974  16.6028  16.3451    0.07380000   0.00015742  22119.377    47.193329   0.282107   1.388903     637.748 0   0.278641   0.222719   0.110697   0.042237   0.014669   -18.5747   -20.0026   -20.6285   -20.9546   -21.1848     1.4279     2.0538     0.3261
163.571028  54.570105  18.8633  17.7828  17.3350  17.0089  16.8767    0.08040000   0.00009080  24097.378    27.221155   0.288577   1.420759    2615.749 1   0.172696   0.101838   0.094008  -0.039823  -0.093955   -19.0325   -20.0421   -20.4821   -20.6744   -20.7525     1.0096     1.4496     0.1923
163.963338  54.924816  18.6420  17.1367  16.4700  16.1082  15.8047    0.07610000   0.00015979  22826.348    47.903837   0.305420   1.503679    1344.719 1   0.005269   0.003567   0.001338   0.001032   0.001028   -18.9454   -20.4490   -21.1134   -21.4749   -21.7784     1.5036     2.1681     0.3615
163.316970  55.157161  19.2424  17.3128  16.3704  15.9121  15.6086    0.07430000   0.00017797  22276.079    53.354064   0.316426   1.557870     794.450 0   0.503391   0.422401   0.164135   0.100578   0.067910   -18.8121   -20.6607   -21.3449   -21.7396   -22.0105     1.8486     2.5327     0.3947
163.245888  55.196116  19.3030  18.0093  17.3232  16.8507  16.6054    0.07390000   0.00009416  22141.322    28.228458   0.365335   1.798664     659.693 0   0.295874   0.314227   0.149439   0.046909  -0.025555   -18.5079   -19.8200   -20.3413   -20.7113   -20.8841     1.3121     1.8334     0.3700
163.075442  55.173007  19.7665  17.8708  16.9189  16.4878  16.1371    0.07480000   0.00015447  22427.024    46.308941   0.388055   1.910519     945.396 0   0.451863   0.354957   0.131077   0.092583   0.068629   -18.2299   -20.0287   -20.7567   -21.1493   -21.4761     1.7988     2.5268     0.3926
162.797660  54.714914  18.5994  16.7194  15.8446  15.4641  15.1505    0.07070000   0.00016791  21192.809    50.338152   0.398579   1.962333    -288.820 0   0.279153   0.213988   0.082009   0.048206   0.050596   -19.1014   -20.9162   -21.6590   -22.0057   -22.3217     1.8148     2.5577     0.3467
163.676495  55.232641  19.2613  18.0296  17.4030  17.0145  16.7778    0.07370000   0.00016362  22105.197    49.052042   0.404436   1.991167     623.568 0   0.231353   0.213378   0.119034   0.018911  -0.062924   -18.5035   -19.7172   -20.2495   -20.5379   -20.6927     1.2137     1.7460     0.2884
162.827990  54.628136  19.3206  17.7607  16.9742  16.5633  16.2719    0.07900000   0.00011504  23687.022    34.488124   0.420773   2.071600    2205.393 1   0.315968   0.261443   0.121642   0.054576   0.026743   -18.6802   -20.1856   -20.8323   -21.1761   -21.4397     1.5054     2.1521     0.3438
163.053862  55.220190  18.6612  17.1339  16.4147  16.0617  15.8045    0.07290000   0.00013663  21847.915    40.960644   0.434502   2.139192     366.286 0   0.097796   0.064318   0.031738   0.016472   0.017309   -18.9463   -20.4401   -21.1267   -21.4645   -21.7225     1.4938     2.1804     0.3377
162.879308  54.541755  18.8092  17.2614  16.5004  16.0929  15.7820    0.07110000   0.00015181  21303.402    45.511493   0.450097   2.215973    -178.227 0   0.295983   0.240160   0.115016   0.048249   0.022090   -18.9420   -20.4339   -21.0698   -21.4105   -21.6953     1.4920     2.1278     0.3407
163.005717  55.242896  18.5136  16.8207  16.0174  15.6069  15.2934    0.07180000   0.00015747  21530.765    47.208318   0.468506   2.306607      49.136 0   0.214531   0.163793   0.064507   0.034428   0.041449   -19.1775   -20.8196   -21.5236   -21.9041   -22.2246     1.6422     2.3462     0.3804
162.839036  55.170805  20.3373  18.5198  17.6907  17.2884  17.0164    0.07360000   0.00015350  22070.301    46.018142   0.475641   2.341735     588.672 0   0.243869   0.184911   0.073472   0.039337   0.044742   -17.4371   -19.1956   -19.9133   -20.2814   -20.5589     1.7585     2.4762     0.3682
163.251877  55.334907  19.0316  17.8384  17.1869  16.7772  16.5281    0.07330000   0.00008081  21983.751    24.226229   0.498010   2.451865     502.122 0   0.243465   0.262894   0.135006   0.027903  -0.061442   -18.7335   -19.9461   -20.4697   -20.7723   -20.9321     1.2126     1.7362     0.3026
162.833188  55.200164  18.4745  17.0057  16.2332  15.8096  15.5079    0.07420000   0.00019020  22234.497    57.020526   0.498307   2.453326     752.869 0   0.344170   0.306542   0.140690   0.060883   0.020191   -19.4179   -20.8491   -21.4557   -21.7995   -22.0605     1.4312     2.0378     0.3438
164.281297  54.641715  18.5707  17.6929  17.4020  17.1001  16.9980    0.06260000   0.00007566  18773.933    22.682297   0.522480   2.572339   -2707.696 1   0.162295   0.030391   0.081982  -0.059999  -0.027234   -18.7479   -19.4938   -19.8363   -19.9962   -20.1311     0.7459     1.0884     0.1599
162.746566  55.185373  18.5477  16.6708  15.7831  15.3726  15.0428    0.07410000   0.00017211  22212.283    51.597280   0.525374   2.586588     730.654 0   0.307797   0.236453   0.086278   0.055875   0.056338   -19.3054   -21.1109   -21.8484   -22.2285   -22.5588     1.8056     2.5431     0.3801
162.783912  55.216238  19.7115  17.9040  17.0281  16.5588  16.2059    0.07420000   0.00015234  22259.110    45.670383   0.529854   2.608643     777.482 0   0.439296   0.370863   0.149809   0.088929   0.057649   -18.2760   -20.0151   -20.6699   -21.0783   -21.4000     1.7391     2.3939     0.4084
163.028609  55.323401  19.5407  17.7224  16.8384  16.4253  16.1316    0.07260000   0.00016154  21776.954    48.428474   0.531682   2.617642     295.326 0   0.324076   0.251475   0.095440   0.060144   0.055939   -18.2628   -20.0085   -20.7365   -21.1143   -21.4038     1.7457     2.4737     0.3778
163.089174  55.344001  18.6470  16.7894  15.8483  15.3855  15.0325    0.07430000   0.00019191  22286.361    57.533171   0.535679   2.637319     804.733 0   0.507513   0.423846   0.163989   0.101414   0.068812   -19.4117   -21.1856   -21.8668   -22.2671   -22.5875     1.7739     2.4552     0.4002
164.205639  55.166031  19.2267  18.0283  17.4907  17.1651  16.9847    0.07220000   0.00009763  21658.476    29.268738   0.538176   2.649613     176.848 0   0.174044   0.088886   0.077816  -0.006027  -0.078852   -18.4360   -19.5492   -20.0758   -20.3175   -20.4251     1.1132     1.6398     0.2418
164.271412  55.114484  18.7769  17.5030  17.0638  16.7637  16.6260    0.06600000   0.00009560  19801.232    28.660159   0.542340   2.670117   -1680.397 1   0.163717   0.059921   0.075893  -0.022738  -0.080740   -18.6585   -19.8286   -20.2838   -20.4852   -20.5649     1.1701     1.6253     0.2015
162.855067  55.273558  19.7808  17.9376  17.0384  16.6226  16.3405    0.07410000   0.00015988  22216.030    47.930818   0.544356   2.680041     734.402 0   0.315652   0.242228   0.087242   0.057889   0.057858   -18.0801   -19.8499   -20.5941   -20.9806   -21.2626     1.7698     2.5140     0.3864
163.107381  55.363758  19.6193  17.7839  16.8925  16.4973  16.1917    0.07400000   0.00018611  22192.946    55.794374   0.550117   2.708403     711.318 0   0.303539   0.233339   0.086027   0.054756   0.055346   -18.2266   -19.9918   -20.7358   -21.0998   -21.4060     1.7652     2.5093     0.3639
162.527191  54.698819  19.2896  18.0669  17.4882  17.1542  16.8943    0.07870000   0.00015863  23584.913    47.556078   0.551816   2.716771    2103.284 1   0.196442   0.144528   0.098315   0.000442  -0.084706   -18.5834   -19.7542   -20.2867   -20.5228   -20.6975     1.1708     1.7033     0.2361
162.868121  55.290350  19.0054  18.0794  17.7504  17.5126  17.3982    0.07370000   0.00008145  22087.179    24.418096   0.552944   2.722323     605.551 0   0.140161   0.020711   0.074539  -0.038849  -0.018263   -18.6682   -19.4748   -19.8576   -19.9820   -20.1170     0.8066     1.1894     0.1244
164.227033  54.523472  18.4111  17.2092  16.6453  16.2807  16.0542    0.07250000   0.00009458  21735.763    28.354371   0.554311   2.729053     254.134 0   0.198976   0.155928   0.102536   0.001562  -0.086867   -19.2612   -20.4200   -20.9305   -21.1942   -21.3322     1.1589     1.6694     0.2636
163.155864  54.319679  18.5469  17.4345  16.9091  16.5251  16.3918    0.07370000   0.00008465  22093.115    25.377432   0.556526   2.739958     611.487 0   0.176425   0.178472   0.113027  -0.017834  -0.103430   -19.1630   -20.2774   -20.7374   -20.9905   -21.0382     1.1144     1.5744     0.2531
164.173512  55.225469  18.5178  17.4404  16.9901  16.7505  16.6150    0.06640000   0.00016576  19905.800    49.693598   0.561215   2.763043   -1575.829 1   0.082037   0.020704   0.030680   0.004261  -0.037169   -18.8491   -19.8651   -20.3254   -20.5386   -20.6327     1.0161     1.4763     0.2132
162.806415  55.282795  19.5953  17.8100  16.9510  16.5687  16.2939    0.07370000   0.00015798  22097.222    47.361213   0.569363   2.803156     615.594 0   0.265914   0.202875   0.079641   0.044551   0.047872   -18.2041   -19.9263   -20.6621   -21.0093   -21.2874     1.7223     2.4580     0.3472
162.774453  55.270986  18.6215  16.9698  16.1468  15.7281  15.4401    0.07340000   0.00013897  21994.124    41.662158   0.572752   2.819843     512.495 0   0.317687   0.253003   0.108201   0.058094   0.044234   -19.2208   -20.8078   -21.4860   -21.8546   -22.1287     1.5870     2.2652     0.3686
162.920190  55.338958  18.8632  17.5712  16.8930  16.4755  16.2067    0.07610000   0.00016916  22807.701    50.712892   0.575992   2.835797    1326.072 1   0.272672   0.252295   0.128859   0.035994  -0.027957   -18.9916   -20.2632   -20.8180   -21.1426   -21.3474     1.2716     1.8264     0.3246
163.156965  54.296148  18.3483  17.0682  16.4366  16.1166  15.9056    0.07340000   0.00018482  22011.901    55.407642   0.578809   2.849662     530.273 0   0.069679   0.033253   0.019785   0.009556   0.001415   -19.2460   -20.4896   -21.1078   -21.4175   -21.6204     1.2437     1.8618     0.3098
164.307364  54.544771  18.3477  17.4893  17.1881  16.9513  16.8477    0.07130000   0.00007385  21390.132    22.139673   0.580840   2.859663     -91.497 0   0.120611   0.015422   0.062754  -0.026679  -0.011993   -19.2342   -19.9874   -20.3360   -20.4833   -20.6016     0.7532     1.1017     0.1474
162.811264  55.308286  19.7085  17.9503  17.0769  16.6602  16.3653    0.07630000   0.00015094  22871.916    45.250674   0.587222   2.891086    1390.288 1   0.334261   0.262862   0.103422   0.063231   0.054121   -18.2348   -19.9216   -20.6356   -21.0121   -21.2979     1.6868     2.4008     0.3765
162.619315  55.193099  20.0678  18.3193  17.4715  17.0691  16.7856    0.07170000   0.00017546  21506.152    52.601585   0.588117   2.895490      24.523 0   0.284465   0.218540   0.088038   0.048655   0.048236   -17.6689   -19.3515   -20.0688   -20.4318   -20.7149     1.6826     2.3999     0.3630
162.895012  55.357877  20.3826  18.5682  17.6390  17.2232  16.8438    0.07440000   0.00014922  22300.122    44.735031   0.599719   2.952610     818.493 0   0.428608   0.341371   0.129126   0.087931   0.064737   -17.5970   -19.3242   -20.0411   -20.4157   -20.7719     1.7272     2.4441     0.3746
162.993372  55.391877  18.6973  16.8759  16.0208  15.6334  15.3704    0.07270000   0.00015968  21785.079    47.870860   0.602030   2.963986     303.450 0   0.276154   0.211385   0.082955   0.047071   0.049016   -19.0825   -20.8392   -21.5658   -21.9174   -22.1823     1.7566     2.4833     0.3515
162.660962  55.247606  19.1438  18.0786  17.4941  17.0997  16.9190    0.07280000   0.00008765  21831.336    26.276809   0.603261   2.970048     349.708 0   0.180174   0.248156   0.131623  -0.001138  -0.095866   -18.5218   -19.6550   -20.1230   -20.3846   -20.4706     1.1332     1.6011     0.2616
162.947487  55.385664  17.4898  15.5023  14.5870  14.1622  13.8302    0.07390000   0.00023057  22156.162    69.123147   0.608524   2.995960     674.533 0   0.373949   0.289896   0.105786   0.073096   0.063057   -20.3992   -22.3027   -23.0338   -23.4260   -23.7479     1.9034     2.6346     0.3921
162.454743  54.624864  18.7875  17.5551  17.0918  16.7871  16.6358    0.06660000   0.00008281  19974.752    24.825813   0.615095   3.028313   -1506.877 1   0.160957   0.061591   0.073260  -0.014278  -0.081008   -18.6648   -19.7979   -20.2728   -20.4900   -20.5746     1.1330     1.6080     0.2172
162.885608  55.374950  20.0641  18.3018  17.4404  17.0625  16.7752    0.07680000   0.00015042  23024.840    45.094782   0.617073   3.038048    1543.212 1   0.286235   0.220027   0.087905   0.049276   0.048961   -17.8212   -19.5173   -20.2466   -20.5859   -20.8728     1.6961     2.4254     0.3393
162.416115  55.018911  18.8543  17.9745  17.6519  17.4299  17.3509    0.07490000   0.00008319  22460.781    24.939735   0.618176   3.043480     979.152 0   0.120431   0.016053   0.062308  -0.025478  -0.014014   -18.8105   -19.5860   -19.9548   -20.0890   -20.1795     0.7754     1.1443     0.1342
162.699686  54.397284  19.8620  18.3273  17.6206  17.1764  16.8766    0.06550000   0.00010311  19627.502    30.911600   0.625342   3.078760   -1854.126 1   0.301147   0.252021   0.122214   0.048340   0.013740   -17.6942   -19.1798   -19.7567   -20.1270   -20.3922     1.4856     2.0625     0.3703
164.028874  54.318895  18.9428  17.9900  17.6135  17.3118  17.2196    0.06260000   0.00006716  18778.640    20.134061   0.627315   3.088474   -2702.989 1   0.144502   0.098107   0.097313  -0.088906  -0.053859   -18.3580   -19.2644   -19.6402   -19.7556   -19.8829     0.9064     1.2821     0.1155
162.883134  55.401607  19.6136  17.6695  16.7640  16.3470  16.0283    0.07720000   0.00018585  23131.476    55.716428   0.640627   3.154015    1649.848 1   0.346243   0.266911   0.096825   0.065791   0.060831   -18.3672   -20.2320   -20.9674   -21.3534   -21.6671     1.8648     2.6002     0.3860
162.332505  54.947978  19.4750  17.9651  17.1718  16.7489  16.4563    0.07440000   0.00018357  22299.163    55.032902   0.650212   3.201203     817.534 0   0.343746   0.297852   0.135899   0.061423   0.026092   -18.4197   -19.8838   -20.5151   -20.8635   -21.1208     1.4640     2.0954     0.3484
162.973402  55.451783  18.7987  17.3613  16.5818  16.1965  15.8997    0.07320000   0.00014950  21957.579    44.818972   0.661147   3.255038     475.951 0   0.326513   0.286742   0.134721   0.055214   0.014892   -19.0252   -20.4228   -21.0503   -21.3561   -21.6126     1.3976     2.0251     0.3058
162.939250  55.445232  19.1277  17.5872  16.7964  16.3992  16.1361    0.07310000   0.00015161  21905.415    45.451535   0.663647   3.267349     423.787 0   0.303897   0.245840   0.114392   0.051737   0.029060   -18.6918   -20.1743   -20.8336   -21.1682   -21.4086     1.4824     2.1418     0.3345
164.338083  54.419957  18.6920  17.3598  16.7123  16.3625  16.1018    0.07240000   0.00015759  21719.844    47.244293   0.668535   3.291416     238.215 0   0.222876   0.174233   0.104017   0.017715  -0.047643   -19.0043   -20.2879   -20.8652   -21.1287   -21.3240     1.2836     1.8608     0.2635
164.409391  55.241995  19.4823  17.8205  16.9508  16.5145  16.1147    0.06620000   0.00017197  19855.914    51.555309   0.677773   3.336894   -1625.715 1   0.407313   0.340816   0.139827   0.082125   0.053454   -18.2211   -19.8164   -20.4851   -20.8637   -21.2348     1.5953     2.2640     0.3786
163.166384  54.176927  19.4363  18.0228  17.6050  17.3581  17.2728    0.06350000   0.00008837  19047.584    26.492660   0.692460   3.409204   -2434.045 1   0.113969   0.028815   0.051937  -0.002452  -0.049644   -17.8651   -19.1935   -19.6344   -19.8269   -19.8650     1.3283     1.7693     0.1925
163.477917  54.156057  18.3603  17.0816  16.5092  16.2027  15.9785    0.06180000   0.00016081  18523.936    48.209625   0.694143   3.417490   -2957.692 1   0.113403   0.049465   0.043445   0.012699  -0.025498   -18.9027   -20.1175   -20.6838   -20.9596   -21.1456     1.2148     1.7811     0.2758
162.700042  54.303277  19.1584  17.2615  16.5292  16.1379  15.8587    0.07240000   0.00016806  21703.355    50.383120   0.696298   3.428099     221.727 0   0.006221   0.006013   0.002096   0.001816   0.001530   -18.3213   -20.2180   -20.9463   -21.3374   -21.6163     1.8967     2.6251     0.3910
162.928231  55.492413  19.3137  17.5563  16.6870  16.2901  15.9766    0.07400000   0.00015405  22184.402    46.183028   0.708932   3.490303     702.773 0   0.305897   0.237433   0.094110   0.054844   0.051279   -18.5345   -20.2235   -20.9494   -21.3071   -21.6170     1.6889     2.4149     0.3576
164.079707  54.237902  19.0030  17.7400  17.0262  16.6449  16.4132    0.07260000   0.00019427  21769.999    58.240681   0.711697   3.503916     288.370 0   0.272933   0.283435   0.140207   0.039291  -0.038772   -18.7494   -20.0229   -20.5935   -20.8738   -21.0275     1.2735     1.8441     0.2804
162.970618  55.507796  19.2118  17.2550  16.3518  15.9417  15.6569    0.07220000   0.00018836  21652.390    56.468907   0.713126   3.510948     170.762 0   0.315486   0.241948   0.086804   0.057837   0.058018   -18.5923   -20.4756   -21.2237   -21.6048   -21.8898     1.8833     2.6313     0.3811
162.614427  55.387360  19.9668  18.1481  17.2933  16.8663  16.5986    0.07340000   0.00014942  22009.533    44.794989   0.720844   3.548949     527.905 0   0.274659   0.210526   0.079317   0.047349   0.050861   -17.8324   -19.5870   -20.3106   -20.7056   -20.9768     1.7546     2.4782     0.3950
164.676339  55.004949  18.2052  16.8295  16.2383  15.8783  15.6075    0.05860000   0.00008100  17580.729    24.283189   0.723392   3.561493   -3900.899 1   0.197823   0.128369   0.086601   0.006771  -0.046603   -19.0011   -20.3074   -20.8568   -21.1370   -21.3544     1.3062     1.8557     0.2802
