199.104970   0.841789  20.0298  18.2225  17.3501  16.9703  16.6648    0.07730000   0.00015458  23187.238    46.341918   0.019851   0.107267    -623.478 0   0.293120   0.225568   0.087100   0.051618   0.051761   -17.8978   -19.6375   -20.3715   -20.7158   -21.0214     1.7397     2.4737     0.3443
199.135684   0.870249  18.2137  16.2577  15.3370  14.9272  14.5930    0.07990000   0.00018732  23952.098    56.157123   0.027343   0.147752     141.382 0   0.358173   0.276247   0.099951   0.068825   0.062156   -19.8328   -21.7069   -22.4513   -22.8299   -23.1575     1.8741     2.6185     0.3787
199.100563   0.859665  18.6363  16.8437  15.9328  15.4832  15.1165    0.07890000   0.00019944  23651.227    59.790608   0.027929   0.150916    -159.490 0   0.460709   0.386321   0.153211   0.093577   0.061935   -19.4853   -21.2035   -21.8813   -22.2712   -22.6063     1.7182     2.3960     0.3900
199.092283   0.848222  20.2574  18.1147  17.2282  16.8379  16.5225    0.08070000   0.00014727  24196.939    44.150435   0.032359   0.174853     386.223 0   0.263653   0.203270   0.073118   0.045438   0.051215   -17.7135   -19.7958   -20.5521   -20.9147   -21.2359     2.0823     2.8387     0.3626
199.149133   0.869778  18.3786  16.2698  15.3667  14.9618  14.6363    0.07830000   0.00019381  23483.463    58.102776   0.034723   0.187627    -327.253 0   0.345982   0.266413   0.096296   0.065675   0.061009   -19.6087   -21.6379   -22.3709   -22.7452   -23.0660     2.0292     2.7622     0.3743
199.135026   0.882876  21.9574  20.1426  19.2769  18.9426  18.5637    0.07960000   0.00016784  23862.790    50.317166   0.039027   0.210884      52.074 0   0.146677   0.123551   0.045603   0.028555   0.033221   -15.8906   -17.6823   -18.4700   -18.7873   -19.1708     1.7917     2.5794     0.3173
199.080957   0.837518  19.6899  17.7140  16.8152  16.3705  16.0089    0.07990000   0.00019337  23942.265    57.970868   0.044238   0.239043     131.549 0   0.400762   0.312489   0.114694   0.080169   0.064902   -18.3992   -20.2868   -20.9878   -21.3980   -21.7443     1.8876     2.5886     0.4102
199.083918   0.863278  18.7471  16.8322  15.9542  15.5572  15.2369    0.07820000   0.00018966  23433.098    56.858638   0.044397   0.239899    -377.619 0   0.265831   0.204782   0.073895   0.045906   0.051399   -19.1602   -21.0140   -21.7611   -22.1301   -22.4559     1.8539     2.6010     0.3690
199.090919   0.885980  19.4807  18.1977  17.5591  17.2127  16.9319    0.07800000   0.00009590  23378.895    28.750097   0.052762   0.285102    -431.821 0   0.224442   0.181789   0.107396   0.017264  -0.053170   -18.3796   -19.6199   -20.1842   -20.4404   -20.6508     1.2403     1.8046     0.2563
199.099592   0.770240  19.5399  17.9557  17.2233  16.8189  16.5099    0.08080000   0.00015451  24225.359    46.320933   0.079079   0.427306     414.643 0   0.186405   0.131717   0.061670   0.026288   0.031337   -18.3804   -19.9099   -20.5723   -20.9413   -21.2554     1.5295     2.1919     0.3690
199.149094   0.757559  18.6685  17.0115  16.2581  15.7737  15.5082    0.07270000   0.00017279  21785.768    51.801139   0.091110   0.492316   -2024.948 1   0.340822   0.292973   0.133824   0.060884   0.026822   -19.1760   -20.7852   -21.3794   -21.7909   -22.0223     1.6092     2.2034     0.4115
199.107524   0.941001  19.6426  18.0282  17.2555  16.8677  16.5469    0.07930000   0.00015331  23781.936    45.961182   0.097205   0.525251     -28.780 0   0.129336   0.101868   0.042280   0.024195   0.027761   -18.1769   -19.7639   -20.4770   -20.8467   -21.1711     1.5869     2.3000     0.3697
199.144168   0.954520  19.4253  17.5469  16.6245  16.2169  15.8841    0.08030000   0.00016450  24073.604    49.315859   0.110983   0.599699     262.888 0   0.352619   0.272112   0.098792   0.067456   0.061413   -18.6265   -20.4244   -21.1735   -21.5498   -21.8765     1.7979     2.5470     0.3763
199.213997   0.768359  20.0891  18.2984  17.3682  16.8896  16.5169    0.07930000   0.00015062  23761.790    45.154740   0.118002   0.637628     -48.926 0   0.524130   0.453632   0.176308   0.101535   0.069146   -18.1252   -19.8454   -20.4983   -20.9021   -21.2424     1.7202     2.3731     0.4038
199.128076   0.981695  20.3147  18.4768  17.5769  17.1350  16.7793    0.08180000   0.00016677  24531.717    49.996388   0.136450   0.737314     721.001 0   0.431532   0.358975   0.143732   0.088092   0.058631   -17.8776   -19.6429   -20.3276   -20.7138   -21.0401     1.7653     2.4500     0.3863
199.251602   0.925442  18.4625  16.4879  15.5823  15.1675  14.8085    0.08140000   0.00017867  24417.766    53.563918   0.150242   0.811836     607.050 0   0.368359   0.285105   0.103814   0.071587   0.062712   -19.6559   -21.5473   -22.2716   -22.6541   -23.0043     1.8913     2.6157     0.3826
198.998818   0.941732  17.3303  16.2914  15.8095  15.4760  15.3156    0.08300000   0.00008653  24880.196    25.941041   0.158418   0.856019    1069.480 1   0.163175   0.141194   0.104865  -0.040683  -0.096575   -20.6042   -21.6211   -22.0667   -22.2546   -22.3591     1.0169     1.4625     0.1880
199.278462   0.787214  18.3300  16.7868  16.0412  15.6158  15.3541    0.07290000   0.00015307  21846.896    45.889232   0.164524   0.889014   -1963.820 1   0.261900   0.198514   0.094447   0.037997   0.029594   -19.4416   -20.9214   -21.5629   -21.9319   -22.1852     1.4798     2.1213     0.3690
199.278786   0.914217  19.5257  18.0976  17.5059  17.1878  16.9591    0.08080000   0.00017102  24231.535    51.270506   0.168956   0.912961     420.819 0   0.125451   0.060590   0.048212   0.013863  -0.013832   -18.3337   -19.6969   -20.2762   -20.5600   -20.7610     1.3632     1.9426     0.2838
199.295535   0.913558  16.9802  15.4732  14.7559  14.3582  14.0868    0.08060000   0.00015026  24165.101    45.046815   0.184127   0.994939     354.385 0   0.238101   0.173018   0.088550   0.029131   0.020156   -20.9652   -22.4072   -23.0400   -23.3783   -23.6407     1.4419     2.0747     0.3383
199.261212   0.714808  18.6320  17.4596  16.9304  16.5736  16.3854    0.08030000   0.00017578  24067.578    52.697518   0.188968   1.021094     256.862 0   0.185421   0.155076   0.105471  -0.012345  -0.102480   -19.2526   -20.3947   -20.8743   -21.1133   -21.2113     1.1421     1.6217     0.2390
199.277718   0.982322  19.5479  17.6793  16.7237  16.2707  15.9016    0.07880000   0.00015721  23623.886    47.130372   0.205534   1.110613    -186.831 0   0.489197   0.406365   0.157899   0.098966   0.066854   -18.6177   -20.4035   -21.1106   -21.5047   -21.8417     1.7858     2.4929     0.3941
198.993492   1.008611  18.9886  17.4897  16.7037  16.3178  16.0260    0.08110000   0.00017441  24310.021    52.286803   0.209370   1.131341     499.304 0   0.306193   0.252202   0.119511   0.051178   0.022748   -19.0384   -20.4833   -21.1366   -21.4542   -21.7176     1.4449     2.0982     0.3176
199.233529   1.030154  19.1817  17.6802  16.8153  16.4000  16.0790    0.08030000   0.00016338  24084.846    48.980092   0.214608   1.159643     274.130 0   0.413074   0.372287   0.158383   0.080721   0.042343   -18.9306   -20.3913   -21.0423   -21.3799   -21.6626     1.4607     2.1117     0.3376
199.167830   1.078390  19.8170  18.1744  17.3358  16.9071  16.5695    0.08150000   0.00015350  24430.657    46.018142   0.237089   1.281120     619.941 0   0.377302   0.316181   0.134093   0.074072   0.046405   -18.2918   -19.8733   -20.5298   -20.8985   -21.2084     1.5815     2.2380     0.3687
199.171142   0.589085  17.6775  16.7101  16.3375  16.0280  15.8640    0.08130000   0.00008262  24363.743    24.768853   0.260414   1.407158     553.027 0   0.158880   0.086978   0.095743  -0.077527  -0.059770   -20.2288   -21.1242   -21.5056   -21.6418   -21.8236     0.8955     1.2769     0.1362
198.855035   0.818665  19.5164  17.7770  16.8837  16.4446  16.1369    0.08070000   0.00015128  24194.301    45.352603   0.270760   1.463060     383.584 0   0.418828   0.357467   0.147925   0.083684   0.052083   -18.6096   -20.2877   -20.9714   -21.3463   -21.6224     1.6780     2.3618     0.3749
199.364238   0.685445  19.5779  18.1152  17.3889  16.9672  16.6651    0.07310000   0.00018794  21920.675    56.342995   0.288109   1.556810   -1890.042 1   0.291919   0.241608   0.118972   0.045335   0.011147   -18.2297   -19.6421   -20.2457   -20.5938   -20.8617     1.4124     2.0161     0.3481
199.446424   0.800331  19.7535  18.0352  17.2914  16.9384  16.6935    0.07890000   0.00016170  23645.620    48.476440   0.325002   1.756162    -165.096 0   0.089731   0.064806   0.028972   0.016979   0.018215   -17.9971   -19.6905   -20.3984   -20.7394   -20.9856     1.6934     2.4013     0.3410
199.245823   0.538581  18.2338  17.1168  16.6391  16.3035  16.1213    0.08120000   0.00008150  24357.178    24.433085   0.329824   1.782218     546.462 0   0.177002   0.115070   0.095383  -0.026820  -0.100870   -19.6639   -20.7189   -21.1770   -21.3904   -21.4985     1.0551     1.5131     0.2134
198.915730   0.569047  19.0375  17.7016  16.9841  16.5841  16.3427    0.08160000   0.00015051  24451.942    45.121763   0.346254   1.870994     641.226 0   0.284914   0.264152   0.132011   0.040725  -0.019596   -18.9816   -20.2968   -20.8821   -21.1908   -21.3719     1.3151     1.9005     0.3087
198.948413   1.160299  19.8446  18.0770  17.1541  16.7090  16.3533    0.08000000   0.00014900  23993.889    44.669076   0.360879   1.950024     183.173 0   0.470241   0.402618   0.160893   0.094313   0.061112   -18.3379   -20.0379   -20.7190   -21.0976   -21.4201     1.7000     2.3812     0.3785
199.438815   1.064884  19.2483  17.4860  16.6097  16.1900  15.8464    0.07890000   0.00011547  23657.312    34.617035   0.383388   2.071651    -153.404 0   0.370128   0.300824   0.122563   0.073394   0.052664   -18.7827   -20.4757   -21.1737   -21.5443   -21.8671     1.6930     2.3910     0.3705
199.424841   1.108523  19.5614  17.8160  16.9068  16.4592  16.1238    0.08130000   0.00015402  24368.630    46.174034   0.399336   2.157829     557.914 0   0.462591   0.397823   0.160099   0.092727   0.059329   -18.6486   -20.3292   -21.0007   -21.3809   -21.6829     1.6806     2.3521     0.3802
199.518860   0.939535  19.4109  17.7371  16.9056  16.5424  16.2316    0.07420000   0.00016542  22232.039    49.591668   0.405412   2.190657   -1578.677 1   0.263036   0.199242   0.084446   0.042035   0.042787   -18.4003   -20.0104   -20.7271   -21.0478   -21.3594     1.6100     2.3267     0.3208
199.318334   0.470061  18.1659  16.8221  16.2311  15.8881  15.6675    0.08160000   0.00018280  24462.525    54.802061   0.422323   2.282037     651.809 0   0.173183   0.094146   0.070694   0.008883  -0.033063   -19.7415   -21.0063   -21.5738   -21.8550   -22.0336     1.2648     1.8323     0.2812
198.681633   0.801700  18.3746  17.3502  16.8270  16.4846  16.2702    0.08020000   0.00018015  24029.715    54.007611   0.444971   2.404417     218.998 0   0.170049   0.178433   0.113256  -0.022127  -0.102709   -19.5103   -20.5431   -21.0011   -21.2081   -21.3419     1.0328     1.4908     0.2070
199.510464   0.617603  20.1171  18.1767  17.2962  16.8980  16.5647    0.07490000   0.00015884  22466.657    47.619034   0.448072   2.421176   -1344.060 1   0.290909   0.223249   0.080061   0.051767   0.054966   -17.7182   -19.5909   -20.3283   -20.6982   -21.0347     1.8727     2.6101     0.3699
199.509774   1.114086  17.7400  15.8169  14.8808  14.4493  14.1185    0.08080000   0.00018246  24230.606    54.700132   0.469729   2.538199     419.889 0   0.415108   0.324576   0.119439   0.083901   0.065859   -20.4090   -22.2416   -22.9726   -23.3685   -23.6813     1.8326     2.5635     0.3960
199.543540   0.578180  19.3231  17.6883  16.8593  16.3868  16.0374    0.07520000   0.00017807  22547.331    53.384043   0.496885   2.684938   -1263.385 1   0.398052   0.340820   0.144124   0.078276   0.046830   -18.6523   -20.2299   -20.8622   -21.2689   -21.5868     1.5776     2.2099     0.4067
198.881284   0.407548  19.0974  17.4599  16.6041  16.1272  15.7762    0.07850000   0.00018379  23533.708    55.098856   0.500765   2.705905    -277.008 0   0.459910   0.403197   0.163823   0.091432   0.056740   -19.0123   -20.5931   -21.2095   -21.6140   -21.9303     1.5808     2.1972     0.4045
199.594532   0.650006  18.0255  16.9093  16.5021  16.2222  16.1095    0.07510000   0.00008089  22509.557    24.250212   0.508928   2.750010   -1301.159 1   0.152072   0.040827   0.073409  -0.025194  -0.060803   -19.7011   -20.7060   -21.1458   -21.3271   -21.4042     1.0050     1.4447     0.1813
198.610429   0.908922  18.5887  16.6979  15.7318  15.2810  14.9032    0.08040000   0.00018078  24108.290    54.196481   0.517951   2.798768     297.574 0   0.537209   0.430129   0.160632   0.107263   0.074943   -19.6716   -21.4553   -22.1519   -22.5494   -22.8949     1.7837     2.4803     0.3974
199.168939   0.310655  19.3760  17.5288  16.6818  16.2863  15.9955    0.08130000   0.00016160  24363.503    48.446461   0.536478   2.898879     552.787 0   0.236703   0.182157   0.068618   0.039185   0.045934   -18.6081   -20.4007   -21.1342   -21.5003   -21.7978     1.7927     2.5261     0.3661
199.067036   0.308670  18.4594  17.2139  16.6493  16.2835  16.0714    0.08160000   0.00022429  24458.867    67.240450   0.539690   2.916236     648.151 0   0.194096   0.131528   0.092541  -0.001282  -0.077226   -19.4689   -20.6518   -21.1775   -21.4494   -21.5856     1.1829     1.7085     0.2720
199.525116   0.374248  18.9592  17.4763  16.8066  16.3664  16.1122    0.07710000   0.00010115  23115.198    30.324007   0.618329   3.341162    -695.519 0   0.247535   0.185516   0.097025   0.030468   0.011248   -18.8989   -20.3198   -20.9010   -21.2746   -21.5096     1.4209     2.0021     0.3736
199.660870   1.162400  19.3048  17.9331  17.2670  16.9404  16.7254    0.07790000   0.00015394  23347.867    46.150051   0.623037   3.366606    -462.850 0   0.087098   0.045675   0.027081   0.012283   0.006751   -18.4154   -19.7456   -20.3931   -20.7049   -20.9144     1.3303     1.9778     0.3118
198.686552   0.397911  18.7105  17.8350  17.6008  17.3114  17.2702    0.08100000   0.00007088  24297.849    21.249289   0.626031   3.382785     487.133 0   0.128603   0.017958   0.067847  -0.030442  -0.016044   -19.1574   -19.9223   -20.2064   -20.3975   -20.4531     0.7649     1.0489     0.1911
199.561936   0.394794  18.5265  17.4845  17.2273  16.9673  16.8760    0.07340000   0.00006708  21990.256    20.110078   0.627890   3.392828   -1820.460 1   0.142913   0.020980   0.076069  -0.041806  -0.017542   -19.1410   -20.0611   -20.3733   -20.5155   -20.6310     0.9201     1.2324     0.1421
199.588619   0.411285  19.4552  17.8354  17.0502  16.6288  16.3019    0.07700000   0.00017700  23082.610    53.063265   0.635382   3.433308    -728.106 1   0.312909   0.252489   0.113669   0.055493   0.035785   -18.4654   -20.0248   -20.6712   -21.0344   -21.3416     1.5594     2.2058     0.3632
198.603795   1.234255  19.2541  17.8456  17.1800  16.7637  16.5104    0.07990000   0.00009703  23959.683    29.088862   0.649908   3.511804     148.967 0   0.241646   0.181157   0.098462   0.027472  -0.000023   -18.6759   -20.0239   -20.6068   -20.9521   -21.1779     1.3480     1.9309     0.3453
198.528120   0.565931  19.3913  17.5379  16.6454  16.2506  15.9345    0.08110000   0.00016007  24324.950    47.987779   0.658519   3.558334     514.234 0   0.305000   0.234815   0.087655   0.055063   0.054897   -18.6345   -20.4177   -21.1631   -21.5253   -21.8412     1.7832     2.5286     0.3622
