195.704580  -2.510982  20.0661  18.2122  17.3489  16.9618  16.6107    0.08530000   0.00015279  25565.881    45.805290   0.008301   0.047664     373.421 0   0.203780   0.161348   0.059280   0.034786   0.042101   -17.9685   -19.7800   -20.5412   -20.9038   -21.2623     1.8115     2.5727     0.3626
195.706064  -2.514409  20.0462  18.2806  17.4604  17.0524  16.7046    0.07890000   0.00015479  23656.233    46.404875   0.009818   0.056372   -1536.226 1   0.155411   0.129320   0.047745   0.029444   0.034641   -17.7701   -19.5096   -20.2482   -20.6379   -20.9909     1.7395     2.4781     0.3897
195.720348  -2.520551  18.9113  17.0950  16.1636  15.7493  15.4158    0.08190000   0.00018050  24543.829    54.112539   0.017046   0.097870    -648.631 0   0.407845   0.326770   0.125762   0.083153   0.061523   -19.2599   -20.9952   -21.7256   -22.0973   -22.4091     1.7352     2.4656     0.3717
195.693853  -2.484048  20.2692  18.4534  17.5374  17.1127  16.7126    0.08590000   0.00017875  25747.465    53.587902   0.028109   0.161390     555.006 0   0.432114   0.353018   0.138287   0.088833   0.061522   -18.0302   -19.7669   -20.4682   -20.8434   -21.2162     1.7367     2.4380     0.3752
195.735627  -2.491723  19.5852  17.7475  16.8328  16.3878  16.0016    0.08380000   0.00017746  25126.685    53.201170   0.028238   0.162131     -65.774 0   0.450234   0.367017   0.142275   0.092692   0.064083   -18.6572   -20.4117   -21.1017   -21.4971   -21.8547     1.7545     2.4444     0.3954
195.722567  -2.463271  19.8547  18.0853  17.2718  16.8955  16.5589    0.08030000   0.00014915  24084.247    44.714045   0.044283   0.254258   -1108.213 0   0.100010   0.090220   0.033431   0.022899   0.024587   -17.9445   -19.7041   -20.4608   -20.8266   -21.1649     1.7596     2.5163     0.3658
195.692823  -2.562176  20.0536  18.2660  17.4224  17.0242  16.6692    0.08800000   0.00014656  26370.554    43.937583   0.059036   0.338965    1178.094 1   0.198369   0.158327   0.057766   0.034313   0.041505   -18.0409   -19.7885   -20.5315   -20.9063   -21.2685     1.7476     2.4906     0.3747
195.708391  -2.443927  18.3962  16.4548  15.5345  15.0966  14.7614    0.08250000   0.00019859  24746.279    59.535784   0.062241   0.357363    -446.181 0   0.376852   0.292045   0.106394   0.073803   0.063418   -19.7600   -21.6165   -22.3512   -22.7565   -23.0813     1.8566     2.5912     0.4053
195.759090  -2.456448  19.0396  17.2294  16.3163  15.8713  15.5069    0.08880000   0.00016221  26613.686    48.629335   0.068883   0.395501    1421.226 1   0.439029   0.362844   0.143633   0.090009   0.060716   -19.3179   -21.0519   -21.7458   -22.1372   -22.4723     1.7340     2.4279     0.3914
195.671929  -2.444999  18.9298  17.0563  16.1579  15.7177  15.3908    0.08320000   0.00017177  24948.638    51.495351   0.072667   0.417227    -243.821 0   0.384987   0.305696   0.117099   0.077173   0.060207   -19.2317   -21.0259   -21.7357   -22.1360   -22.4459     1.7942     2.5040     0.4003
195.769713  -2.555464  19.7924  17.8629  16.9897  16.5808  16.2840    0.08450000   0.00015357  25345.684    46.039128   0.076435   0.438864     153.224 0   0.252900   0.195687   0.070534   0.043260   0.049659   -18.2920   -20.1643   -20.9123   -21.2940   -21.5972     1.8723     2.6203     0.3816
195.705719  -2.594149  19.5674  17.8457  16.9642  16.5666  16.2738    0.08560000   0.00015321  25660.046    45.931202   0.088225   0.506558     467.586 0   0.327588   0.256310   0.100127   0.061242   0.054184   -18.6172   -20.2676   -20.9929   -21.3516   -21.6374     1.6504     2.3757     0.3587
195.625041  -2.477974  18.8732  17.7127  17.0832  16.7286  16.5007    0.08420000   0.00009593  25231.972    28.759090   0.090650   0.520481      39.513 0   0.209202   0.230868   0.126453   0.011415  -0.087098   -19.1598   -20.3419   -20.8670   -21.1066   -21.2360     1.1822     1.7073     0.2396
195.647059  -2.575969  20.1065  18.3377  17.4492  17.0526  16.7227    0.08060000   0.00015188  24173.195    45.532479   0.094872   0.544720   -1019.264 0   0.332374   0.259820   0.100341   0.062579   0.055462   -17.9332   -19.6295   -20.3585   -20.7173   -21.0401     1.6962     2.4253     0.3588
195.729592  -2.411627  19.6827  17.8291  16.8773  16.4049  16.0490    0.08280000   0.00018606  24811.573    55.779385   0.096224   0.552482    -380.886 0   0.520214   0.445567   0.173107   0.101607   0.069039   -18.6247   -20.4037   -21.0830   -21.4839   -21.8072     1.7790     2.4583     0.4009
195.760927  -2.421880  20.9047  18.9791  18.1745  17.7944  17.4790    0.08540000   0.00015432  25602.156    46.263972   0.097730   0.561130     409.696 0   0.092698   0.085251   0.031325   0.021984   0.023185   -17.0426   -18.9607   -19.7114   -20.0822   -20.3988     1.9182     2.6688     0.3708
195.660650  -2.421265  19.7797  17.8888  16.9622  16.5264  16.2190    0.08570000   0.00015523  25692.334    46.536783   0.098780   0.567161     499.874 0   0.395869   0.308525   0.113250   0.078923   0.064494   -18.4572   -20.2608   -20.9921   -21.3936   -21.6866     1.8036     2.5349     0.4015
195.615381  -2.536442  19.2748  18.1953  17.4957  17.1711  16.9376    0.08860000   0.00018227  26558.344    54.643171   0.100516   0.577125    1365.884 1   0.217667   0.298384   0.146666   0.029844  -0.077606   -18.8776   -20.0378   -20.5857   -20.7935   -20.9195     1.1602     1.7081     0.2078
195.764654  -2.595278  19.8589  18.0598  17.1704  16.7399  16.4073    0.08790000   0.00015318  26355.654    45.922209   0.103894   0.596521    1163.195 1   0.388385   0.311133   0.121064   0.078272   0.059003   -18.4258   -20.1476   -20.8470   -21.2347   -21.5480     1.7218     2.4212     0.3877
195.629143  -2.572077  19.4820  17.7324  16.8146  16.4164  16.0706    0.08410000   0.00016136  25221.929    48.374511   0.105308   0.604641      29.470 0   0.386512   0.312704   0.124190   0.077873   0.056728   -18.7229   -20.3987   -21.1280   -21.4799   -21.8045     1.6758     2.4051     0.3519
195.820467  -2.511131  19.2146  17.9195  17.3115  16.9522  16.6043    0.08390000   0.00021570  25161.251    64.665233   0.109179   0.626864     -31.208 0   0.219367   0.178420   0.107118   0.014394  -0.061126   -18.7996   -20.0537   -20.5904   -20.8570   -21.1294     1.2542     1.7909     0.2666
195.599845  -2.512856  20.0936  18.2302  17.2503  16.8450  16.4788    0.08270000   0.00014755  24791.667    44.234377   0.111553   0.640495    -400.793 0   0.460813   0.367035   0.137932   0.094953   0.067924   -18.1278   -19.8975   -20.6483   -21.0106   -21.3497     1.7696     2.5204     0.3623
195.752324  -2.396383  20.3314  18.3146  17.4259  17.0087  16.7101    0.08380000   0.00016475  25111.636    49.390807   0.117122   0.672472     -80.824 0   0.325248   0.249677   0.089737   0.060333   0.059054   -17.7860   -19.7273   -20.4560   -20.8438   -21.1412     1.9412     2.6700     0.3878
195.589529  -2.501701  18.0356  16.2272  15.3173  14.9342  14.6111    0.07980000   0.00018414  23909.947    55.203783   0.121734   0.698954   -1282.512 1   0.352979   0.276086   0.104331   0.068180   0.058815   -20.0030   -21.7345   -22.4726   -22.8196   -23.1333     1.7315     2.4697     0.3469
195.788703  -2.411575  19.0251  17.2039  16.2750  15.8430  15.5219    0.08610000   0.00017388  25808.413    52.127913   0.122126   0.701202     615.954 0   0.456063   0.376136   0.147314   0.093478   0.063334   -19.2822   -21.0234   -21.7235   -22.1017   -22.3926     1.7413     2.4414     0.3782
195.696060  -2.384439  19.3112  17.4959  16.5925  16.1262  15.8156    0.08240000   0.00016951  24693.515    50.817820   0.122610   0.703979    -498.945 0   0.446020   0.380967   0.154452   0.089762   0.057223   -18.8903   -20.6405   -21.3174   -21.7190   -21.9971     1.7502     2.4271     0.4016
195.577525  -2.526361  19.0463  17.9917  17.4912  17.2453  17.1306    0.08470000   0.00009243  25380.789    27.709817   0.135174   0.776118     188.330 0   0.000050   0.000014   0.000010   0.000006  -0.000023   -18.7692   -19.8238   -20.3243   -20.5702   -20.6849     1.0546     1.5551     0.2459
195.817015  -2.419792  19.2973  17.4073  16.4939  16.0564  15.7389    0.08440000   0.00017371  25292.380    52.076948   0.136394   0.783125      99.921 0   0.389543   0.303569   0.111589   0.077345   0.063868   -18.9000   -20.7040   -21.4254   -21.8287   -22.1327     1.8040     2.5254     0.4033
195.717225  -2.365793  18.9502  16.9566  16.0304  15.5887  15.2659    0.08470000   0.00018306  25378.211    54.880007   0.140431   0.806305     185.751 0   0.404841   0.316117   0.116245   0.081274   0.065093   -19.2701   -21.1750   -21.9013   -22.3081   -22.6147     1.9049     2.6312     0.4067
195.693105  -2.647017  19.0632  17.0620  16.1665  15.7603  15.4450    0.08280000   0.00015700  24808.605    47.067416   0.142085   0.815798    -383.854 0   0.324016   0.248675   0.089307   0.060016   0.058951   -19.0480   -20.9739   -21.7100   -22.0869   -22.4012     1.9259     2.6620     0.3769
195.573086  -2.542254  18.9873  17.2201  16.3028  15.9328  15.6193    0.08390000   0.00015759  25148.060    47.244293   0.142737   0.819543     -44.399 0   0.352308   0.279937   0.110653   0.068566   0.054949   -19.1598   -20.8546   -21.6026   -21.9306   -22.2304     1.6948     2.4428     0.3279
195.849312  -2.465218  18.5518  16.7562  15.8450  15.4407  15.1121    0.07940000   0.00016035  23789.431    48.071721   0.143813   0.825723   -1403.029 1   0.366493   0.289454   0.110989   0.072188   0.058724   -19.4893   -21.2079   -21.9406   -22.3061   -22.6213     1.7186     2.4513     0.3655
195.586663  -2.580307  20.1517  18.3872  17.4947  17.0957  16.7979    0.08260000   0.00014905  24757.521    44.684066   0.144953   0.832269    -434.939 0   0.335179   0.262952   0.102460   0.063439   0.055005   -17.9442   -19.6365   -20.3685   -20.7285   -21.0179     1.6923     2.4243     0.3600
195.797327  -2.383829  19.7250  17.8112  16.8837  16.4627  16.1278    0.08180000   0.00017073  24536.903    51.183566   0.149455   0.858116    -655.556 0   0.397819   0.309865   0.113564   0.079368   0.064768   -18.4336   -20.2594   -20.9906   -21.3774   -21.6977     1.8258     2.5570     0.3868
195.562456  -2.538581  18.7582  17.4618  16.8396  16.4928  16.2248    0.08030000   0.00005192  24072.555    15.565224   0.152208   0.873921   -1119.905 1   0.212551   0.163167   0.101723   0.012059  -0.061201   -19.1536   -20.4006   -20.9613   -21.2185   -21.4132     1.2470     1.8078     0.2571
195.659833  -2.359915  19.5242  17.5706  16.6576  16.2363  15.9256    0.08570000   0.00018430  25688.526    55.251750   0.154964   0.889746     496.067 0   0.370087   0.286623   0.104472   0.072062   0.062797   -18.6869   -20.5571   -21.2879   -21.6768   -21.9783     1.8701     2.6010     0.3889
195.781000  -2.365330  18.6156  17.1052  16.2563  15.8181  15.5727    0.08660000   0.00014420  25970.481    43.230072   0.157051   0.901729     778.021 0   0.392985   0.374865   0.162915   0.074416   0.029449   -19.6412   -21.1335   -21.7704   -22.1201   -22.3206     1.4923     2.1292     0.3497
195.592630  -2.611139  19.5493  17.9327  17.1586  16.8305  16.5480    0.08190000   0.00014661  24544.998    43.952572   0.158395   0.909445    -647.462 0   0.089902   0.066892   0.029198   0.017515   0.018819   -18.3040   -19.8976   -20.6340   -20.9504   -21.2342     1.5936     2.3300     0.3164
195.870899  -2.518605  19.5353  17.7184  16.9091  16.5486  16.2330    0.08200000   0.00014087  24578.904    42.231764   0.159936   0.918292    -613.555 0   0.096485   0.084110   0.032248   0.021580   0.023099   -18.3061   -20.1106   -20.8680   -21.2179   -21.5350     1.8045     2.5620     0.3498
195.786625  -2.363116  19.6855  17.8103  16.9124  16.4948  16.2000    0.08470000   0.00016645  25395.839    49.900455   0.161577   0.927719     203.379 0   0.311987   0.239311   0.086045   0.056959   0.057504   -18.4420   -20.2445   -20.9891   -21.3776   -21.6730     1.8025     2.5472     0.3885
195.853968  -2.582787  19.7896  18.1527  17.2700  16.8997  16.5762    0.08450000   0.00015735  25341.936    47.172343   0.161852   0.929296     149.477 0   0.334562   0.267582   0.111038   0.063421   0.048663   -18.3765   -19.9464   -20.6725   -20.9952   -21.3040     1.5699     2.2961     0.3227
195.547181  -2.526130  18.3935  17.2258  16.6105  16.2972  16.0493    0.08440000   0.00016265  25316.214    48.761243   0.165181   0.948410     123.754 0   0.202934   0.181192   0.111189   0.003286  -0.089825   -19.6172   -20.7631   -21.3084   -21.5138   -21.6686     1.1460     1.6913     0.2054
195.544558  -2.495217  19.8372  18.0332  17.1190  16.7589  16.4183    0.08660000   0.00014790  25957.170    44.339305   0.166938   0.958496     764.711 0   0.343145   0.269595   0.104344   0.065697   0.056163   -18.3698   -20.1002   -20.8492   -21.1706   -21.5017     1.7304     2.4794     0.3215
195.733669  -2.338234  20.2088  18.3260  17.4809  17.0479  16.7735    0.08180000   0.00016272  24524.282    48.782229   0.169347   0.972329    -668.177 0   0.242903   0.188521   0.068272   0.041205   0.048108   -17.7948   -19.6233   -20.3481   -20.7540   -21.0353     1.8284     2.5533     0.4059
195.660095  -2.344038  19.4143  17.4139  16.4930  16.0666  15.7499    0.08650000   0.00016627  25942.271    49.846492   0.169944   0.975758     749.811 0   0.362615   0.280440   0.102122   0.070087   0.062202   -18.8281   -20.7464   -21.4889   -21.8833   -22.1921     1.9182     2.6608     0.3944
195.549142  -2.451203  19.6388  17.7381  16.8354  16.3010  15.9694    0.07860000   0.00017199  23549.987    51.561305   0.171052   0.982117   -1642.473 1   0.540930   0.469799   0.180990   0.103411   0.071742   -18.5759   -20.4055   -21.0194   -21.4762   -21.7761     1.8296     2.4435     0.4568
195.747285  -2.337471  19.2364  17.3440  16.4590  16.0151  15.7004    0.08350000   0.00017275  25021.158    51.789147   0.172419   0.989967    -171.301 0   0.348019   0.268214   0.097148   0.066231   0.061095   -18.8960   -20.7086   -21.4225   -21.8355   -22.1451     1.8126     2.5265     0.4130
195.548842  -2.442703  18.7144  17.8277  17.5291  17.2198  17.2268    0.07870000   0.00007092  23586.352    21.261281   0.174245   1.000451   -1606.108 1   0.168443   0.036543   0.084142  -0.069727  -0.031915   -19.1306   -19.8854   -20.2316   -20.3870   -20.4178     0.7548     1.1010     0.1554
195.563191  -2.413035  19.7600  18.2922  17.4113  16.9696  16.6541    0.07870000   0.00015898  23606.558    47.661005   0.174801   1.003645   -1585.902 1   0.432858   0.409764   0.171673   0.084027   0.043113   -18.3494   -19.7941   -20.4369   -20.7910   -21.0656     1.4447     2.0875     0.3541
195.859157  -2.409832  19.9677  18.1431  17.2373  16.8170  16.4729    0.08500000   0.00017161  25472.016    51.447384   0.176316   1.012344     279.556 0   0.398084   0.316942   0.121174   0.080564   0.061382   -18.2747   -20.0182   -20.7282   -21.1079   -21.4328     1.7435     2.4535     0.3797
195.841604  -2.625037  20.0740  18.2576  17.3559  16.9578  16.6535    0.08810000   0.00016143  26405.900    48.395496   0.176331   1.012428    1213.440 1   0.336720   0.260977   0.097086   0.063534   0.058406   -18.1851   -19.9258   -20.6636   -21.0281   -21.3273     1.7407     2.4785     0.3645
195.601980  -2.665118  19.5776  17.8359  16.9428  16.5720  16.2819    0.08220000   0.00015511  24640.092    46.500808   0.192911   1.107624    -552.368 0   0.323841   0.254424   0.101839   0.060178   0.051864   -18.4936   -20.1659   -20.9064   -21.2356   -21.5173     1.6723     2.4128     0.3291
195.893807  -2.597638  19.3663  18.1675  17.6217  17.3094  17.1016    0.08280000   0.00018553  24830.940    55.620495   0.204020   1.171409    -361.520 0   0.150157   0.066658   0.064377   0.005955  -0.056453   -18.5711   -19.6864   -20.2299   -20.4838   -20.6292     1.1153     1.6588     0.2539
195.678555  -2.708673  19.2015  17.3328  16.4208  15.9902  15.6808    0.08240000   0.00016783  24688.688    50.314168   0.205197   1.178167    -503.771 0   0.365094   0.282553   0.102981   0.070757   0.062364   -18.9191   -20.7052   -21.4377   -21.8360   -22.1370     1.7862     2.5186     0.3984
195.784130  -2.708059  19.6841  17.7962  16.8751  16.4428  16.1204    0.08270000   0.00018406  24788.729    55.179800   0.214666   1.232535    -403.731 0   0.380326   0.294520   0.107021   0.074624   0.063888   -18.4568   -20.2589   -20.9925   -21.3924   -21.7041     1.8021     2.5357     0.3999
195.510481  -2.602228  19.5671  17.6752  16.7945  16.4130  16.1194    0.08330000   0.00017186  24978.558    51.522332   0.222468   1.277328    -213.902 0   0.293715   0.225621   0.083241   0.052302   0.054124   -18.5269   -20.3508   -21.0891   -21.4396   -21.7351     1.8238     2.5621     0.3506
195.497912  -2.423439  18.2317  16.4535  15.5960  15.1479  14.8320    0.08140000   0.00015493  24397.110    46.446846   0.228648   1.312814    -795.349 1   0.391284   0.325023   0.134163   0.078477   0.051764   -19.9096   -21.6216   -22.2882   -22.6806   -22.9698     1.7119     2.3786     0.3924
195.938056  -2.549111  20.0911  18.4113  17.5374  17.1483  16.8402    0.08460000   0.00013846  25353.058    41.509264   0.230586   1.323941     160.599 0   0.338627   0.269556   0.109421   0.064694   0.051389   -18.0789   -19.6896   -20.4034   -20.7478   -21.0425     1.6107     2.3245     0.3444
195.583207  -2.698368  19.8189  18.3209  17.4704  16.9887  16.6240    0.08140000   0.00018247  24392.014    54.703130   0.230962   1.326097    -800.446 1   0.458939   0.424273   0.173895   0.089284   0.051948   -18.3901   -19.8534   -20.4535   -20.8506   -21.1780     1.4633     2.0635     0.3971
195.674136  -2.248350  18.6471  17.5188  17.0430  16.7130  16.4800    0.07870000   0.00007978  23585.452    23.917442   0.260411   1.495182   -1607.007 1   0.176656   0.121544   0.097555  -0.026322  -0.101718   -19.2061   -20.2793   -20.7311   -20.9372   -21.0948     1.0732     1.5250     0.2061
195.508893  -2.340805  19.6454  18.2322  17.5566  17.1747  16.9817    0.08100000   0.00015797  24290.714    47.358215   0.261175   1.499574    -901.746 1   0.225674   0.161456   0.092170   0.020862  -0.006286   -18.3196   -19.6686   -20.2749   -20.5855   -20.7513     1.3490     1.9553     0.3106
195.452309  -2.568460  19.4655  17.5786  16.5359  16.0285  15.6140    0.08050000   0.00016706  24145.345    50.083328   0.266152   1.528149   -1047.115 1   0.650996   0.522568   0.189360   0.116577   0.087796   -18.9113   -20.6698   -21.3793   -21.8139   -22.1996     1.7585     2.4680     0.4346
195.455097  -2.596191  19.2895  17.4487  16.5098  16.0654  15.7409    0.07960000   0.00019854  23873.253    59.520795   0.271351   1.557995   -1319.207 1   0.484130   0.402745   0.156988   0.098078   0.066057   -18.8960   -20.6554   -21.3485   -21.7340   -22.0265     1.7594     2.4526     0.3855
195.439161  -2.511731  19.7762  17.9590  17.0727  16.6956  16.3611    0.08370000   0.00015882  25090.770    47.613038   0.271937   1.561365    -101.690 0   0.306859   0.236597   0.089022   0.055524   0.054674   -18.3414   -20.0884   -20.8271   -21.1707   -21.5043     1.7469     2.4857     0.3436
195.446342  -2.586992  18.5099  16.4902  15.5483  15.1272  14.8109    0.08050000   0.00017954  24128.256    53.824738   0.276788   1.589217   -1064.203 1   0.421602   0.329485   0.121033   0.085404   0.066533   -19.6375   -21.5651   -22.2986   -22.6840   -22.9815     1.9276     2.6610     0.3855
195.498263  -2.697287  19.2294  17.3621  16.4500  16.0151  15.6831    0.08210000   0.00015354  24626.032    46.030134   0.286096   1.642656    -566.428 0   0.387010   0.305438   0.115395   0.077427   0.061550   -18.9051   -20.6909   -21.4129   -21.8098   -22.1260     1.7857     2.5078     0.3969
195.432143  -2.432840  19.1543  17.2546  16.3785  15.9634  15.6587    0.07930000   0.00016861  23771.953    50.548006   0.288352   1.655609   -1420.507 1   0.275796   0.212046   0.076662   0.048180   0.052668   -18.8117   -20.6476   -21.3884   -21.7750   -22.0842     1.8360     2.5767     0.3866
195.469188  -2.670107  18.3720  16.6061  15.7182  15.2971  14.9595    0.08360000   0.00016993  25077.309    50.943732   0.292241   1.677938    -115.150 0   0.387295   0.315693   0.127017   0.078031   0.055226   -19.7995   -21.4938   -22.1931   -22.5652   -22.8800     1.6943     2.3935     0.3721
195.946278  -2.689536  18.9858  17.2810  16.3808  15.8987  15.5275    0.08220000   0.00015422  24634.786    46.233993   0.297922   1.710561    -557.674 0   0.470746   0.407801   0.163775   0.093917   0.059986   -19.2323   -20.8742   -21.5304   -21.9426   -22.2799     1.6419     2.2980     0.4122
195.682457  -2.822756  19.5794  17.7423  16.8033  16.3555  16.0037    0.08210000   0.00016486  24612.181    49.423785   0.317964   1.825634    -580.278 0   0.488664   0.403898   0.156408   0.099133   0.067235   -18.6568   -20.4091   -21.1006   -21.4912   -21.8111     1.7523     2.4438     0.3905
195.878111  -2.233433  18.9689  17.0654  16.1064  15.5950  15.1481    0.08410000   0.00008343  25219.981    25.011685   0.319562   1.834808      27.521 0   0.596155   0.479196   0.176854   0.112593   0.081184   -19.4457   -21.2322   -21.8889   -22.3360   -22.7515     1.7865     2.4432     0.4471
195.520650  -2.764326  18.4811  17.2989  16.6873  16.3456  16.0997    0.08100000   0.00008535  24285.677    25.587286   0.320872   1.842327    -906.782 1   0.211882   0.194076   0.114452   0.008840  -0.081886   -19.4701   -20.6345   -21.1665   -21.4026   -21.5577     1.1644     1.6964     0.2361
195.621018  -2.816551  19.9115  18.2689  17.4153  17.0534  16.7765    0.07980000   0.00016037  23925.297    48.077716   0.323288   1.856201   -1267.163 1   0.305571   0.240834   0.103436   0.054180   0.043427   -18.0797   -19.6575   -20.3737   -20.6864   -20.9525     1.5779     2.2941     0.3126
195.635396  -2.824583  19.6040  17.8454  16.9556  16.5638  16.2579    0.08160000   0.00013898  24455.900    41.665156   0.327386   1.879730    -736.560 0   0.329477   0.258250   0.101255   0.061807   0.054046   -18.4597   -20.1471   -20.8799   -21.2322   -21.5304     1.6874     2.4202     0.3524
195.396742  -2.605241  19.9095  17.9711  17.0807  16.6803  16.4019    0.08010000   0.00017781  24002.913    53.306097   0.329524   1.892009   -1189.546 1   0.287583   0.220726   0.079422   0.050925   0.054411   -18.0931   -19.9646   -20.7137   -21.0856   -21.3675     1.8715     2.6206     0.3719
195.919709  -2.763836  19.7346  17.9980  17.0624  16.6318  16.2899    0.08150000   0.00015431  24441.599    46.260974   0.331329   1.902369    -750.860 0   0.462351   0.393139   0.157284   0.093226   0.060544   -18.4593   -20.1267   -20.8264   -21.1930   -21.5022     1.6674     2.3671     0.3665
195.673094  -2.835825  18.6272  16.7144  15.7737  15.3631  15.0207    0.08690000   0.00018423  26057.241    55.230765   0.331927   1.905801     864.781 1   0.398553   0.310813   0.114164   0.079631   0.064667   -19.6639   -21.4889   -22.2330   -22.6091   -22.9365     1.8251     2.5691     0.3761
195.863779  -2.820031  18.6528  17.3062  16.7335  16.3837  16.1720    0.08340000   0.00015774  25012.674    47.289262   0.348938   2.003474    -179.786 0   0.185731   0.109285   0.080439   0.003716  -0.054034   -19.3147   -20.5849   -21.1287   -21.4018   -21.5557     1.2702     1.8140     0.2731
195.785529  -2.855465  18.1201  16.1934  15.3122  14.8997  14.6080    0.07340000   0.00018611  22015.289    55.794374   0.357149   2.050617   -3177.170 1   0.276150   0.212319   0.076693   0.048271   0.052748   -19.6806   -21.5435   -22.2891   -22.6732   -22.9693     1.8629     2.6084     0.3841
196.065599  -2.587426  19.5345  18.2000  17.4905  17.0970  16.8673    0.08290000   0.00015526  24860.889    46.545777   0.363183   2.085262    -331.570 0   0.279976   0.258268   0.130298   0.038680  -0.022291   -18.5141   -19.8269   -20.4085   -20.7103   -20.8791     1.3128     1.8943     0.3019
195.421989  -2.727542  19.0883  18.0750  17.5409  17.1596  16.9649    0.08310000   0.00009252  24922.137    27.736798   0.364112   2.090598    -270.323 0   0.168131   0.213416   0.122068  -0.016137  -0.100312   -18.8510   -19.9096   -20.3523   -20.5954   -20.7059     1.0586     1.5013     0.2431
195.416955  -2.729020  19.0601  17.8477  17.2471  16.8647  16.6360    0.08290000   0.00009061  24847.099    27.164195   0.369008   2.118708    -345.361 0   0.217911   0.202969   0.116841   0.012086  -0.076812   -18.9265   -20.1239   -20.6384   -20.9160   -21.0558     1.1975     1.7119     0.2776
195.426061  -2.741766  18.6808  17.6890  17.2755  16.9629  16.8470    0.08310000   0.00008686  24906.667    26.039973   0.369789   2.123194    -285.792 0   0.157361   0.103299   0.098225  -0.067703  -0.072031   -19.2477   -20.1854   -20.5939   -20.7405   -20.8521     0.9377     1.3462     0.1467
195.357735  -2.388125  19.0557  17.2507  16.3693  15.9566  15.6341    0.08560000   0.00014666  25650.632    43.967562   0.372408   2.138230     458.173 0   0.345935   0.271847   0.104919   0.066470   0.056608   -19.1472   -20.8781   -21.5926   -21.9669   -22.2795     1.7309     2.4454     0.3743
195.944323  -2.212930  18.4933  16.9897  16.2535  15.8884  15.6483    0.08360000   0.00012824  25060.731    38.445385   0.374359   2.149432    -131.729 0   0.221836   0.155549   0.079950   0.026556   0.022732   -19.5128   -20.9501   -21.6107   -21.9224   -22.1587     1.4373     2.0979     0.3117
195.458099  -2.788204  18.9573  17.0671  16.1504  15.7448  15.4153    0.08360000   0.00015132  25073.682    45.364595   0.378907   2.175547    -118.778 0   0.345720   0.267753   0.098670   0.065857   0.059852   -19.1727   -20.9849   -21.7325   -22.1053   -22.4288     1.8122     2.5598     0.3728
195.340625  -2.619520  20.2949  18.3384  17.4742  17.0582  16.7656    0.08170000   0.00017345  24498.260    51.999002   0.387300   2.223733    -694.199 0   0.253249   0.195921   0.070633   0.043325   0.049701   -17.6924   -19.5916   -20.3305   -20.7192   -21.0182     1.8992     2.6381     0.3887
195.736116  -2.896358  19.8346  18.0729  17.1460  16.6525  16.3062    0.08410000   0.00016576  25224.837    49.693598   0.391045   2.245236      32.378 0   0.516395   0.456840   0.179049   0.099560   0.066772   -18.5002   -20.2024   -20.8515   -21.2655   -21.5790     1.7021     2.3513     0.4140
196.071084  -2.316157  18.0978  16.2185  15.3509  14.9557  14.6486    0.08550000   0.00015425  25621.343    46.242987   0.406541   2.334206     428.883 0   0.254805   0.196215   0.072171   0.043252   0.049226   -20.0141   -21.8348   -22.5784   -22.9447   -23.2578     1.8207     2.5643     0.3663
195.622426  -2.913600  18.0056  17.1265  16.9208  16.6479  16.6054    0.08500000   0.00004981  25478.042    14.932662   0.417060   2.394607     285.582 0   0.133635   0.019049   0.071250  -0.033686  -0.017026   -19.9724   -20.7369   -20.9948   -21.1628   -21.2219     0.7645     1.0224     0.1680
195.870977  -2.893507  17.6308  16.4290  15.9758  15.6714  15.5006    0.07930000   0.00016567  23769.585    49.666617   0.418966   2.405548   -1422.875 1   0.159334   0.058798   0.072927  -0.014998  -0.079685   -20.2187   -21.3200   -21.7873   -22.0038   -22.1099     1.1013     1.5686     0.2165
195.285788  -2.439521  19.6048  17.7790  16.8885  16.4691  16.1492    0.08000000   0.00014995  23992.570    44.953879   0.430288   2.470553   -1199.889 1   0.341727   0.267177   0.101999   0.065149   0.057126   -18.4492   -20.2004   -20.9257   -21.3083   -21.6202     1.7513     2.4766     0.3826
195.868845  -2.911460  18.9144  17.8250  17.3897  17.0655  16.9912    0.07900000   0.00008086  23680.906    24.241218   0.434844   2.496717   -1511.554 1   0.172753   0.083864   0.089387  -0.047298  -0.086484   -18.9432   -19.9437   -20.3845   -20.5720   -20.6071     1.0005     1.4413     0.1875
195.363117  -2.770414  18.7183  16.9277  16.0290  15.6106  15.3205    0.08310000   0.00019005  24913.353    56.975557   0.436877   2.508390    -279.107 0   0.366398   0.289820   0.111550   0.072216   0.058394   -19.4192   -21.1333   -21.8537   -22.2328   -22.5090     1.7140     2.4345     0.3791
195.896207  -2.904760  17.7735  16.1970  15.4225  15.0016  14.7093    0.08290000   0.00015494  24848.388    46.449843   0.439380   2.522759    -344.072 0   0.318379   0.260935   0.119177   0.056218   0.031938   -20.3135   -21.8326   -22.4653   -22.8233   -23.0913     1.5191     2.1518     0.3579
195.624071  -2.065721  20.0326  18.1812  17.2476  16.8246  16.4699    0.08480000   0.00015753  25425.308    47.226306   0.448919   2.577525     232.849 0   0.414791   0.330774   0.125918   0.084707   0.063076   -18.2002   -19.9676   -20.6964   -21.0782   -21.4112     1.7674     2.4961     0.3818
195.460834  -2.893973  19.4209  17.5014  16.6354  16.2233  15.9056    0.08400000   0.00013729  25169.526    41.158507   0.461583   2.650238     -22.934 0   0.269818   0.207816   0.074583   0.046884   0.052132   -18.6675   -20.5250   -21.2577   -21.6421   -21.9651     1.8575     2.5903     0.3844
195.536172  -2.942569  19.9534  17.8287  16.8747  16.3592  15.9408    0.08280000   0.00015050  24829.471    45.118765   0.470231   2.699891    -362.989 0   0.662537   0.532295   0.192084   0.117421   0.089280   -18.4963   -20.4908   -21.1046   -21.5454   -21.9357     1.9945     2.6082     0.4408
195.715000  -2.979806  19.4002  18.1713  17.5716  17.3011  17.0586    0.08300000   0.00015538  24884.513    46.581752   0.473721   2.719931    -307.947 0   0.016553   0.006653   0.003275   0.002276  -0.001704   -18.3876   -19.6066   -20.2030   -20.4725   -20.7110     1.2190     1.8153     0.2695
195.582706  -2.041140  18.6346  16.8245  15.8952  15.4606  15.1264    0.08440000   0.00017646  25295.378    52.901377   0.482382   2.769660     102.919 0   0.447771   0.368289   0.144391   0.092010   0.062570   -19.6209   -21.3515   -22.0569   -22.4392   -22.7439     1.7306     2.4360     0.3822
195.999529  -2.915470  20.0475  17.8870  17.1207  16.7052  16.4911    0.08270000   0.00014023  24803.059    42.039896   0.500501   2.873693    -389.400 0   0.181954   0.135413   0.057808   0.028479   0.034666   -17.8951   -20.0090   -20.6977   -21.0839   -21.3042     2.1140     2.8027     0.3862
195.611886  -2.008924  19.9510  18.2280  17.3871  17.0032  16.7473    0.08430000   0.00015120  25261.082    45.328620   0.506999   2.911001      68.622 0   0.283291   0.218040   0.091539   0.047576   0.044903   -18.1375   -19.7952   -20.5096   -20.8495   -21.1028     1.6577     2.3721     0.3399
195.191895  -2.468800  19.3997  17.3136  16.2678  15.7770  15.3651    0.08250000   0.00016541  24722.685    49.588670   0.520247   2.987067    -469.775 0   0.669810   0.535036   0.192448   0.118090   0.090079   -19.0494   -21.0007   -21.7039   -22.1204   -22.5043     1.9513     2.6545     0.4164
196.150760  -2.811096  19.5320  17.7824  16.9313  16.5627  16.2801    0.08610000   0.00014003  25803.886    41.979938   0.534582   3.069376     611.427 0   0.272677   0.208244   0.084081   0.045635   0.046979   -18.5919   -20.2770   -21.0040   -21.3341   -21.6181     1.6852     2.4121     0.3302
196.151333  -2.191148  19.4573  17.7971  16.9645  16.5272  16.1759    0.08410000   0.00015982  25214.195    47.912831   0.540790   3.105018      21.735 0   0.363031   0.302540   0.129887   0.070208   0.043905   -18.7242   -20.3239   -20.9838   -21.3614   -21.6864     1.5997     2.2597     0.3776
195.684861  -1.963257  19.3843  17.5504  16.6368  16.2263  15.9265    0.08420000   0.00015077  25240.636    45.199709   0.543485   3.120494      48.177 0   0.348333   0.271577   0.102076   0.066808   0.058819   -18.7878   -20.5449   -21.2890   -21.6643   -21.9561     1.7571     2.5012     0.3752
196.227144  -2.317040  18.3250  16.2131  15.2249  14.7443  14.3906    0.08640000   0.00023411  25911.242    70.184412   0.548935   3.151785     718.782 1   0.554138   0.441364   0.163784   0.109408   0.076913   -20.1091   -22.1082   -22.8188   -23.2451   -23.5663     1.9991     2.7097     0.4262
195.262689  -2.823416  19.2436  17.3288  16.3913  15.9452  15.6066    0.08280000   0.00018393  24810.134    55.140827   0.549141   3.152968    -382.325 0   0.480068   0.390616   0.149670   0.098335   0.067716   -19.0237   -20.8490   -21.5456   -21.9403   -22.2483     1.8253     2.5219     0.3948
195.388058  -2.028484  20.3207  18.4240  17.4635  17.0468  16.7185    0.08600000   0.00015267  25787.997    45.769315   0.576543   3.310301     595.538 0   0.451231   0.357035   0.133180   0.092696   0.067781   -17.9977   -19.8002   -20.5368   -20.9131   -21.2164     1.8025     2.5391     0.3762
195.358541  -2.049119  18.7927  17.4730  16.8186  16.4365  16.1647    0.08500000   0.00008100  25489.734    24.283189   0.577090   3.313440     297.274 0   0.244038   0.204792   0.113506   0.025745  -0.036154   -19.2957   -20.5761   -21.1393   -21.4336   -21.6435     1.2805     1.8436     0.2943
196.283081  -2.394866  19.0698  17.3322  16.4245  15.9925  15.6642    0.08330000   0.00017716  24982.455    53.111232   0.581963   3.341418    -210.005 0   0.431616   0.365928   0.149126   0.087018   0.055661   -19.1621   -20.8341   -21.5250   -21.8948   -22.1918     1.6719     2.3628     0.3699
195.191167  -2.236712  20.1252  18.2629  17.3907  16.9992  16.7229    0.08550000   0.00015229  25629.467    45.655393   0.585313   3.360651     437.007 0   0.283461   0.217531   0.082117   0.049494   0.051834   -18.0154   -19.8118   -20.5485   -20.9074   -21.1861     1.7964     2.5332     0.3589
196.292611  -2.587971  19.3169  17.6921  16.7752  16.3148  16.0389    0.08800000   0.00020004  26375.111    59.970483   0.586497   3.367451    1182.651 1   0.476157   0.441987   0.178765   0.092838   0.055890   -19.0554   -20.6460   -21.2997   -21.6742   -21.9131     1.5906     2.2443     0.3745
195.252225  -2.126118  19.2803  17.7391  16.8927  16.4381  16.1240    0.08070000   0.00015895  24199.397    47.652011   0.595594   3.419685    -993.063 1   0.404786   0.373539   0.160564   0.077999   0.036922   -18.8317   -20.3416   -20.9751   -21.3471   -21.6201     1.5100     2.1434     0.3720
195.119913  -2.401179  19.2358  17.8558  17.2209  16.8428  16.5837    0.08300000   0.00014906  24892.547    44.687064   0.600065   3.445354    -299.912 0   0.218713   0.157356   0.094820   0.015891  -0.028183   -18.7542   -20.0728   -20.6452   -20.9444   -21.1594     1.3186     1.8910     0.2992
196.295123  -2.361551  18.5401  16.6463  15.6906  15.2195  14.8679    0.08200000   0.00018860  24570.690    56.540858   0.600909   3.450201    -621.770 0   0.527457   0.431562   0.163874   0.105153   0.072600   -19.7322   -21.5301   -22.2181   -22.6305   -22.9496     1.7979     2.4859     0.4124
195.202064  -2.834051  20.0720  18.4571  17.5236  17.0978  16.7794    0.08330000   0.00015244  24957.752    45.700362   0.605291   3.475360    -234.708 0   0.473086   0.424749   0.171780   0.092439   0.057382   -18.2014   -19.7680   -20.4485   -20.7950   -21.0783     1.5666     2.2471     0.3465
196.188801  -2.115124  18.8830  17.1514  16.3079  15.9187  15.6105    0.08360000   0.00014018  25056.084    42.024907   0.616793   3.541397    -136.376 0   0.292722   0.225883   0.090395   0.051065   0.049423   -19.1940   -20.8587   -21.5667   -21.9166   -22.2232     1.6648     2.3728     0.3499
195.236920  -2.108097  20.0439  18.3390  17.5049  17.1269  16.8118    0.08030000   0.00015082  24060.084    45.214699   0.618880   3.553381   -1132.376 1   0.251497   0.189583   0.078619   0.039948   0.043322   -17.9068   -19.5498   -20.2729   -20.6123   -20.9307     1.6430     2.3661     0.3393
195.533894  -3.099079  18.0458  16.7965  16.1973  15.8053  15.5798    0.08780000   0.00016817  26333.140    50.416098   0.618900   3.553495    1140.680 1   0.220080   0.196859   0.114413   0.013680  -0.071828   -20.0893   -21.3153   -21.8321   -22.1234   -22.2633     1.2261     1.7428     0.2913
195.957238  -1.936986  19.6214  18.1158  17.3943  17.0035  16.7708    0.08290000   0.00013829  24847.309    41.458299   0.619888   3.559169    -345.151 0   0.249419   0.187012   0.096478   0.031465   0.014624   -18.3967   -19.8399   -20.4708   -20.7966   -21.0125     1.4432     2.0742     0.3258
196.311349  -2.346959  20.0833  18.2727  17.3945  16.9782  16.6326    0.08140000   0.00014909  24406.674    44.696058   0.620239   3.561186    -785.786 1   0.298625   0.229097   0.082058   0.053682   0.055994   -17.9654   -19.7064   -20.4376   -20.8255   -21.1734     1.7411     2.4722     0.3879
