184.657344  48.718994  17.4807  15.5251  14.6712  14.2709  13.9890    0.04450000   0.00018540  13329.642    55.581522   0.013433   0.042654    -115.150 0   0.211134   0.166547   0.060857   0.035799   0.043319   -19.1377   -21.0487   -21.7969   -22.1722   -22.4616     1.9110     2.6592     0.3752
184.671173  48.743959  19.1689  17.8978  17.3912  17.0985  16.9406    0.04530000   0.00017734  13585.485    53.165195   0.022343   0.070943     140.693 0   0.130328   0.049182   0.057133   0.006511  -0.058996   -17.4126   -18.6026   -19.1171   -19.3592   -19.4516     1.1900     1.7045     0.2421
184.678056  48.751718  19.7503  17.8481  17.1024  16.7431  16.5563    0.04470000   0.00016223  13386.123    48.635330   0.029750   0.094465     -58.669 0   0.162497   0.110048   0.055590   0.022933   0.026121   -16.8293   -18.6790   -19.3703   -19.6969   -19.8869     1.8498     2.5410     0.3266
184.631478  48.763730  18.9772  17.6837  17.0809  16.7249  16.4878    0.04420000   0.00009515  13251.786    28.525252   0.051512   0.163563    -193.006 0   0.210096   0.160465   0.101186   0.010531  -0.064641   -17.6305   -18.8744   -19.4179   -19.6832   -19.8451     1.2439     1.7874     0.2653
184.635523  48.674408  17.7064  16.1074  15.3959  15.0416  14.7901    0.04680000   0.00015159  14031.996    45.445539   0.054940   0.174448     587.203 0   0.091688   0.060357   0.029302   0.015723   0.016440   -18.9288   -20.4965   -21.1770   -21.5177   -21.7699     1.5677     2.2481     0.3407
184.774714  48.824373  17.6807  16.1433  15.5294  15.2003  14.9876    0.04470000   0.00008866  13408.368    26.579599   0.120931   0.383985     -36.425 0   0.112298   0.057478   0.039628   0.014320   0.001176   -18.8487   -20.3313   -20.9273   -21.2311   -21.4307     1.4826     2.0786     0.3038
184.661168  48.854109  17.4906  16.2045  15.6852  15.3827  15.1818    0.04470000   0.00011853  13402.222    35.534400   0.132559   0.420908     -42.571 0   0.142277   0.059577   0.061600   0.006613  -0.057416   -19.0688   -20.2722   -20.7935   -21.0410   -21.1779     1.2034     1.7247     0.2475
184.600329  48.845974  18.1108  16.3583  15.5967  15.2249  14.9423    0.04510000   0.00015588  13523.668    46.731648   0.133970   0.425389      78.875 0   0.096757   0.075163   0.031856   0.019336   0.021013   -18.4275   -20.1584   -20.8767   -21.2360   -21.5202     1.7309     2.4492     0.3593
184.675477  48.581545  18.2232  16.3908  15.5795  15.2036  14.9323    0.04550000   0.00016997  13641.216    50.955724   0.140433   0.445910     196.424 0   0.193669   0.144953   0.060652   0.030154   0.036730   -18.4477   -20.2314   -20.9584   -21.3038   -21.5817     1.7837     2.5107     0.3454
184.675737  48.864871  19.1041  17.1564  16.3898  16.0363  15.7738    0.04420000   0.00015437  13241.353    46.278962   0.142901   0.453748    -203.439 0   0.076849   0.060806   0.024939   0.016403   0.017086   -17.3703   -19.3020   -20.0327   -20.3777   -20.6409     1.9317     2.6624     0.3450
184.667405  48.879368  16.7712  14.9256  14.1593  13.7524  13.4392    0.04520000   0.00019091  13540.366    57.233378   0.157527   0.500189      95.574 0   0.057439   0.056226   0.020195   0.015798   0.014909   -19.7276   -21.5720   -22.3023   -22.7048   -23.0171     1.8444     2.5747     0.4025
184.657504  48.530285  18.2627  16.3828  15.5506  15.1344  14.8283    0.04490000   0.00018382  13459.572    55.107850   0.192128   0.610055      14.780 0   0.186525   0.150145   0.055103   0.032747   0.039604   -18.3770   -20.2206   -20.9577   -21.3516   -21.6645     1.8435     2.5807     0.3938
184.687407  48.944175  18.9374  17.9785  17.7191  17.5045  17.3842    0.04550000   0.00007943  13650.510    23.812515   0.222304   0.705871     205.718 0   0.126975   0.017479   0.066803  -0.029595  -0.015350   -17.6668   -18.5162   -18.8249   -18.9431   -19.0777     0.8494     1.1581     0.1182
184.566354  48.480045  19.1010  17.5037  16.7150  16.2769  15.9362    0.04360000   0.00011208  13063.666    33.600739   0.252739   0.802509    -381.126 0   0.352144   0.298861   0.133021   0.065473   0.034996   -17.6403   -19.1844   -19.8072   -20.1778   -20.4880     1.5440     2.1669     0.3706
184.827262  49.000772  18.1921  16.2852  15.4470  15.0615  14.7604    0.04050000   0.00018360  12149.419    55.041895   0.295854   0.939410   -1295.373 1   0.165283   0.136231   0.050049   0.030558   0.036337   -18.1802   -20.0581   -20.8101   -21.1761   -21.4830     1.8778     2.6299     0.3660
185.048359  48.897121  19.0915  17.8437  17.4099  17.1397  17.0056    0.04470000   0.00006703  13397.515    20.095088   0.301052   0.955917     -47.277 0   0.131835   0.038228   0.062105  -0.005226  -0.061941   -17.4574   -18.6116   -19.0693   -19.2722   -19.3495     1.1542     1.6119     0.2029
185.164919  48.696516  18.1786  16.2213  15.3403  14.9176  14.6276    0.04460000   0.00016816  13383.155    50.413100   0.322761   1.024846     -61.637 0   0.283906   0.218056   0.078321   0.050104   0.053992   -18.5225   -20.4140   -21.1553   -21.5497   -21.8436     1.8915     2.6327     0.3945
184.475190  49.035617  17.2883  15.4583  14.6363  14.2429  13.9727    0.04100000   0.00017069  12276.891    51.171575   0.340783   1.082072   -1167.901 1   0.199715   0.152879   0.060755   0.032224   0.039215   -19.1452   -20.9284   -21.6583   -22.0231   -22.3003     1.7832     2.5130     0.3649
184.609397  49.095621  17.5340  16.5596  16.2364  16.0090  15.8679    0.04480000   0.00007039  13442.814    21.102391   0.376316   1.194897      -1.979 0   0.135342   0.019201   0.072337  -0.035388  -0.016590   -19.0283   -19.8866   -20.2629   -20.3826   -20.5425     0.8583     1.2346     0.1197
185.227684  48.579891  18.2407  16.8104  16.1943  15.8419  15.5892    0.05390000   0.00018092  16149.490    54.238452   0.389966   1.238240    2704.698 1   0.173792   0.098466   0.068196   0.013085  -0.012793   -18.7632   -20.1182   -20.7040   -21.0013   -21.2281     1.3550     1.9408     0.2973
184.066076  48.764356  18.1527  16.3942  15.5506  15.2028  14.9159    0.04560000   0.00016390  13661.452    49.135984   0.405389   1.287211     216.660 0   0.231404   0.172880   0.072160   0.035592   0.040998   -18.5656   -20.2656   -21.0085   -21.3197   -21.6120     1.7000     2.4429     0.3112
184.255004  49.029274  17.2364  15.9899  15.4085  15.0729  14.8391    0.04120000   0.00017047  12344.554    51.105620   0.414743   1.316915   -1100.238 1   0.199587   0.154029   0.101546   0.002529  -0.084499   -19.2290   -20.4299   -20.9589   -21.1954   -21.3422     1.2009     1.7299     0.2366
184.790207  49.140495  17.9327  16.6873  16.1611  15.8529  15.6220    0.04550000   0.00008655  13639.238    25.947037   0.425110   1.349831     194.445 0   0.154940   0.069637   0.066557   0.004301  -0.059943   -18.6995   -19.8596   -20.3827   -20.6286   -20.7953     1.1601     1.6832     0.2459
184.203917  49.031782  16.8701  15.8722  15.4471  15.1467  14.9826    0.04090000   0.00010112  12261.601    30.315013   0.439852   1.396642   -1183.191 1   0.161795   0.101366   0.097418  -0.061829  -0.076648   -19.5147   -20.4522   -20.8733   -21.0145   -21.1638     0.9375     1.3586     0.1412
184.326305  48.346362  18.9229  17.9385  17.6693  17.4342  17.3691    0.04490000   0.00007974  13474.652    23.905451   0.441216   1.400973      29.859 0   0.121921   0.015751   0.063677  -0.027333  -0.012442   -17.6522   -18.5305   -18.8476   -18.9917   -19.0717     0.8782     1.1954     0.1441
184.912109  48.298709  18.4728  17.0542  16.3154  15.8940  15.5732    0.05020000   0.00018379  15037.919    55.098856   0.450743   1.431221    1593.127 1   0.321020   0.280408   0.132781   0.053519   0.013272   -18.5446   -19.9226   -20.5138   -20.8559   -21.1365     1.3780     1.9692     0.3421
183.931515  48.749393  17.4665  16.1506  15.5632  15.2039  14.9508    0.04300000   0.00010467  12896.292    31.379277   0.492702   1.564454    -548.500 0   0.204395   0.147803   0.096616   0.006850  -0.064767   -19.0917   -20.3510   -20.8872   -21.1567   -21.3382     1.2593     1.7955     0.2695
184.408812  48.251931  18.1499  17.2036  16.9301  16.7484  16.6938    0.04470000   0.00008084  13391.399    24.235222   0.502284   1.594877     -53.393 0   0.099965   0.011947   0.046768  -0.016802  -0.009112   -18.3672   -19.2254   -19.5338   -19.6519   -19.7142     0.8583     1.1666     0.1181
185.424281  48.494466  18.6449  17.5456  17.2260  17.0010  16.8534    0.05390000   0.00009700  16155.216    29.079868   0.542835   1.723638    2710.424 1   0.135207   0.019243   0.072233  -0.035151  -0.016788   -18.3204   -19.3037   -19.6763   -19.7939   -19.9599     0.9833     1.3559     0.1176
184.243045  49.199968  17.7846  16.2543  15.5807  15.2302  14.8583    0.04390000   0.00010599  13151.266    31.775003   0.557238   1.769372    -293.527 0   0.001406   0.001016   0.000375   0.000297   0.000290   -18.5996   -20.1295   -20.8024   -21.1528   -21.5247     1.5299     2.2029     0.3504
185.271898  49.128946  17.7168  16.4713  15.9963  15.7317  15.5893    0.05460000   0.00009621  16379.880    28.843032   0.565288   1.794931    2935.088 1   0.096536   0.030170   0.038058   0.007692  -0.046177   -19.2380   -20.4171   -20.9000   -21.1342   -21.2228     1.1791     1.6620     0.2342
183.882498  49.047171  18.0492  17.0669  16.8132  16.5999  16.4792    0.05050000   0.00007709  15141.917    23.111001   0.616943   1.958949    1697.125 1   0.120022   0.015311   0.062297  -0.026383  -0.011880   -18.7589   -19.6365   -19.9371   -20.0618   -20.1970     0.8776     1.1783     0.1246
184.255988  48.134319  18.0437  16.8631  16.4889  16.2364  16.1985    0.03840000   0.00008925  11498.869    26.756477   0.650041   2.064044   -1945.923 1   0.130083   0.026616   0.065234  -0.018460  -0.040172   -18.1716   -19.2487   -19.6616   -19.8304   -19.8465     1.0771     1.4900     0.1688
184.236098  49.342926  18.5117  17.6508  17.4319  17.1955  17.0538    0.04460000   0.00003921  13367.746    11.754862   0.685758   2.177454     -77.047 0   0.126193   0.016755   0.066537  -0.030005  -0.013524   -18.0317   -18.7832   -19.0519   -19.1917   -19.3499     0.7515     1.0201     0.1399
184.235288  49.377093  19.0361  18.0083  17.7105  17.5093  17.3654    0.04500000   0.00007957  13487.333    23.854486   0.717060   2.276845      42.541 0   0.107087   0.012927   0.052227  -0.019688  -0.009630   -17.5241   -18.4577   -18.7948   -18.9241   -19.0781     0.9336     1.2707     0.1293
185.135578  48.005150  18.7751  16.9463  16.1232  15.7181  15.4316    0.05000000   0.00016773  15003.293    50.284189   0.777997   2.470338    1558.501 1   0.209065   0.161074   0.062404   0.034039   0.041271   -18.1217   -19.9025   -20.6269   -21.0036   -21.2974     1.7808     2.5052     0.3767
184.316511  49.496845  18.0956  16.6795  15.9799  15.5632  15.2997    0.03560000   0.00009154  10666.796    27.443002   0.810585   2.573812   -2777.997 1   0.270548   0.222576   0.115207   0.037253  -0.004130   -18.1224   -19.4906   -20.0828   -20.4216   -20.6437     1.3681     1.9604     0.3387
185.273799  47.981093  18.7193  17.1547  16.5442  16.2283  16.0234    0.04990000   0.00013630  14956.226    40.861712   0.838935   2.663829    1511.434 1   0.077529   0.036935   0.023117   0.010558   0.000421   -18.0416   -19.5656   -20.1623   -20.4656   -20.6604     1.5240     2.1207     0.3033
185.336745  49.443281  18.8646  17.5994  17.1781  16.9303  16.8609    0.05510000   0.00008126  16527.588    24.361135   0.842381   2.674772    3082.796 1   0.107939   0.026215   0.048020  -0.001643  -0.045718   -18.1214   -19.3049   -19.7480   -19.9462   -19.9715     1.1835     1.6266     0.1981
185.283474  49.476463  18.7915  17.4064  17.0076  16.7909  16.7858    0.04520000   0.00006020  13564.529    18.047506   0.853949   2.711503     119.737 0   0.088267   0.017503   0.035764  -0.001841  -0.030312   -17.7382   -19.0525   -19.4696   -19.6486   -19.6253     1.3143     1.7314     0.1791
185.305971  49.474858  17.6669  16.3161  15.6612  15.3233  15.0609    0.04550000   0.00009749  13629.644    29.226767   0.859594   2.729427     184.852 0   0.124398   0.067896   0.044897   0.015748   0.006736   -18.9347   -20.2290   -20.8609   -21.1697   -21.4231     1.2943     1.9262     0.3088
185.337182  49.464551  18.4437  17.1585  16.7109  16.4690  16.3638    0.04050000   0.00006009  12153.137    18.014529   0.860811   2.733290   -1291.656 1   0.106682   0.029225   0.046027   0.002424  -0.049936   -17.8700   -19.0778   -19.5422   -19.7405   -19.7933     1.2077     1.6721     0.1983
185.001908  47.856096  19.0737  17.3118  16.4992  16.1428  15.8104    0.03890000   0.00017028  11660.548    51.048660   0.891981   2.832266   -1784.245 1   0.105983   0.090365   0.035075   0.022674   0.024802   -17.1672   -18.9135   -19.6708   -20.0148   -20.3493     1.7463     2.5036     0.3440
184.963069  47.843856  19.4285  17.7641  16.9987  16.6446  16.3470    0.03840000   0.00016297  11507.294    48.857177   0.898140   2.851821   -1937.499 1   0.081600   0.065362   0.026724   0.017461   0.018327   -16.7383   -18.3865   -19.1132   -19.4581   -19.7565     1.6482     2.3749     0.3448
185.994341  48.354181  17.6637  16.2910  15.6906  15.3365  15.1022    0.05350000   0.00018002  16046.991    53.968638   0.943568   2.996065    2602.199 1   0.179456   0.101590   0.073306   0.009101  -0.031130   -19.3467   -20.6416   -21.2137   -21.5036   -21.6976     1.2948     1.8669     0.2899
183.893561  49.546914  18.0942  16.8681  16.3732  16.0930  15.8977    0.03250000   0.00010404   9752.998    31.190407   0.973547   3.091255   -3691.794 1   0.133408   0.049455   0.059177   0.004534  -0.062662   -17.7668   -18.9090   -19.4136   -19.6391   -19.7672     1.1421     1.6468     0.2256
185.364573  49.602047  18.6544  17.5099  17.2507  17.0538  16.9308    0.04580000   0.00004952  13724.559    14.845723   0.990032   3.143602     279.766 1   0.100361   0.011798   0.047154  -0.017299  -0.008476   -17.9211   -18.9770   -19.2716   -19.4040   -19.5358     1.0559     1.3505     0.1324
185.653454  47.969141  18.3900  17.2567  17.0018  16.7504  16.6725    0.05010000   0.00016996  15015.765    50.952726   0.990733   3.145828    1570.972 1   0.148225   0.022879   0.078174  -0.045876  -0.019659   -18.4458   -19.4537   -19.7639   -19.8913   -19.9954     1.0080     1.3181     0.1273
186.133069  48.397400  18.1298  16.3553  15.5453  15.1569  14.8539    0.05360000   0.00016281  16062.400    48.809210   1.013817   3.219123    2617.608 1   0.168113   0.131680   0.052384   0.029020   0.034842   -18.8776   -20.6156   -21.3463   -21.7114   -22.0202     1.7381     2.4688     0.3650
186.242807  48.794468  19.4474  18.2351  17.5950  17.2481  17.0288    0.04530000   0.00005030  13573.613    15.079561   1.035393   3.287634     128.821 0   0.218476   0.215492   0.121013   0.012566  -0.078791   -17.2223   -18.4316   -18.9772   -19.2156   -19.3436     1.2093     1.7549     0.2385
185.506821  47.812945  18.5979  17.2165  16.5397  16.1831  15.8652    0.04460000   0.00009991  13362.020    29.952264   1.061076   3.369185     -82.773 0   0.235228   0.181889   0.103593   0.024125  -0.024653   -18.0546   -19.3826   -19.9811   -20.2583   -20.5274     1.3281     1.9266     0.2771
183.886335  49.672949  18.3286  16.4749  15.6988  15.3017  14.9992    0.04570000   0.00017132  13713.676    51.360444   1.084699   3.444192     268.884 1   0.088495   0.079925   0.029911   0.020857   0.021825   -18.2467   -20.0918   -20.8179   -21.2060   -21.5094     1.8451     2.5712     0.3880
186.353322  48.644681  17.3742  15.6585  14.7981  14.3564  14.0370    0.03960000   0.00016430  11884.942    49.255901   1.108458   3.519635   -1559.850 1   0.389969   0.322112   0.132067   0.078356   0.052785   -19.1953   -20.8431   -21.5135   -21.9015   -22.1953     1.6478     2.3182     0.3880
