182.570080   5.386039  17.1626  15.0779  14.1856  13.7582  13.4837    0.07620000   0.00021954  22832.733    65.816436   0.005529   0.029055    -265.976 0   0.303302   0.232711   0.083691   0.054824   0.056415   -20.7257   -22.7398   -23.4831   -23.8816   -24.1577     2.0141     2.7574     0.3985
182.582938   5.373619  19.5677  17.6327  16.7336  16.3091  15.9926    0.07440000   0.00020138  22312.204    60.372205   0.013439   0.070618    -786.506 0   0.326900   0.251270   0.090842   0.060781   0.058957   -18.3102   -20.1696   -20.9082   -21.3027   -21.6174     1.8594     2.5980     0.3944
182.589782   5.391975  18.9372  17.1035  16.2191  15.8008  15.4972    0.07490000   0.00017465  22454.215    52.358753   0.015912   0.083611    -644.494 0   0.319946   0.246030   0.089473   0.059016   0.057885   -18.9271   -20.6869   -21.4148   -21.8026   -22.1051     1.7598     2.4876     0.3878
182.575953   5.363125  19.1343  17.2406  16.3579  15.9176  15.6028    0.08060000   0.00015122  24174.574    45.334615   0.021714   0.114100    1075.865 0   0.309877   0.237715   0.085498   0.056440   0.057229   -18.8829   -20.7045   -21.4349   -21.8462   -22.1618     1.8215     2.5520     0.4112
182.587758   5.358342  19.6728  17.8441  16.9675  16.5632  16.2921    0.08020000   0.00015017  24034.571    45.019833   0.029167   0.153265     935.862 0   0.291015   0.223680   0.084872   0.051336   0.052464   -18.3330   -20.0944   -20.8322   -21.2030   -21.4752     1.7614     2.4992     0.3708
182.596674   5.350793  18.7120  16.7868  15.8707  15.4557  15.1472    0.07660000   0.00017613  22968.149    52.802446   0.040039   0.210393    -130.560 0   0.330293   0.253833   0.091581   0.061634   0.059439   -19.2147   -21.0634   -21.8173   -22.2023   -22.5086     1.8487     2.6026     0.3851
182.613010   5.367499  20.1821  18.3493  17.5167  17.1363  16.9555    0.07530000   0.00015625  22579.888    46.842572   0.041172   0.216344    -518.821 0   0.249853   0.187699   0.079115   0.039132   0.042160   -17.6268   -19.3975   -20.1215   -20.4619   -20.6457     1.7706     2.4947     0.3404
182.583435   5.323442  19.8130  17.9339  17.0643  16.6345  16.3427    0.07750000   0.00019260  23220.515    57.740027   0.061898   0.325257     121.806 0   0.271906   0.209302   0.075243   0.047347   0.052353   -18.1020   -19.9185   -20.6540   -21.0559   -21.3527     1.8165     2.5520     0.4019
182.512388   5.394194  19.7920  17.8644  16.9262  16.4811  16.1090    0.08000000   0.00017793  23997.337    53.342072   0.063527   0.333813     898.628 0   0.471848   0.373956   0.139471   0.097020   0.069486   -18.3921   -20.2218   -20.9255   -21.3282   -21.6727     1.8297     2.5334     0.4026
182.625320   5.342966  20.1534  18.2676  17.4142  17.0186  16.7358    0.07330000   0.00017583  21966.333    52.712508   0.064909   0.341075   -1132.376 0   0.256706   0.196636   0.074328   0.043143   0.048451   -17.6249   -19.4506   -20.1817   -20.5462   -20.8343     1.8257     2.5568     0.3644
182.639645   5.359897  20.0142  18.1188  17.2471  16.8488  16.5490    0.07960000   0.00017263  23871.544    51.753172   0.068558   0.360249     772.835 0   0.251797   0.194256   0.071147   0.042745   0.048964   -17.9389   -19.7768   -20.5254   -20.8953   -21.2013     1.8379     2.5864     0.3699
182.564763   5.455996  19.1474  17.4148  16.5562  16.1394  15.8116    0.07650000   0.00015854  22932.564    47.529096   0.071960   0.378129    -166.145 0   0.361857   0.293358   0.120170   0.071114   0.051538   -18.8080   -20.4721   -21.1575   -21.5252   -21.8335     1.6641     2.3495     0.3677
182.648601   5.414593  20.1008  18.2487  17.3722  16.9615  16.6732    0.07410000   0.00017982  22218.788    53.908680   0.078628   0.413164    -879.921 0   0.290173   0.222765   0.081117   0.051508   0.054254   -17.7346   -19.5193   -20.2542   -20.6353   -20.9263     1.7847     2.5195     0.3811
182.545830   5.464917  20.3517  18.5772  17.7321  17.3167  17.0301    0.07800000   0.00014497  23384.801    43.460913   0.085357   0.448526     286.092 0   0.276815   0.211969   0.082723   0.047334   0.049391   -17.5610   -19.2706   -19.9865   -20.3665   -20.6552     1.7097     2.4255     0.3800
182.619623   5.469690  19.6336  17.7731  16.9177  16.5347  16.2045    0.07990000   0.00015703  23943.075    47.076410   0.095552   0.502096     844.365 0   0.177457   0.143652   0.053116   0.031654   0.038043   -18.2322   -20.0589   -20.8237   -21.1853   -21.5219     1.8267     2.5916     0.3615
182.528326   5.296063  19.7073  17.8816  17.0076  16.5889  16.2612    0.07930000   0.00016197  23775.401    48.557384   0.100430   0.527726     676.692 0   0.287160   0.220443   0.078947   0.050872   0.054534   -18.2701   -20.0290   -20.7615   -21.1522   -21.4835     1.7590     2.4915     0.3906
182.519561   5.469386  19.3581  17.5139  16.6480  16.2428  15.9549    0.07400000   0.00016645  22186.920    49.900455   0.101246   0.532014    -911.789 0   0.282990   0.217150   0.082007   0.049370   0.051759   -18.4672   -20.2456   -20.9763   -21.3489   -21.6392     1.7784     2.5091     0.3726
182.683877   5.372162  19.3193  17.4706  16.5660  16.1371  15.8288    0.07750000   0.00019681  23226.690    59.002154   0.108640   0.570870     127.981 0   0.357877   0.276784   0.100963   0.068895   0.061645   -18.6816   -20.4492   -21.1780   -21.5748   -21.8759     1.7676     2.4964     0.3968
182.666364   5.323728  19.2079  17.2415  16.3474  15.9469  15.6391    0.07640000   0.00017917  22893.411    53.713815   0.109167   0.573640    -205.298 0   0.289369   0.222095   0.080005   0.051365   0.054593   -18.6904   -20.5895   -21.3415   -21.7134   -22.0244     1.8991     2.6511     0.3719
182.502990   5.300817  19.9193  17.9135  17.0272  16.6208  16.3333    0.07700000   0.00016913  23088.516    50.703898   0.110771   0.582067     -10.193 0   0.280297   0.215354   0.077823   0.049217   0.053283   -17.9687   -19.9096   -20.6584   -21.0361   -21.3277     1.9409     2.6896     0.3778
182.600600   5.274403  19.8805  18.0579  17.1849  16.7601  16.4784    0.07810000   0.00016990  23428.601    50.934739   0.113223   0.594953     329.892 0   0.294445   0.226332   0.084692   0.052356   0.053554   -18.0738   -19.8283   -20.5597   -20.9521   -21.2350     1.7545     2.4858     0.3925
182.458404   5.397519  20.3178  18.4686  17.6319  17.2683  17.0185    0.07650000   0.00019838  22936.282    59.472828   0.117268   0.616205    -162.428 0   0.236488   0.176788   0.073979   0.036485   0.041373   -17.5122   -19.3017   -20.0356   -20.3617   -20.6164     1.7895     2.5234     0.3261
182.512087   5.274431  19.9678  18.1343  17.2146  16.7958  16.4658    0.07650000   0.00015447  22945.335    46.308941   0.127179   0.668287    -153.374 0   0.414280   0.334317   0.129794   0.084799   0.061155   -18.0400   -19.7935   -20.5087   -20.8825   -21.1889     1.7535     2.4687     0.3738
182.685930   5.309823  19.9682  17.9521  17.0435  16.6156  16.3067    0.07640000   0.00016388  22891.702    49.129988   0.133094   0.699367    -207.007 0   0.356403   0.274657   0.099185   0.068339   0.062094   -17.9971   -19.9315   -20.6646   -21.0616   -21.3643     1.9344     2.6675     0.3971
182.714314   5.366296  18.7491  16.8406  15.9506  15.5192  15.2137    0.07870000   0.00017628  23596.604    52.847414   0.139440   0.732711     497.895 0   0.312766   0.239944   0.086404   0.057146   0.057534   -19.2402   -21.0759   -21.8123   -22.2145   -22.5204     1.8357     2.5721     0.4021
182.711987   5.422130  18.1930  16.1951  15.2824  14.8663  14.5327    0.07840000   0.00019317  23495.544    57.910909   0.140910   0.740436     396.835 0   0.376867   0.291537   0.105767   0.073691   0.063695   -19.8521   -21.7646   -22.4916   -22.8756   -23.1992     1.9126     2.6395     0.3840
182.693738   5.286633  20.0821  18.3149  17.4325  17.0242  16.7379    0.07750000   0.00015925  23225.581    47.741949   0.153299   0.805538     126.872 0   0.331446   0.260867   0.103460   0.062436   0.053219   -17.8924   -19.5890   -20.3140   -20.6813   -20.9584     1.6966     2.4216     0.3673
182.722738   5.336270  19.9955  18.0526  17.1720  16.7476  16.4275    0.07530000   0.00017367  22587.263    52.064956   0.154423   0.811445    -511.446 0   0.320663   0.246117   0.088526   0.059168   0.058494   -17.8842   -19.7526   -20.4756   -20.8706   -21.1901     1.8684     2.5914     0.3950
182.476325   5.510846  19.2383  17.3549  16.4765  16.0787  15.7546    0.07310000   0.00016012  21912.700    48.002768   0.160088   0.841210   -1186.009 1   0.251755   0.194835   0.070324   0.043010   0.049454   -18.5291   -20.3556   -21.1095   -21.4800   -21.8105     1.8265     2.5804     0.3705
182.713785   5.289285  19.3976  17.5227  16.6391  16.2074  15.9063    0.07570000   0.00016867  22679.989    50.565994   0.167582   0.880592    -418.720 0   0.310313   0.237975   0.085345   0.056553   0.057407   -18.4833   -20.2859   -21.0169   -21.4198   -21.7217     1.8026     2.5335     0.4029
182.738680   5.452338  20.0712  18.4544  17.6578  17.2951  16.9375    0.07730000   0.00016161  23182.741    48.449459   0.175927   0.924439      84.032 0   0.073219   0.065454   0.024760   0.017760   0.017904   -17.6365   -19.2455   -20.0014   -20.3571   -20.7149     1.6090     2.3649     0.3557
182.455779   5.524133  20.0088  18.1956  17.3379  16.9223  16.6046    0.07590000   0.00016321  22760.333    48.929127   0.183333   0.963357    -338.376 0   0.225203   0.176192   0.064157   0.038070   0.045437   -17.8110   -19.5752   -20.3208   -20.7103   -21.0354     1.7642     2.5099     0.3895
182.710565   5.258996  19.4730  17.6164  16.7980  16.3720  16.0641    0.07900000   0.00015447  23681.026    46.308941   0.184166   0.967734     582.317 0   0.185557   0.149469   0.054888   0.032635   0.039442   -18.3974   -20.2179   -20.9417   -21.3455   -21.6602     1.8205     2.5443     0.4037
182.630922   5.189075  19.0982  17.1561  16.2545  15.8343  15.5034    0.07630000   0.00016102  22884.687    48.272582   0.203386   1.068732    -214.022 0   0.336890   0.259109   0.093632   0.063316   0.060098   -18.8477   -20.7120   -21.4482   -21.8381   -22.1657     1.8643     2.6004     0.3899
182.568410   5.174284  19.9054  17.9049  17.0385  16.6262  16.3256    0.07510000   0.00015463  22524.547    46.356908   0.210669   1.106998    -574.163 0   0.249862   0.193511   0.069856   0.042636   0.049185   -17.9190   -19.8631   -20.6058   -20.9909   -21.2981     1.9441     2.6869     0.3851
182.782803   5.429114  19.7849  17.9443  17.1312  16.7502  16.4560    0.07910000   0.00015820  23727.674    47.427167   0.211085   1.109183     628.965 0   0.155834   0.122822   0.049278   0.027657   0.032809   -18.0585   -19.8661   -20.6057   -20.9650   -21.2644     1.8076     2.5471     0.3594
182.656112   5.182819  19.1845  17.8406  17.0925  16.7019  16.4169    0.07530000   0.00016992  22578.869    50.940734   0.217373   1.142226    -519.840 0   0.310150   0.293430   0.140553   0.050946  -0.006816   -18.6847   -20.0119   -20.6071   -20.9081   -21.1353     1.3272     1.9224     0.3010
182.394340   5.509126  18.5899  16.8103  15.8750  15.4137  15.0519    0.07590000   0.00018706  22761.652    56.079177   0.219039   1.150983    -337.057 0   0.494205   0.415245   0.162175   0.099192   0.066514   -19.4989   -21.1995   -21.8817   -22.2801   -22.6092     1.7006     2.3829     0.3983
182.367035   5.266342  18.7748  16.9273  16.0827  15.7060  15.4271    0.07890000   0.00015823  23645.920    47.436161   0.238989   1.255810     547.211 0   0.226937   0.172433   0.068082   0.036186   0.042940   -19.1130   -20.9060   -21.6462   -21.9910   -22.2767     1.7930     2.5332     0.3448
182.394995   5.549049  20.0711  18.2802  17.4890  17.1145  16.8224    0.07290000   0.00017493  21850.733    52.442695   0.243437   1.279185   -1247.976 1   0.112903   0.092083   0.037196   0.022746   0.025337   -17.5515   -19.3216   -20.0579   -20.4179   -20.7126     1.7701     2.5064     0.3601
182.432058   5.591958  20.3655  18.4802  17.5904  17.1349  16.7989    0.07660000   0.00015223  22961.164    45.637406   0.251584   1.321996    -137.545 0   0.481801   0.409083   0.161691   0.096689   0.063780   -17.7127   -19.5253   -20.1677   -20.5582   -20.8613     1.8126     2.4550     0.3905
182.321885   5.318689  19.0427  17.2006  16.3290  15.9368  15.6266    0.07510000   0.00016933  22514.054    50.763857   0.261015   1.371553    -584.655 0   0.268324   0.205904   0.076683   0.046072   0.050542   -18.8001   -20.5798   -21.3222   -21.6838   -21.9984     1.7797     2.5221     0.3616
182.523067   5.126060  19.9133  18.0088  17.1907  16.8156  16.4969    0.07600000   0.00014683  22789.203    44.018527   0.263987   1.387169    -309.506 0   0.111427   0.098816   0.036584   0.024439   0.026869   -17.7986   -19.6905   -20.4463   -20.8093   -21.1304     1.8919     2.6478     0.3630
182.843472   5.408405  18.9754  17.1147  16.2606  15.8522  15.5828    0.07430000   0.00016109  22273.620    48.293567   0.267828   1.407354    -825.089 1   0.273762   0.209480   0.081005   0.046705   0.049531   -18.8495   -20.6459   -21.3715   -21.7456   -22.0179     1.7964     2.5220     0.3741
182.777230   5.566871  19.3040  18.1403  17.6306  17.2943  17.1300    0.08620000   0.00010129  25838.512    30.365978   0.271061   1.424339    2739.803 1   0.181763   0.121812   0.095183  -0.017607  -0.100736   -18.7315   -19.8352   -20.3183   -20.5418   -20.6230     1.1037     1.5868     0.2235
182.309212   5.478043  19.5116  17.7475  16.9441  16.5696  16.4420    0.07670000   0.00014995  23004.005    44.953879   0.281020   1.476674     -94.704 0   0.226224   0.164100   0.075108   0.031754   0.034836   -18.3138   -20.0158   -20.7302   -21.0614   -21.1921     1.7020     2.4164     0.3311
182.406143   5.151705  18.7665  17.0337  16.2262  15.8330  15.5291    0.07310000   0.00015150  21916.118    45.418557   0.287713   1.511840   -1182.591 1   0.186367   0.143226   0.057398   0.030565   0.037193   -18.9355   -20.6252   -21.3468   -21.7132   -22.0237     1.6897     2.4113     0.3664
182.277579   5.363064  19.2630  17.6456  16.8898  16.5097  16.2289    0.07730000   0.00013544  23177.794    40.603891   0.297404   1.562764      79.085 0   0.187277   0.132969   0.061702   0.026612   0.031834   -18.5587   -20.1218   -20.8064   -21.1514   -21.4374     1.5631     2.2476     0.3450
182.306056   5.517381  20.0422  18.3085  17.4358  17.0430  16.7326    0.07640000   0.00017621  22910.829    52.826429   0.299215   1.572280    -187.880 0   0.322262   0.252818   0.100962   0.059702   0.051953   -17.8890   -19.5532   -20.2741   -20.6256   -20.9283     1.6643     2.3851     0.3515
182.348357   5.161758  19.2833  17.6648  16.8910  16.4901  16.1867    0.07290000   0.00014129  21847.465    42.357676   0.317651   1.669157   -1251.244 1   0.224954   0.165028   0.072554   0.032846   0.037523   -18.4513   -20.0099   -20.6912   -21.0524   -21.3605     1.5586     2.2399     0.3612
182.501678   5.699219  19.6745  18.2543  17.6284  17.2887  17.0597    0.07490000   0.00008292  22447.470    24.858791   0.322862   1.696538    -651.239 1   0.152471   0.082873   0.058870   0.015286  -0.003861   -18.0224   -19.3730   -19.9749   -20.2710   -20.4808     1.3506     1.9525     0.2961
182.317634   5.592445  17.4768  15.4368  14.5200  14.0990  13.7776    0.07600000   0.00022695  22792.981    68.037898   0.330169   1.734934    -305.728 0   0.369063   0.285579   0.103899   0.071750   0.062829   -20.4927   -22.4492   -23.1843   -23.5732   -23.8857     1.9565     2.6916     0.3889
182.374833   5.121007  18.8787  17.0265  16.1784  15.8009  15.5222    0.07610000   0.00015704  22819.392    47.079408   0.330934   1.738954    -279.317 0   0.234052   0.178402   0.069589   0.037870   0.044306   -18.9375   -20.7340   -21.4733   -21.8191   -22.1042     1.7965     2.5358     0.3458
182.255356   5.490345  18.9765  17.0613  16.2156  15.8216  15.5109    0.07580000   0.00016850  22739.168    50.515029   0.335741   1.764216    -359.541 0   0.195941   0.156570   0.057257   0.033965   0.041086   -18.8142   -20.6900   -21.4364   -21.8071   -22.1249     1.8758     2.6222     0.3707
182.594760   5.048476  19.5813  18.2414  17.5957  17.2680  16.9855    0.07600000   0.00020359  22785.366    61.034747   0.336904   1.770323    -313.343 0   0.004487   0.002476   0.000992   0.000702   0.000645   -18.0236   -19.3615   -20.0057   -20.3332   -20.6156     1.3379     1.9821     0.3274
182.236961   5.381927  19.2824  17.5543  16.7038  16.2983  16.0170    0.07690000   0.00015722  23054.370    47.133370   0.337058   1.771132     -44.339 0   0.298836   0.231585   0.093334   0.052669   0.049419   -18.6425   -20.3034   -21.0156   -21.3805   -21.6585     1.6608     2.3731     0.3648
182.860405   5.186283  19.3348  17.7017  16.8811  16.4895  16.1982    0.07420000   0.00014327  22234.497    42.951265   0.346235   1.819355    -864.212 1   0.291556   0.227080   0.098623   0.049476   0.041741   -18.5050   -20.0736   -20.7657   -21.1082   -21.3918     1.5686     2.2608     0.3425
182.228986   5.460109  19.1723  17.1742  16.2979  15.8959  15.5714    0.07730000   0.00016431  23165.683    49.258899   0.353102   1.855440      66.974 0   0.259416   0.200314   0.072006   0.044583   0.050655   -18.7216   -20.6606   -21.4086   -21.7831   -22.1137     1.9390     2.6870     0.3746
182.932758   5.331266  19.0768  17.1246  16.2228  15.7803  15.4478    0.07300000   0.00016286  21887.188    48.824200   0.359693   1.890072   -1211.521 1   0.373961   0.289198   0.104915   0.072943   0.063444   -18.8067   -20.6741   -21.3917   -21.8022   -22.1252     1.8674     2.5850     0.4105
182.208801   5.355310  19.1647  17.0594  16.1295  15.7119  15.3839    0.07850000   0.00018864  23528.042    56.552849   0.366272   1.924647     429.333 0   0.380907   0.295385   0.107664   0.074862   0.063733   -18.8660   -20.8858   -21.6280   -22.0128   -22.3296     2.0198     2.7620     0.3848
182.789845   5.685247  19.2341  18.1589  17.7345  17.4621  17.3452    0.07980000   0.00008147  23910.457    24.424092   0.368493   1.936314     811.748 1   0.140850   0.037524   0.068159  -0.014994  -0.059651   -18.5923   -19.5642   -20.0192   -20.2085   -20.2807     0.9719     1.4269     0.1892
182.821912   5.102958  19.1850  17.6779  16.9296  16.5178  16.1658    0.07820000   0.00017793  23453.004    53.342072   0.373682   1.963581     354.295 0   0.301945   0.247731   0.118178   0.049802   0.021575   -18.7584   -20.2113   -20.8300   -21.1734   -21.4972     1.4529     2.0716     0.3434
182.899319   5.167096  20.2288  18.3756  17.6446  17.1545  17.0082    0.07830000   0.00015806  23481.964    47.385196   0.389031   2.044235     383.255 0   0.261053   0.196983   0.087947   0.039892   0.038035   -17.6736   -19.4627   -20.0846   -20.5267   -20.6711     1.7891     2.4111     0.4420
182.962927   5.267186  18.6321  16.7657  15.9098  15.4959  15.2157    0.07600000   0.00016159  22794.090    48.443463   0.403260   2.119004    -304.619 0   0.254342   0.195125   0.073175   0.042763   0.048453   -19.2227   -21.0299   -21.7638   -22.1473   -22.4332     1.8072     2.5411     0.3835
182.774927   5.032713  20.4472  18.5915  17.7174  17.3294  17.0188    0.07610000   0.00016007  22817.923    47.987779   0.404240   2.124156    -280.786 0   0.279324   0.214202   0.080528   0.048494   0.051533   -17.4142   -19.2048   -19.9452   -20.3012   -20.6148     1.7906     2.5310     0.3560
182.926359   5.626002  19.8892  18.1014  17.2287  16.8255  16.5227    0.07570000   0.00018123  22683.347    54.331387   0.424476   2.230486    -415.362 0   0.302581   0.233263   0.088581   0.054321   0.053706   -17.9840   -19.7025   -20.4305   -20.7994   -21.1016     1.7185     2.4465     0.3689
182.172271   5.554763  20.2822  18.3351  17.4773  17.0817  16.7655    0.07680000   0.00016065  23034.554    48.161658   0.435933   2.290690     -64.156 0   0.211613   0.166940   0.060934   0.035891   0.043420   -17.5285   -19.4309   -20.1827   -20.5533   -20.8770     1.9024     2.6542     0.3706
182.968110   5.582183  19.9296  18.3162  17.4292  16.9831  16.6338    0.07470000   0.00015258  22393.417    45.742333   0.437871   2.300877    -705.292 1   0.425486   0.369754   0.153816   0.084572   0.050619   -18.0375   -19.5952   -20.2662   -20.6431   -20.9584     1.5577     2.2287     0.3769
182.197463   5.143763  19.3355  17.6325  16.8379  16.4490  16.1654    0.07590000   0.00013765  22750.560    41.266432   0.446955   2.348610    -348.149 0   0.208571   0.153449   0.066180   0.030957   0.037130   -18.4676   -20.1155   -20.8229   -21.1765   -21.4663     1.6479     2.3552     0.3537
182.296466   5.735455  18.8533  17.5579  16.9873  16.6482  16.4473    0.08010000   0.00014177  24001.174    42.501577   0.447336   2.350609     902.465 1   0.176818   0.095726   0.075605   0.002792  -0.056199   -19.0385   -20.2528   -20.8033   -21.0696   -21.2115     1.2143     1.7648     0.2663
182.208558   5.116771  19.7987  17.8667  16.9969  16.5777  16.2765    0.07590000   0.00016335  22745.404    48.971098   0.453121   2.381009    -353.305 0   0.266365   0.205095   0.074245   0.045994   0.051358   -18.0622   -19.9330   -20.6719   -21.0629   -21.3694     1.8707     2.6097     0.3909
183.000016   5.210597  18.2307  16.3017  15.4150  14.9976  14.6975    0.07440000   0.00018668  22295.565    55.965256   0.457149   2.402174    -803.144 1   0.288616   0.221530   0.080050   0.051162   0.054373   -19.6089   -21.4708   -22.2161   -22.6046   -22.9079     1.8619     2.6071     0.3885
183.009992   5.229826  18.2802  16.8693  16.1721  15.7878  15.5375    0.07600000   0.00014955  22794.000    44.833962   0.459509   2.414575    -304.709 0   0.256345   0.203734   0.108586   0.032993  -0.006291   -19.5766   -20.9349   -21.5369   -21.8456   -22.0567     1.3583     1.9603     0.3087
182.196024   5.121942  19.1502  17.6750  16.9583  16.5421  16.2621    0.07690000   0.00014083  23044.057    42.219772   0.460268   2.418562     -54.652 0   0.284103   0.234489   0.117487   0.042444   0.006229   -18.7600   -20.1856   -20.7853   -21.1265   -21.3702     1.4256     2.0253     0.3412
182.214284   5.089690  18.8000  16.9645  16.0860  15.6824  15.3793    0.07540000   0.00018517  22613.435    55.512569   0.465229   2.444631    -485.274 0   0.280057   0.215100   0.078219   0.049091   0.053012   -19.0390   -20.8095   -21.5511   -21.9256   -22.2326     1.7705     2.5122     0.3745
183.043595   5.376551  19.9766  18.3421  17.5367  17.1784  16.8987    0.07770000   0.00018233  23289.677    54.661159   0.466103   2.449224     190.968 0   0.189906   0.139015   0.060867   0.028512   0.034612   -17.8620   -19.4456   -20.1728   -20.4988   -20.7846     1.5836     2.3109     0.3259
183.042760   5.464992  18.4497  17.1872  16.6002  16.2368  16.0123    0.08210000   0.00014866  24611.762    44.567147   0.472053   2.480492    1513.053 1   0.205956   0.156735   0.100752   0.007793  -0.071633   -19.5038   -20.7171   -21.2481   -21.5185   -21.6636     1.2133     1.7443     0.2704
182.152380   5.599605  18.8974  16.9392  16.1044  15.7067  15.3862    0.07730000   0.00015976  23171.439    47.894843   0.472842   2.484639      72.730 0   0.183964   0.147926   0.054673   0.032319   0.039036   -18.9210   -20.8432   -21.5847   -21.9601   -22.2873     1.9222     2.6637     0.3753
182.586535   5.857847  19.0086  17.2036  16.3054  15.8499  15.5500    0.07940000   0.00014325  23788.771    42.945270   0.473140   2.486205     690.062 1   0.444713   0.381948   0.155523   0.089276   0.056226   -19.1108   -20.8530   -21.5248   -21.9140   -22.1809     1.7422     2.4140     0.3893
182.099834   5.452862  19.2880  17.4193  16.5183  16.1219  15.8034    0.07640000   0.00017525  22891.223    52.538628   0.478428   2.513987    -207.486 0   0.322128   0.248692   0.092268   0.059605   0.057090   -18.6430   -20.4383   -21.1829   -21.5466   -21.8626     1.7953     2.5398     0.3637
182.954858   5.090652  19.9629  18.4639  17.6742  17.2436  16.9687    0.07790000   0.00015292  23339.652    45.844263   0.478736   2.515609     240.943 0   0.348666   0.309110   0.140926   0.062334   0.023053   -18.0188   -19.4783   -20.0998   -20.4518   -20.6874     1.4594     2.0810     0.3520
182.971484   5.657636  19.4530  18.0424  17.3545  16.9747  16.7115    0.07680000   0.00016485  23037.761    49.420787   0.479420   2.519199     -60.948 0   0.247368   0.190640   0.103295   0.029820  -0.004935   -18.3934   -19.7473   -20.3479   -20.6542   -20.8826     1.3539     1.9544     0.3063
182.093179   5.431700  18.3269  16.7227  15.9540  15.5830  15.3189    0.07670000   0.00015553  22991.443    46.626721   0.482474   2.535250    -107.266 0   0.200848   0.141291   0.067095   0.026971   0.031316   -19.4732   -21.0178   -21.7123   -22.0432   -22.3116     1.5446     2.2391     0.3309
183.059573   5.500145  18.7627  17.0028  16.1345  15.7011  15.4113    0.07560000   0.00015591  22649.680    46.740642   0.495539   2.603904    -449.029 0   0.331959   0.259044   0.099435   0.062428   0.055872   -19.1370   -20.8240   -21.5327   -21.9291   -22.2123     1.6870     2.3957     0.3964
183.051716   5.542068  18.4797  16.7171  15.8206  15.3677  15.0434    0.07770000   0.00016621  23285.540    49.828504   0.499507   2.624752     186.831 0   0.444100   0.375277   0.151219   0.089887   0.058327   -19.6131   -21.3068   -21.9793   -22.3709   -22.6636     1.6938     2.3662     0.3916
182.898766   5.778824  19.5133  18.2713  17.7560  17.4539  17.3044    0.08570000   0.00017412  25678.303    52.199863   0.508732   2.673228    2579.594 1   0.130228   0.050708   0.056460   0.007708  -0.055970   -18.4580   -19.6205   -20.1415   -20.3949   -20.4807     1.1625     1.6835     0.2533
182.883921   5.801164  18.6836  17.0579  16.2708  15.8183  15.5019    0.08580000   0.00015835  25732.746    47.472136   0.517317   2.718337    2634.036 1   0.360555   0.309497   0.137194   0.067329   0.035032   -19.5417   -21.1164   -21.7312   -22.1138   -22.3979     1.5746     2.1894     0.3826
183.092232   5.464139  18.8814  17.6606  17.2036  16.9205  16.7435    0.08190000   0.00016456  24562.806    49.333847   0.520529   2.735214    1464.096 1   0.138804   0.045289   0.064222  -0.003931  -0.068185   -19.0208   -20.1481   -20.6240   -20.8390   -20.9517     1.1273     1.6032     0.2149
183.106737   5.339820  19.5857  17.6509  16.7671  16.3708  16.0587    0.07610000   0.00015879  22806.561    47.604044   0.530805   2.789214    -292.148 0   0.260293   0.200887   0.072285   0.044737   0.050742   -18.2567   -20.1321   -20.8873   -21.2560   -21.5741     1.8754     2.6306     0.3688
182.051719   5.534807  20.0191  18.3174  17.4826  17.1133  16.8678    0.07660000   0.00016166  22978.372    48.464449   0.542607   2.851231    -120.337 0   0.264619   0.200507   0.087193   0.041640   0.040727   -17.8419   -19.4795   -20.2010   -20.5247   -20.7693     1.6376     2.3591     0.3237
182.026545   5.488260  19.0345  17.4042  16.7119  16.3614  16.1137    0.07240000   0.00014276  21709.291    42.798371   0.556233   2.922829   -1389.418 1   0.057426   0.036334   0.016199   0.010034   0.010120   -18.4964   -20.1056   -20.7777   -21.1221   -21.3699     1.6092     2.2814     0.3443
183.056416   5.710247  19.0167  17.7439  17.1685  16.8004  16.5599    0.07980000   0.00007586  23927.515    22.742256   0.578910   3.041991     828.806 1   0.204742   0.151237   0.098380   0.007013  -0.068580   -18.8736   -20.0929   -20.6155   -20.8922   -21.0571     1.2193     1.7418     0.2767
182.202000   4.930610  18.9488  16.9869  15.9945  15.5007  15.0764    0.07640000   0.00015462  22904.863    46.353910   0.587021   3.084610    -193.846 0   0.580834   0.463224   0.171096   0.111807   0.079653   -19.2409   -21.0852   -21.7855   -22.2200   -22.6122     1.8443     2.5446     0.4345
183.101858   5.083364  19.1458  17.3275  16.4913  16.1120  15.8424    0.07680000   0.00016005  23035.213    47.981783   0.604564   3.176792     -63.496 0   0.244037   0.183815   0.075187   0.038614   0.043354   -18.6973   -20.4554   -21.1830   -21.5257   -21.8000     1.7581     2.4857     0.3427
182.203498   4.873636  19.2955  17.5604  16.7255  16.3330  16.0389    0.07550000   0.00015896  22637.508    47.655009   0.631261   3.317079    -461.201 0   0.269291   0.205297   0.082922   0.044775   0.046629   -18.5386   -20.2097   -20.9223   -21.2766   -21.5726     1.6711     2.3836     0.3544
182.948486   5.932496  18.2967  16.8704  16.1557  15.7424  15.4960    0.08610000   0.00019011  25813.630    56.993544   0.661685   3.476948    2714.920 1   0.284906   0.239560   0.120485   0.042067   0.000858   -19.8394   -21.2204   -21.8160   -22.1509   -22.3561     1.3810     1.9766     0.3349
