222.576045  34.093939  18.1009  16.1927  15.2320  14.8074  14.5156    0.08910000   0.00019257  26700.236    57.731034   0.013425   0.081277     -17.868 0   0.413059   0.322067   0.117963   0.083203   0.066050   -20.2591   -22.0764   -22.8330   -23.2228   -23.4974     1.8172     2.5738     0.3898
222.573217  34.120154  18.8187  17.4985  16.8661  16.5070  16.3005    0.08860000   0.00015152  26567.308    45.424553   0.029332   0.177584    -150.796 0   0.205923   0.139740   0.089610   0.010157  -0.037904   -19.3220   -20.5760   -21.1582   -21.4379   -21.5963     1.2540     1.8363     0.2796
222.523144  34.074243  20.1567  18.2445  17.3533  16.9948  16.6583    0.08930000   0.00014476  26757.226    43.397956   0.035727   0.216305      39.123 0   0.274398   0.210578   0.078123   0.047529   0.051480   -18.0484   -19.8968   -20.6556   -20.9835   -21.3239     1.8484     2.6071     0.3279
222.621435  34.086106  19.9351  18.0304  17.1338  16.7513  16.5022    0.08960000   0.00014548  26876.184    43.613807   0.051441   0.311440     158.081 0   0.293001   0.225259   0.085102   0.051888   0.052913   -18.3171   -20.1540   -20.9105   -21.2598   -21.5099     1.8370     2.5934     0.3493
222.500769  34.114597  19.5773  18.3084  17.7506  17.3782  17.2277    0.08970000   0.00010655  26899.808    31.942886   0.053507   0.323949     181.704 0   0.192076   0.124880   0.089485  -0.001330  -0.073224   -18.5552   -19.7569   -20.2793   -20.5609   -20.6395     1.2017     1.7241     0.2816
222.643592  34.128643  19.0197  17.2967  16.3986  15.9871  15.6903    0.08840000   0.00015092  26502.073    45.244678   0.077962   0.472006    -216.030 0   0.372218   0.302077   0.122412   0.074002   0.053461   -19.2612   -20.9140   -21.6325   -21.9956   -22.2718     1.6529     2.3713     0.3631
222.449746  34.111195  18.9691  17.6264  16.8784  16.4370  16.1473    0.08910000   0.00010148  26715.375    30.422939   0.093002   0.563060      -2.728 0   0.323491   0.328442   0.152497   0.055537  -0.006882   -19.3014   -20.6490   -21.2211   -21.5655   -21.7928     1.3477     1.9197     0.3444
222.671803  34.160504  19.2730  17.2808  16.3107  15.8937  15.5692    0.10110000   0.00015273  30300.623    45.787302   0.114676   0.694285    3582.520 1   0.440398   0.345797   0.127728   0.090049   0.067657   -19.3873   -21.2849   -22.0369   -22.4162   -22.7183     1.8976     2.6496     0.3793
222.651887  34.184629  19.4416  18.3413  17.6884  17.3143  17.0897    0.10080000   0.00018610  30225.375    55.791376   0.119185   0.721580    3507.272 1   0.214522   0.279467   0.140969   0.020967  -0.080800   -18.9886   -20.1538   -20.6682   -20.9223   -21.0452     1.1652     1.6796     0.2541
222.445626  33.991262  19.8517  18.0253  17.0776  16.6163  16.2467    0.08950000   0.00015583  26822.281    46.716659   0.138920   0.841065     104.178 0   0.499874   0.414874   0.160440   0.100672   0.068282   -18.6049   -20.3463   -21.0396   -21.4411   -21.7783     1.7414     2.4347     0.4015
222.500344  34.233741  20.2895  18.4168  17.5246  17.1419  16.8913    0.10130000   0.00014506  30380.668    43.487894   0.149142   0.902951    3662.564 1   0.299140   0.230272   0.087149   0.053413   0.053528   -18.2361   -20.0399   -20.7890   -21.1380   -21.3887     1.8038     2.5529     0.3490
222.402422  34.192329  19.0741  17.9121  17.3752  17.1822  17.3938    0.09300000   0.00019752  27868.827    59.215006   0.163925   0.992452    1150.723 1   0.009118   0.002472   0.001902   0.001143  -0.004200   -18.9542   -20.1096   -20.6459   -20.8381   -20.6212     1.1554     1.6917     0.1922
222.536159  34.279131  19.6059  17.9114  17.1066  16.6848  16.4002    0.08980000   0.00018501  26921.812    55.464603   0.187182   1.133253     203.709 0   0.266183   0.202080   0.086105   0.042650   0.042576   -18.6032   -20.2336   -20.9224   -21.3007   -21.5853     1.6304     2.3192     0.3783
222.581477  33.881900  18.9109  17.7418  17.2370  16.9232  16.8329    0.09080000   0.00018380  27210.213    55.101854   0.211840   1.282543     492.109 1   0.162889   0.069772   0.072617  -0.007645  -0.079504   -19.2401   -20.3161   -20.8238   -21.0573   -21.0758     1.0760     1.5836     0.2335
222.486081  33.889320  20.0014  18.3091  17.4334  17.0426  16.7467    0.09070000   0.00014242  27196.152    42.696442   0.212634   1.287347     478.049 1   0.339620   0.271501   0.111367   0.064949   0.050277   -18.3028   -19.9270   -20.6426   -20.9870   -21.2682     1.6242     2.3397     0.3444
222.508263  33.873443  20.1048  18.3541  17.4779  17.1026  16.8234    0.08740000   0.00015616  26204.769    46.815590   0.223662   1.354118    -513.335 1   0.308358   0.240456   0.097088   0.055457   0.049995   -18.0874   -19.7702   -20.5030   -20.8367   -21.1105     1.6828     2.4156     0.3337
222.526611  33.847356  19.7248  17.7524  16.8588  16.4483  16.1698    0.08930000   0.00015189  26758.485    45.535476   0.247167   1.496420      40.382 0   0.276493   0.212630   0.076514   0.048390   0.052934   -18.4824   -20.3910   -21.1484   -21.5308   -21.8139     1.9085     2.6660     0.3824
222.521140  33.846698  18.8149  16.8404  15.9053  15.5212  15.2144    0.08880000   0.00017474  26631.973    52.385734   0.248365   1.503678     -86.130 0   0.328472   0.252519   0.091310   0.061183   0.059125   -19.4321   -21.3306   -22.1045   -22.4585   -22.7632     1.8985     2.6724     0.3540
222.582459  33.844344  18.9984  17.6617  17.1464  16.7808  16.4407    0.09100000   0.00009381  27269.452    28.123530   0.249342   1.509588     551.348 1   0.187779   0.119432   0.089397  -0.006299  -0.083730   -19.1823   -20.4507   -20.9359   -21.2059   -21.4685     1.2684     1.7536     0.2699
222.696265  33.869033  19.2379  17.4977  16.6881  16.3230  16.0691    0.08660000   0.00013315  25964.575    39.917366   0.250821   1.518545    -753.528 1   0.214818   0.158151   0.068166   0.031796   0.037759   -18.8407   -20.5243   -21.2439   -21.5726   -21.8325     1.6835     2.4031     0.3287
222.453760  33.857448  18.8678  16.9427  16.0242  15.6117  15.3031    0.08800000   0.00018211  26374.511    54.595205   0.251394   1.522013    -343.592 1   0.341273   0.262321   0.094420   0.064404   0.060767   -19.3696   -21.2158   -21.9664   -22.3489   -22.6538     1.8461     2.5967     0.3825
222.402983  33.870776  20.0879  18.2364  17.3436  16.9553  16.6726    0.08600000   0.00014844  25769.620    44.501192   0.257404   1.558399    -948.483 1   0.301531   0.231871   0.086061   0.054204   0.054788   -18.0808   -19.8626   -20.6096   -20.9661   -21.2493     1.7818     2.5288     0.3564
222.470919  33.813569  20.3681  18.2385  17.2668  16.8251  16.5116    0.09060000   0.00015933  27165.514    47.765932   0.288962   1.749461     447.410 1   0.470634   0.371790   0.138139   0.096744   0.069685   -18.0648   -20.0955   -20.8336   -21.2339   -21.5203     2.0308     2.7688     0.4003
222.610840  33.776976  18.9406  17.6065  17.0414  16.7282  16.5251    0.09040000   0.00019024  27088.377    57.032517   0.318813   1.930191     370.274 1   0.121930   0.054317   0.048189   0.012689  -0.027529   -19.1362   -20.4027   -20.9616   -21.2393   -21.4022     1.2665     1.8255     0.2777
222.924070  33.970858  20.1414  18.3584  17.3528  16.9257  16.5647    0.10190000   0.00018072  30545.254    54.178493   0.325388   1.969995    3827.151 1   0.527020   0.430698   0.163445   0.105148   0.072626   -18.6249   -20.3116   -21.0500   -21.4188   -21.7472     1.6867     2.4250     0.3688
222.865173  33.880375  20.1195  18.4705  17.5961  17.2232  16.9495    0.08890000   0.00014932  26642.886    44.765010   0.330338   1.999966     -75.218 0   0.318291   0.250911   0.103250   0.058457   0.048846   -18.1197   -19.7014   -20.4281   -20.7562   -21.0203     1.5816     2.3084     0.3281
222.177634  34.214771  19.3153  17.9609  17.3433  16.9518  16.6981    0.08940000   0.00008014  26810.230    24.025368   0.339165   2.053405      92.126 0   0.213532   0.151012   0.093314   0.013344  -0.033905   -18.8288   -20.1207   -20.6806   -20.9921   -21.1986     1.2919     1.8518     0.3115
222.666269  34.428095  18.7237  16.7107  15.7779  15.3515  15.0221    0.09030000   0.00016706  27060.766    50.083328   0.346501   2.097818     342.663 1   0.380964   0.295806   0.108127   0.074960   0.063542   -19.6123   -21.5401   -22.2852   -22.6785   -22.9964     1.9278     2.6730     0.3932
222.671830  34.428289  20.5234  18.6342  17.6981  17.3008  16.9725    0.09000000   0.00014922  26975.655    44.735031   0.347887   2.106213     257.552 0   0.369834   0.286006   0.103876   0.071907   0.063008   -17.8153   -19.6207   -20.3747   -20.7400   -21.0594     1.8054     2.5593     0.3653
222.871213  34.330313  18.8101  17.3480  16.6592  16.2812  16.0299    0.08670000   0.00013631  25984.931    40.864710   0.350429   2.121601    -733.172 1   0.213569   0.144843   0.081995   0.020839   0.006819   -19.2698   -20.6632   -21.2891   -21.6060   -21.8433     1.3934     2.0193     0.3168
222.390413  33.751895  19.5932  17.7346  16.8496  16.4612  16.1924    0.08860000   0.00014671  26569.646    43.982552   0.368829   2.233003    -148.457 0   0.301500   0.232306   0.088070   0.054040   0.053685   -18.6430   -20.4324   -21.1732   -21.5276   -21.7960     1.7894     2.5302     0.3544
222.343786  33.769167  19.2281  17.7995  17.1005  16.6768  16.4400    0.09330000   0.00010407  27984.307    31.199401   0.369973   2.239926    1266.203 1   0.270734   0.223416   0.115672   0.037208  -0.004974   -19.0875   -20.4688   -21.0600   -21.4052   -21.5999     1.3813     1.9725     0.3452
222.063671  34.012008  19.8381  18.3545  17.5419  17.1707  16.8727    0.09790000   0.00014670  29360.054    43.979554   0.418824   2.535682    2641.951 1   0.325764   0.273237   0.126116   0.057308   0.027139   -18.6187   -20.0498   -20.7152   -21.0176   -21.2855     1.4311     2.0966     0.3024
222.255674  34.448275  18.6983  17.2801  16.5809  16.2192  15.9369    0.07790000   0.00017211  23354.162    51.597280   0.435540   2.636886   -3363.941 1   0.245477   0.190763   0.104630   0.028872  -0.011285   -19.1802   -20.5437   -21.1568   -21.4427   -21.6849     1.3635     1.9766     0.2859
222.231919  33.684374  19.4961  18.0948  17.3437  16.8883  16.5690    0.08190000   0.00009080  24545.358    27.221155   0.490634   2.970446   -2172.746 1   0.343860   0.305059   0.140001   0.060737   0.020824   -18.6112   -19.9737   -20.5597   -20.9358   -21.2152     1.3625     1.9485     0.3761
222.437456  34.581740  19.3047  17.4417  16.4896  16.0503  15.6954    0.10000000   0.00018258  29971.691    54.736107   0.499161   3.022066    3253.588 1   0.475981   0.392600   0.152536   0.097153   0.065834   -19.3696   -21.1492   -21.8613   -22.2452   -22.5688     1.7796     2.4917     0.3839
222.699753  33.583153  18.7850  17.5973  16.9861  16.6194  16.4087    0.08890000   0.00017369  26641.147    52.070952   0.522824   3.165334     -76.957 0   0.212819   0.209659   0.119567   0.009391  -0.083638   -19.3488   -20.5333   -21.0544   -21.3109   -21.4286     1.1845     1.7056     0.2565
222.736157  34.597375  18.6459  17.6113  17.1663  16.7713  16.5538    0.09110000   0.00004405  27310.104    13.205858   0.525093   3.179068     592.000 1   0.167018   0.149415   0.106439  -0.033758  -0.100475   -19.4953   -20.5123   -20.9143   -21.1692   -21.3199     1.0170     1.4190     0.2548
222.880071  33.622950  19.8455  17.9128  16.9232  16.4775  16.1258    0.09280000   0.00015140  27828.685    45.388578   0.539669   3.267313    1110.581 1   0.531850   0.430134   0.161914   0.106182   0.073810   -18.7195   -20.5505   -21.2718   -21.6618   -21.9811     1.8310     2.5524     0.3900
221.913881  34.189804  19.3331  18.1786  17.5464  17.1109  16.8758    0.09630000   0.00009915  28856.673    29.724422   0.543658   3.291465    2138.569 1   0.242838   0.279626   0.140460   0.027399  -0.063098   -19.0260   -20.2173   -20.7103   -21.0327   -21.1773     1.1913     1.6843     0.3224
221.916505  34.217571  19.1799  18.0229  17.6080  17.2866  17.0311    0.09620000   0.00004673  28829.422    14.009302   0.547166   3.312705    2111.318 1   0.172767   0.076228   0.085358  -0.040439  -0.086579   -19.0833   -20.1438   -20.5678   -20.7634   -20.9728     1.0605     1.4845     0.1956
222.161269  33.643392  19.2443  17.9934  17.4881  17.1243  17.0141    0.08850000   0.00008523  26524.288    25.551311   0.557760   3.376844    -193.816 0   0.180716   0.105287   0.087486  -0.016103  -0.093930   -18.8449   -20.0204   -20.5079   -20.7681   -20.8005     1.1755     1.6630     0.2602
222.382582  33.547598  20.0382  18.3668  17.6613  17.3175  17.0625    0.08860000   0.00014908  26549.470    44.693060   0.564802   3.419479    -168.633 0   0.047248   0.031519   0.013166   0.008846   0.008976   -17.9438   -19.5994   -20.2866   -20.6261   -20.8812     1.6557     2.3428     0.3395
223.212005  33.918630  19.3283  18.0242  17.2907  16.8599  16.4138    0.08250000   0.00009462  24718.338    28.366362   0.567495   3.435782   -1999.766 1   0.304807   0.317098   0.149850   0.049796  -0.019002   -18.7558   -20.0722   -20.6385   -20.9692   -21.3465     1.3164     1.8826     0.3307
222.143238  33.631400  19.3296  17.6689  16.8348  16.3741  16.0664    0.08850000   0.00012127  26535.740    36.355831   0.576285   3.489000    -182.364 0   0.390651   0.337736   0.144894   0.075699   0.042882   -18.9696   -20.5773   -21.2186   -21.6101   -21.8850     1.6078     2.2490     0.3915
223.222008  33.896492  19.1508  17.2018  16.2286  15.8113  15.4761    0.10230000   0.00016150  30676.863    48.416482   0.582474   3.526472    3958.759 1   0.446417   0.351692   0.130462   0.091525   0.067821   -19.5435   -21.3977   -22.1497   -22.5281   -22.8396     1.8543     2.6062     0.3784
222.370873  33.524755  19.2107  17.8749  17.1881  16.8714  16.6368    0.08590000   0.00016056  25754.541    48.134677   0.589390   3.568344    -963.563 1   0.078296   0.042821   0.023332   0.011553   0.008831   -18.7349   -20.0352   -20.7025   -21.0075   -21.2393     1.3003     1.9676     0.3049
