168.342727   2.545421  20.1653  18.3616  17.4121  16.9925  16.7459    0.07440000   0.00015956  22310.675    47.834885   0.014652   0.075906    -186.651 0   0.478524   0.432587   0.174403   0.093050   0.058037   -17.8642   -19.6220   -20.3133   -20.6516   -20.8631     1.7578     2.4491     0.3382
168.308242   2.541542  19.9919  18.1715  17.3069  16.9002  16.6180    0.07470000   0.00016489  22383.404    49.432778   0.029420   0.152414    -113.921 0   0.282137   0.216438   0.084450   0.048683   0.049980   -17.8319   -19.5866   -20.3192   -20.6901   -20.9736     1.7547     2.4873     0.3709
168.359568   2.555482  19.1095  17.3454  16.4878  16.0977  15.8150    0.07970000   0.00015501  23899.844    46.470829   0.032900   0.170441    1402.519 0   0.276217   0.211319   0.085608   0.046449   0.047097   -18.8679   -20.5671   -21.2990   -21.6499   -21.9333     1.6992     2.4311     0.3509
168.327299   2.498892  19.5986  17.6268  16.7409  16.3209  15.9949    0.07780000   0.00015752  23328.740    47.223308   0.034571   0.179099     831.414 0   0.322069   0.247464   0.089487   0.059546   0.058401   -18.3720   -20.2692   -20.9971   -21.3872   -21.7120     1.8972     2.6251     0.3901
168.347828   2.499444  19.0528  17.1982  16.3497  15.9561  15.6623    0.07190000   0.00016122  21561.973    48.332540   0.034849   0.180540    -935.352 0   0.248694   0.189036   0.074338   0.040552   0.045783   -18.6542   -20.4492   -21.1830   -21.5428   -21.8418     1.7949     2.5287     0.3598
168.287170   2.521291  20.0885  18.1915  17.3835  17.0055  16.6916    0.07450000   0.00015604  22324.075    46.779615   0.050204   0.260090    -173.250 0   0.102141   0.091920   0.034026   0.023209   0.025035   -17.5706   -19.4574   -20.2075   -20.5747   -20.8904     1.8868     2.6369     0.3672
168.302966   2.484813  19.4013  17.6087  16.7568  16.3539  16.0212    0.07600000   0.00017113  22775.923    51.303483   0.057943   0.300182     278.597 0   0.210687   0.166548   0.060606   0.035854   0.043374   -18.4098   -20.1583   -20.9043   -21.2824   -21.6226     1.7485     2.4944     0.3781
168.382286   2.570232  19.8673  18.2985  17.3877  17.0168  16.7334    0.07450000   0.00014959  22347.189    44.845954   0.059655   0.309049    -150.136 0   0.424263   0.432646   0.181575   0.090841   0.036079   -18.1140   -19.6911   -20.3509   -20.6310   -20.8597     1.5772     2.2369     0.2802
168.278821   2.556893  19.8384  18.0268  17.1898  16.7797  16.4930    0.07470000   0.00015583  22391.169    46.716659   0.062376   0.323148    -106.157 0   0.257590   0.196584   0.076154   0.042909   0.047523   -17.9608   -19.7114   -20.4280   -20.8048   -21.0961     1.7506     2.4672     0.3769
168.288627   2.491638  20.1892  18.2564  17.4118  17.0294  16.7707    0.07290000   0.00015598  21853.191    46.761628   0.062548   0.324037    -644.134 0   0.255324   0.193925   0.077310   0.041787   0.045894   -17.5758   -19.4472   -20.1752   -20.5221   -20.7849     1.8714     2.5994     0.3469
168.266872   2.502998  19.0216  17.0690  16.1403  15.6796  15.2996    0.07980000   0.00017027  23914.235    51.045662   0.075203   0.389601    1416.909 0   0.468274   0.376848   0.143170   0.096397   0.067580   -19.1323   -20.9934   -21.6885   -22.1024   -22.4536     1.8612     2.5562     0.4139
168.408524   2.493440  19.7305  17.7469  16.9095  16.4867  16.1999    0.07280000   0.00015230  21826.420    45.658391   0.082041   0.425023    -670.906 0   0.207825   0.164688   0.059925   0.035514   0.042960   -17.9628   -19.9032   -20.6359   -21.0343   -21.3285     1.9405     2.6731     0.3984
168.419698   2.535912  19.9228  18.1008  17.2769  16.8467  16.5876    0.07450000   0.00015002  22342.842    44.974865   0.083494   0.432553    -154.483 0   0.239381   0.181959   0.071598   0.038708   0.044623   -17.8736   -19.6382   -20.3517   -20.7490   -21.0140     1.7646     2.4781     0.3973
168.264414   2.576516  19.6389  17.7291  16.8465  16.3948  16.0465    0.07630000   0.00015464  22879.441    46.359906   0.084251   0.436475     382.115 0   0.416669   0.345395   0.139103   0.084846   0.056885   -18.3868   -20.2253   -20.9016   -21.2991   -21.6194     1.8385     2.5148     0.3974
168.338339   2.617373  18.8533  17.0061  16.1189  15.6898  15.3552    0.07290000   0.00017895  21854.061    53.647860   0.085100   0.440871    -643.265 0   0.351023   0.273147   0.101843   0.067431   0.059610   -19.0074   -20.7767   -21.4926   -21.8873   -22.2141     1.7693     2.4852     0.3947
168.294240   2.609799  20.3176  18.3849  17.5267  17.1339  16.8799    0.07590000   0.00014793  22749.451    44.348298   0.088110   0.456465     252.125 0   0.259839   0.199038   0.075256   0.043867   0.048840   -17.5368   -19.4087   -20.1431   -20.5045   -20.7635     1.8719     2.6063     0.3614
168.293862   2.454370  19.7723  18.0333  17.2135  16.7827  16.4969    0.07360000   0.00014563  22051.354    43.658776   0.088668   0.459359    -445.971 0   0.239524   0.183138   0.070487   0.039265   0.045523   -17.9977   -19.6803   -20.3875   -20.7871   -21.0791     1.6826     2.3898     0.3996
168.371178   2.444119  19.3383  17.8744  17.1374  16.7020  16.4255    0.07200000   0.00017210  21576.933    51.594282   0.094852   0.491392    -920.393 0   0.315379   0.271507   0.129403   0.052183   0.013879   -18.4353   -19.8553   -20.4502   -20.8084   -21.0466     1.4200     2.0149     0.3582
168.423743   2.580593  18.5310  16.5415  15.6819  15.2920  15.0003    0.07420000   0.00016091  22230.930    48.239604   0.099905   0.517573    -266.396 0   0.213995   0.168622   0.061468   0.036295   0.043801   -19.2312   -21.1753   -21.9278   -22.2925   -22.5917     1.9441     2.6966     0.3647
168.277405   2.436944  19.5784  18.0358  17.2267  16.8058  16.4912    0.07860000   0.00016045  23555.593    48.101700   0.111994   0.580202    1058.267 0   0.353924   0.306862   0.137999   0.064672   0.030139   -18.4493   -19.9448   -20.5851   -20.9326   -21.2127     1.4955     2.1358     0.3476
168.421978   2.457138  19.1645  17.3003  16.4097  15.9943  15.6800    0.07440000   0.00018016  22308.216    54.010609   0.113987   0.590523    -189.109 0   0.306392   0.235148   0.084920   0.055572   0.056623   -18.6929   -20.4858   -21.2262   -21.6123   -21.9276     1.7930     2.5333     0.3861
168.261313   2.625404  20.1761  18.3663  17.5249  17.1389  16.8908    0.08440000   0.00014555  25298.586    43.634792   0.119438   0.618765    2801.261 1   0.264591   0.201160   0.081596   0.043499   0.045918   -17.8962   -19.6426   -20.3644   -20.7123   -20.9629     1.7464     2.4682     0.3479
168.218321   2.554405  19.3914  17.6894  16.7522  16.2195  15.7472    0.07850000   0.00016882  23539.944    50.610963   0.119821   0.620748    1042.618 0   0.572204   0.477192   0.179584   0.108612   0.077493   -18.8306   -20.4376   -21.0772   -21.5389   -21.9801     1.6070     2.2466     0.4617
168.438780   2.464316  19.0768  17.6884  17.0655  16.6800  16.4382    0.07250000   0.00009490  21724.670    28.450304   0.122980   0.637114    -772.655 0   0.214321   0.151431   0.093033   0.013964  -0.031203   -18.6108   -19.9363   -20.5008   -20.8073   -21.0039     1.3255     1.8900     0.3064
168.228222   2.468801  19.4745  18.1043  17.2781  16.7918  16.4372    0.07480000   0.00019584  22435.778    58.711355   0.125175   0.648484     -61.547 0   0.413219   0.387118   0.165104   0.079427   0.038020   -18.4833   -19.8274   -20.4315   -20.8322   -21.1454     1.3441     1.9483     0.4006
168.461779   2.513411  20.2973  18.5551  17.7049  17.3088  16.9860    0.07710000   0.00015903  23125.301    47.675995   0.126870   0.657267     627.975 0   0.291386   0.224421   0.088553   0.050881   0.050260   -17.6046   -19.2799   -19.9942   -20.3526   -20.6748     1.6752     2.3896     0.3584
168.205462   2.525283  18.9874  17.6002  16.9106  16.4750  16.2144    0.08070000   0.00009598  24189.414    28.774080   0.130798   0.677618    1692.089 1   0.279293   0.245079   0.124795   0.038928  -0.013948   -18.9991   -20.3521   -20.9214   -21.2711   -21.4789     1.3530     1.9223     0.3497
168.462524   2.485367  19.5437  17.8657  17.0135  16.5917  16.2378    0.07340000   0.00014849  22014.869    44.516182   0.134645   0.697548    -482.456 0   0.377431   0.315223   0.133120   0.074357   0.047269   -18.3583   -19.9741   -20.6442   -21.0072   -21.3340     1.6158     2.2859     0.3630
168.478241   2.566217  18.4261  16.6889  15.8089  15.3752  15.0579    0.07390000   0.00017308  22144.050    51.888079   0.145899   0.755852    -353.275 0   0.415246   0.358246   0.149761   0.082309   0.049514   -19.5042   -21.1844   -21.8559   -22.2222   -22.5067     1.6802     2.3517     0.3662
168.358575   2.676944  18.8100  16.9209  16.0470  15.6533  15.3634    0.07490000   0.00016693  22447.530    50.044355   0.146361   0.758241     -49.796 0   0.275584   0.211414   0.078738   0.047745   0.051472   -19.0100   -20.8349   -21.5761   -21.9388   -22.2325     1.8249     2.5662     0.3627
168.443621   2.427749  20.3220  18.4293  17.5637  17.1568  16.8731    0.07500000   0.00017157  22498.405    51.435392   0.149826   0.776192       1.079 0   0.255204   0.196604   0.072117   0.043384   0.049377   -17.5048   -19.3389   -20.0800   -20.4582   -20.7479     1.8341     2.5752     0.3782
168.262236   2.665777  19.6858  17.8595  16.9590  16.5090  16.1559    0.07030000   0.00009153  21087.372    27.440004   0.152565   0.790384   -1409.954 0   0.450959   0.381986   0.153497   0.091157   0.059172   -18.1744   -19.9318   -20.6038   -20.9914   -21.3125     1.7573     2.4293     0.3877
168.481842   2.476506  19.6658  17.8606  16.9635  16.5439  16.2284    0.07470000   0.00018905  22394.916    56.675764   0.155830   0.807301    -102.409 0   0.358073   0.279150   0.104114   0.069360   0.060194   -18.2339   -19.9602   -20.6822   -21.0671   -21.3734     1.7263     2.4483     0.3848
168.491809   2.498997  19.6933  17.6486  16.7622  16.3558  16.0711    0.07410000   0.00016810  22214.141    50.395112   0.158984   0.823638    -283.184 0   0.299330   0.229682   0.082573   0.053845   0.055932   -18.1513   -20.1264   -20.8656   -21.2433   -21.5301     1.9751     2.7143     0.3777
168.198339   2.451743  19.6219  17.9735  17.1062  16.6986  16.3880    0.07510000   0.00015501  22501.582    46.470829   0.159556   0.826600       4.257 0   0.371199   0.308042   0.129963   0.072891   0.047374   -18.3238   -19.9090   -20.5983   -20.9488   -21.2339     1.5852     2.2745     0.3505
168.208271   2.637045  18.7958  18.1552  18.0924  17.8711  17.9491    0.07430000   0.00075635  22271.911   226.748026   0.165244   0.856068    -225.414 0   0.104093   0.012284   0.050029  -0.018860  -0.008663   -18.8594   -19.4082   -19.5088   -19.6612   -19.5934     0.5488     0.6493     0.1524
168.480468   2.448953  20.1887  18.3439  17.4824  17.0804  16.7968    0.07450000   0.00016900  22341.253    50.664925   0.166491   0.862528    -156.072 0   0.279089   0.213961   0.081433   0.048284   0.050929   -17.6474   -19.4271   -20.1560   -20.5249   -20.8111     1.7797     2.5086     0.3689
168.503503   2.528690  19.7506  17.9091  17.0904  16.6995  16.4063    0.07170000   0.00017212  21503.963    51.600278   0.167178   0.866091    -993.362 0   0.173209   0.135805   0.053512   0.029725   0.035816   -17.8749   -19.6790   -20.4154   -20.7825   -21.0818     1.8041     2.5405     0.3671
168.496887   2.470372  19.7854  17.8480  16.9856  16.5755  16.2696    0.07550000   0.00017540  22627.196    52.583597   0.172061   0.891385     129.870 0   0.231006   0.180212   0.065472   0.039024   0.046330   -18.0104   -19.8971   -20.6447   -21.0284   -21.3416     1.8866     2.6343     0.3837
168.229467   2.389823  20.1865  18.4940  17.6522  17.2065  16.8731    0.08230000   0.00015706  24670.911    47.085403   0.177959   0.921940    2173.585 1   0.388119   0.327872   0.138518   0.076527   0.047221   -17.9544   -19.5867   -20.2391   -20.6229   -20.9270     1.6323     2.2847     0.3837
168.170058   2.462786  19.1078  17.1315  16.2340  15.8027  15.4801    0.07760000   0.00016474  23253.342    49.387810   0.179948   0.932245     756.017 0   0.330179   0.253667   0.091392   0.061598   0.059496   -18.8470   -20.7468   -21.4820   -21.8835   -22.2040     1.8998     2.6350     0.4015
168.153569   2.498887  18.4304  16.4641  15.5007  15.0389  14.6862    0.07980000   0.00018672  23933.961    55.977248   0.185487   0.960941    1436.635 0   0.529005   0.436411   0.166350   0.104812   0.072349   -19.7842   -21.6579   -22.3512   -22.7515   -23.0717     1.8737     2.5670     0.4003
168.350810   2.724483  18.6405  17.4923  16.9162  16.5589  16.3179    0.07190000   0.00019590  21559.515    58.729343   0.192737   0.998500    -937.811 0   0.198594   0.174332   0.109481   0.000072  -0.093394   -19.0164   -20.1404   -20.6516   -20.8995   -21.0470     1.1239     1.6352     0.2479
168.487903   2.402118  19.9319  18.1927  17.3212  16.9068  16.5874    0.07610000   0.00017094  22809.589    51.246523   0.199791   1.035043     312.264 0   0.364768   0.295006   0.119761   0.071990   0.052818   -18.0150   -19.6844   -20.3807   -20.7473   -21.0475     1.6694     2.3657     0.3666
168.178844   2.393143  18.4994  16.6652  15.8113  15.4257  15.0960    0.07890000   0.00017333  23658.062    51.963027   0.209946   1.087655    1160.736 0   0.183201   0.147678   0.054409   0.032318   0.039002   -19.3447   -21.1433   -21.9040   -22.2675   -22.6039     1.7987     2.5593     0.3635
168.514191   2.417577  19.8765  17.9146  16.9778  16.5292  16.1920    0.07980000   0.00018038  23937.259    54.076564   0.211613   1.096290    1439.933 0   0.449314   0.354180   0.131453   0.092163   0.068024   -18.2584   -20.1252   -20.8392   -21.2486   -21.5616     1.8668     2.5808     0.4093
168.192280   2.687735  19.3190  17.5882  16.6955  16.2706  15.9468    0.08150000   0.00016973  24433.715    50.883774   0.211737   1.096932    1936.389 1   0.403849   0.338322   0.139418   0.081191   0.052539   -18.8164   -20.4817   -21.1755   -21.5421   -21.8373     1.6653     2.3591     0.3667
168.538861   2.456834  17.8472  15.9866  15.0608  14.5949  14.2542    0.07280000   0.00020553  21824.771    61.616344   0.216070   1.119382    -672.554 0   0.482799   0.410432   0.162233   0.096784   0.063825   -20.1210   -21.9093   -22.5869   -22.9873   -23.2951     1.7882     2.4658     0.4005
168.121679   2.504535  19.3227  17.9280  17.2970  16.8799  16.6593    0.08010000   0.00008676  24005.252    26.009994   0.216102   1.119546    1507.926 1   0.221232   0.158003   0.093175   0.017991  -0.017623   -18.6135   -19.9450   -20.5111   -20.8531   -21.0380     1.3315     1.8976     0.3419
168.170323   2.673707  19.4112  17.5552  16.6343  16.1472  15.8244    0.07260000   0.00016980  21753.750    50.904759   0.217847   1.128588    -743.575 0   0.526330   0.454723   0.176447   0.101896   0.069585   -18.5946   -20.3790   -21.0216   -21.4341   -21.7246     1.7844     2.4270     0.4125
168.179245   2.700277  18.6974  16.8323  15.9213  15.4989  15.1875    0.07510000   0.00019278  22519.840    57.793990   0.229790   1.190456      22.514 0   0.372277   0.288859   0.105693   0.072730   0.062731   -19.2494   -21.0310   -21.7589   -22.1483   -22.4497     1.7817     2.5095     0.3894
168.108227   2.572757  18.5553  17.4393  17.1019  16.8212  16.8081    0.08020000   0.00007818  24031.513    23.437774   0.231316   1.198365    1534.188 1   0.167445   0.035743   0.083665  -0.067415  -0.031898   -19.3270   -20.3113   -20.6966   -20.8262   -20.8748     0.9843     1.3696     0.1296
168.525212   2.392978  18.2563  16.3496  15.4539  15.0509  14.7171    0.07790000   0.00018256  23344.299    54.730111   0.234662   1.215698     846.974 0   0.325264   0.249796   0.089974   0.060347   0.058953   -19.7020   -21.5333   -22.2691   -22.6425   -22.9749     1.8312     2.5671     0.3734
168.575776   2.528007  19.1175  17.2898  16.4144  16.0055  15.6982    0.07250000   0.00016051  21721.642    48.119687   0.239380   1.240142    -775.683 0   0.282863   0.217129   0.079320   0.049679   0.053200   -18.6387   -20.4006   -21.1382   -21.5175   -21.8283     1.7620     2.4996     0.3793
168.527948   2.377832  19.6124  18.1364  17.4966  17.1481  16.9223    0.07780000   0.00017917  23316.029    53.713815   0.246082   1.274859     818.703 0   0.132480   0.071951   0.049079   0.015824   0.004139   -18.1686   -19.5841   -20.2010   -20.5163   -20.7304     1.4155     2.0324     0.3152
168.574276   2.466733  20.3989  18.3601  17.4840  17.0896  16.8012    0.07410000   0.00015684  22224.994    47.019449   0.246716   1.278145    -272.331 0   0.263115   0.202427   0.074052   0.045113   0.050542   -17.4095   -19.3876   -20.1353   -20.5008   -20.7946     1.9781     2.7258     0.3655
168.205033   2.745259  19.7832  18.2205  17.5220  17.2050  17.0268    0.06380000   0.00014120  19131.346    42.330695   0.250045   1.295391   -3365.980 1   0.074340   0.041721   0.021763   0.011300   0.009589   -17.4853   -19.0154   -19.6939   -20.0005   -20.1770     1.5301     2.2086     0.3065
168.152484   2.360355  18.8143  17.6737  17.2091  16.9251  16.7737    0.07870000   0.00008566  23601.461    25.680222   0.251497   1.302916    1104.136 0   0.143331   0.048104   0.066193  -0.005287  -0.070706   -19.0056   -20.0509   -20.5336   -20.7462   -20.8321     1.0454     1.5281     0.2125
168.509769   2.337018  19.4340  18.0893  17.4430  17.0716  16.8106    0.07600000   0.00010942  22793.700    32.803291   0.261156   1.352952     296.375 0   0.224896   0.169954   0.100586   0.019058  -0.034267   -18.3913   -19.6811   -20.2580   -20.5479   -20.7556     1.2898     1.8667     0.2899
168.064066   2.603352  18.3958  16.4566  15.5825  15.1424  14.8289    0.07770000   0.00015787  23298.881    47.328235   0.281000   1.455758     801.555 0   0.315621   0.242209   0.087247   0.057881   0.057848   -19.5685   -21.4343   -22.1534   -22.5642   -22.8776     1.8658     2.5849     0.4107
168.395726   2.257303  19.1059  17.2767  16.3668  15.9774  15.6937    0.08360000   0.00014673  25071.913    43.988547   0.281354   1.457591    2574.588 1   0.329484   0.255182   0.095363   0.061585   0.057432   -19.0078   -20.7627   -21.5128   -21.8684   -22.1480     1.7549     2.5050     0.3556
168.130358   2.726036  19.4590  17.6039  16.7769  16.4104  16.1517    0.07460000   0.00014989  22367.605    44.935892   0.282527   1.463671    -129.720 0   0.172392   0.132443   0.054093   0.028782   0.034750   -18.2733   -20.0885   -20.8371   -21.1783   -21.4430     1.8152     2.5638     0.3412
168.109725   2.363049  19.3337  17.8690  17.2112  16.8790  16.6525    0.07880000   0.00010846  23629.971    32.515490   0.282554   1.463807    1132.646 0   0.078333   0.042133   0.023321   0.011404   0.008092   -18.4210   -19.8495   -20.4885   -20.8088   -21.0320     1.4285     2.0675     0.3203
168.571772   2.723173  18.2045  16.2821  15.4168  15.0350  14.7533    0.07290000   0.00016605  21840.450    49.780538   0.303016   1.569813    -656.875 0   0.252641   0.192812   0.074405   0.041834   0.047087   -19.5578   -21.4204   -22.1673   -22.5165   -22.8035     1.8626     2.6095     0.3492
168.327773   2.229075  18.6400  17.2246  16.5017  16.0506  15.8000    0.07930000   0.00009105  23766.797    27.296103   0.303342   1.571505    1269.471 0   0.311314   0.278365   0.133973   0.049774   0.002944   -19.3615   -20.7440   -21.3225   -21.6894   -21.8931     1.3825     1.9610     0.3669
168.353355   2.222878  19.0458  17.4849  16.6926  16.2803  15.9835    0.07890000   0.00014984  23644.511    44.920902   0.309896   1.605458    1147.186 0   0.336350   0.280537   0.126144   0.061413   0.033996   -18.9514   -20.4565   -21.0944   -21.4420   -21.7114     1.5051     2.1430     0.3476
168.577076   2.330625  20.1377  18.4227  17.6893  17.4043  17.1704    0.07440000   0.00015896  22297.484    47.655009   0.313976   1.626594    -199.842 0   0.050994   0.031540   0.013864   0.008762   0.008740   -17.4643   -19.1598   -19.8756   -20.1555   -20.3893     1.6955     2.4113     0.2799
168.654187   2.492702  19.6642  18.0786  17.2166  16.8482  16.5594    0.07650000   0.00015074  22938.740    45.190715   0.320135   1.658502     441.414 0   0.316286   0.252638   0.109552   0.057546   0.042235   -18.2456   -19.7676   -20.4865   -20.8029   -21.0764     1.5220     2.2409     0.3164
168.625035   2.385754  19.0772  17.2240  16.3615  15.9760  15.6399    0.07560000   0.00017332  22664.760    51.960029   0.323634   1.676628     167.434 0   0.218784   0.172101   0.062473   0.037143   0.044612   -18.7093   -20.5158   -21.2687   -21.6289   -21.9724     1.8065     2.5594     0.3602
168.288546   2.203324  19.3896  18.1476  17.6263  17.3120  17.2746    0.07930000   0.00019406  23768.835    58.177724   0.332403   1.722059    1271.510 0   0.137745   0.055586   0.059925   0.006495  -0.058490   -18.4383   -19.5982   -20.1238   -20.3847   -20.3571     1.1598     1.6855     0.2609
168.285605   2.195822  20.3349  18.4657  17.6001  17.2256  16.9386    0.07920000   0.00014760  23733.999    44.249367   0.340253   1.762729    1236.674 0   0.268351   0.204946   0.079994   0.045231   0.048442   -17.6238   -19.4296   -20.1702   -20.5100   -20.8002     1.8058     2.5464     0.3397
168.465091   2.197453  19.6923  17.8480  16.9789  16.5891  16.2925    0.07410000   0.00016336  22218.129    48.974096   0.358751   1.858560    -279.197 0   0.276209   0.211595   0.080731   0.047520   0.050473   -18.1292   -19.9089   -20.6471   -21.0037   -21.3032     1.7797     2.5179     0.3566
167.974403   2.482831  18.5395  16.3028  15.3779  14.9305  14.6243    0.07810000   0.00021030  23417.688    63.046354   0.364813   1.889962     920.363 0   0.424679   0.332260   0.122235   0.086185   0.066680   -19.5450   -21.6893   -22.4042   -22.8155   -23.1022     2.1443     2.8592     0.4113
168.121612   2.830658  18.6913  17.7714  17.4397  17.1421  17.0811    0.08250000   0.00008282  24719.207    24.828811   0.367390   1.903316    2221.882 1   0.170714   0.045835   0.087490  -0.082490  -0.036054   -19.2587   -20.0537   -20.4271   -20.5547   -20.6621     0.7950     1.1684     0.1276
168.702227   2.624880  19.8183  18.1994  17.5000  17.1280  16.9514    0.07760000   0.00016301  23260.747    48.869169   0.377208   1.954175     763.421 0   0.181503   0.115712   0.065229   0.020292   0.017934   -17.9879   -19.5410   -20.1899   -20.5169   -20.6912     1.5531     2.2020     0.3271
167.989458   2.686222  19.0039  17.9529  17.5800  17.3041  17.1738    0.06390000   0.00007599  19146.635    22.781229   0.379061   1.963777   -3350.690 1   0.154705   0.036244   0.076236  -0.035284  -0.049445   -18.3520   -19.2845   -19.6974   -19.8618   -19.9779     0.9325     1.3454     0.1644
168.709829   2.460555  17.7054  15.9085  15.0147  14.5818  14.2508    0.07630000   0.00019005  22866.910    56.975557   0.380097   1.969142     369.584 0   0.420149   0.345697   0.137597   0.085957   0.058720   -20.3238   -22.0462   -22.7319   -23.1132   -23.4170     1.7224     2.4081     0.3813
168.726339   2.540123  19.0315  17.4234  16.6071  16.1713  15.8416    0.08030000   0.00014596  24087.305    43.757707   0.389837   2.019602    1589.979 1   0.368375   0.314575   0.137489   0.070076   0.038967   -19.0361   -20.5904   -21.2296   -21.5980   -21.8966     1.5543     2.1935     0.3684
167.938897   2.520234  18.8335  17.5582  17.0076  16.6665  16.4752    0.07870000   0.00014582  23595.435    43.715736   0.397099   2.057224    1098.110 0   0.183383   0.107473   0.084324  -0.005580  -0.079366   -19.0264   -20.2258   -20.7533   -21.0045   -21.1220     1.1994     1.7268     0.2512
167.994051   2.321045  20.1516  18.3693  17.6135  17.3005  17.0741    0.08560000   0.00011360  25655.429    34.056423   0.401828   2.081724    3158.104 1   0.073461   0.050365   0.022566   0.013644   0.014216   -17.7789   -19.5381   -20.2661   -20.5701   -20.7971     1.7592     2.4872     0.3041
168.677274   2.748294  18.4296  17.4573  17.0530  16.7611  16.6903    0.07720000   0.00008314  23158.698    24.924745   0.403432   2.090035     661.372 0   0.156468   0.095835   0.097149  -0.074434  -0.064735   -19.3615   -20.2731   -20.6787   -20.7991   -20.8796     0.9117     1.3173     0.1203
168.555209   2.183350  19.4910  17.9285  17.1594  16.7565  16.5432    0.07650000   0.00012978  22926.988    38.907065   0.411870   2.133749     429.663 0   0.269950   0.207289   0.098010   0.040738   0.029862   -18.3725   -19.8723   -20.5321   -20.8778   -21.0802     1.4998     2.1597     0.3456
168.723326   2.701899  19.5451  17.8243  16.9882  16.5441  16.2892    0.07850000   0.00013689  23529.181    41.038590   0.422300   2.187784    1031.856 0   0.379977   0.324757   0.139935   0.073432   0.042371   -18.4847   -20.1502   -20.8015   -21.1791   -21.4030     1.6656     2.3169     0.3776
168.614099   2.213775  17.3231  16.2005  15.7006  15.3702  15.1929    0.08320000   0.00015955  24933.379    47.831887   0.422534   2.188995    2436.054 1   0.177438   0.123283   0.097766  -0.024739  -0.102134   -20.6309   -21.6993   -22.1737   -22.3816   -22.4815     1.0684     1.5428     0.2079
168.391816   2.105010  20.0930  18.2121  17.3476  16.9715  16.6809    0.07900000   0.00014696  23688.311    44.057500   0.430887   2.232270    1190.985 0   0.265851   0.202876   0.079449   0.044589   0.047987   -17.8577   -19.6756   -20.4167   -20.7579   -21.0519     1.8179     2.5590     0.3412
168.762033   2.400906  19.4118  18.0268  17.5128  17.2063  17.1044    0.08730000   0.00021184  26176.978    63.508034   0.445246   2.306657    3679.653 1   0.141957   0.058436   0.061812   0.005922  -0.059611   -18.6327   -19.9342   -20.4515   -20.7022   -20.7385     1.3015     1.8189     0.2506
168.784883   2.550389  18.8714  17.9681  17.6515  17.4311  17.3565    0.07610000   0.00007167  22812.707    21.486125   0.448609   2.324081     315.382 0   0.120070   0.015372   0.062310  -0.026319  -0.012051   -18.8308   -19.6294   -19.9929   -20.1247   -20.2135     0.7986     1.1621     0.1318
168.786987   2.595402  19.3765  17.8759  16.9057  16.3791  15.9424    0.07940000   0.00016126  23808.857    48.344532   0.454746   2.355872    1311.532 0   0.591968   0.493176   0.183962   0.110466   0.080231   -18.8901   -20.2919   -20.9529   -21.4060   -21.8125     1.4018     2.0628     0.4531
168.019923   2.199207  19.0543  17.9624  17.4795  17.2002  17.0495    0.06960000   0.00008672  20859.589    25.998002   0.459115   2.378507   -1637.736 1   0.114797   0.037394   0.049592   0.005754  -0.055631   -18.4659   -19.4804   -19.9755   -20.2110   -20.3003     1.0145     1.5096     0.2355
168.616296   2.153737  19.6312  18.2884  17.6432  17.2944  17.0181    0.08240000   0.00016364  24702.988    49.058038   0.470755   2.438811    2205.663 1   0.224788   0.176217   0.104432   0.018646  -0.045268   -18.3491   -19.6433   -20.2167   -20.4797   -20.6921     1.2942     1.8676     0.2630
168.749736   2.764459  18.0944  17.1628  17.0827  16.9957  16.8669    0.07650000   0.00070604  22931.995   211.665467   0.473894   2.455073     434.669 0   0.007771   0.000685   0.001718  -0.000722  -0.000322   -19.5069   -20.4314   -20.5125   -20.5971   -20.7263     0.9245     1.0056     0.0846
167.927541   2.778996  19.3207  17.2865  16.3995  15.9982  15.6850    0.07790000   0.00016330  23349.665    48.956108   0.477007   2.471196     852.340 0   0.290126   0.222669   0.080108   0.051560   0.054741   -18.6025   -20.5692   -21.3137   -21.6864   -22.0028     1.9667     2.7112     0.3728
168.814455   2.543479  18.4603  16.8344  15.9948  15.5397  15.2523    0.07790000   0.00016671  23349.096    49.978401   0.477919   2.475924     851.770 0   0.392192   0.343036   0.147754   0.075792   0.041127   -19.5650   -21.1417   -21.7860   -22.1692   -22.4219     1.5767     2.2211     0.3831
168.804884   2.403598  19.1135  17.3192  16.4688  16.0677  15.7592    0.07310000   0.00015740  21911.111    47.187333   0.485592   2.515676    -586.214 0   0.264201   0.201872   0.077993   0.044487   0.048443   -18.6664   -20.3983   -21.1248   -21.4924   -21.8049     1.7320     2.4585     0.3676
168.056307   2.131914  19.3380  17.9840  17.2029  16.7465  16.3518    0.07630000   0.00019699  22884.447    59.056116   0.488361   2.530018     387.122 0   0.355974   0.316771   0.143133   0.064745   0.025348   -18.6270   -19.9418   -20.5493   -20.9273   -21.2826     1.3148     1.9223     0.3780
168.785179   2.725957  17.9377  16.6068  16.0690  15.7451  15.5404    0.07850000   0.00015022  23520.187    45.034823   0.488560   2.531053    1022.862 0   0.164379   0.078292   0.070656   0.001319  -0.063940   -19.8765   -21.1213   -21.6514   -21.9060   -22.0455     1.2448     1.7750     0.2546
168.117422   2.095191  18.1564  16.3329  15.5291  15.1352  14.8225    0.06950000   0.00016354  20837.015    49.028059   0.488707   2.531811   -1660.311 1   0.113981   0.098221   0.037363   0.024186   0.026796   -19.3632   -21.1709   -21.9138   -22.2946   -22.6099     1.8077     2.5507     0.3807
167.914461   2.282777  19.7703  18.0171  17.1269  16.7257  16.4041    0.08490000   0.00015591  25437.960    46.740642   0.489671   2.536809    2940.634 1   0.348061   0.275847   0.108867   0.067321   0.054810   -18.3984   -20.0794   -20.8026   -21.1622   -21.4713     1.6810     2.4042     0.3597
168.812415   2.664716  18.9034  17.4158  16.5804  16.1996  15.9397    0.07830000   0.00014271  23479.176    42.783382   0.493834   2.558374     981.850 0   0.287959   0.227777   0.107130   0.047067   0.028766   -19.0259   -20.4533   -21.1680   -21.4888   -21.7304     1.4274     2.1422     0.3207
167.943349   2.230918  19.3255  18.0853  17.5479  17.2088  16.9670    0.08410000   0.00007925  25215.783    23.758552   0.494835   2.563557    2718.458 1   0.188073   0.126151   0.093300  -0.008056  -0.091337   -18.6810   -19.8593   -20.3638   -20.6016   -20.7601     1.1783     1.6828     0.2377
167.932289   2.245192  19.6438  17.9218  17.1077  16.7365  16.4664    0.07400000   0.00014255  22194.445    42.735415   0.495234   2.565628    -302.880 0   0.217397   0.160271   0.068872   0.032230   0.038153   -18.1159   -19.7808   -20.5035   -20.8381   -21.1141     1.6649     2.3876     0.3346
167.835979   2.527626  19.3239  18.2120  17.7262  17.3660  17.2440    0.07930000   0.00008057  23781.367    24.154278   0.499754   2.589042    1284.041 0   0.175156   0.142936   0.103885  -0.025519  -0.103326   -18.5415   -19.6211   -20.0679   -20.2987   -20.3429     1.0797     1.5264     0.2308
168.819679   2.385770  19.2394  18.0500  17.3985  17.0182  16.7880    0.07640000   0.00009260  22893.171    27.760782   0.504744   2.614895     395.846 0   0.230809   0.247401   0.130612   0.022350  -0.070861   -18.6003   -19.8063   -20.3410   -20.6131   -20.7500     1.2060     1.7407     0.2720
167.845713   2.395936  18.2399  16.3132  15.3586  14.8659  14.4766    0.07860000   0.00017765  23567.674    53.258130   0.508629   2.635020    1070.349 0   0.538864   0.444577   0.168881   0.105932   0.073555   -19.9727   -21.8051   -22.4841   -22.9138   -23.2707     1.8324     2.5113     0.4298
167.908131   2.254683  19.4957  17.5778  16.6505  16.2342  15.9105    0.08420000   0.00016060  25243.694    48.146669   0.509859   2.641393    2746.369 1   0.356921   0.275021   0.099266   0.068462   0.062174   -18.6850   -20.5210   -21.2725   -21.6580   -21.9754     1.8360     2.5875     0.3855
168.551181   2.068414  20.0334  18.3857  17.6023  17.2272  16.9706    0.07510000   0.00014002  22518.461    41.976940   0.511192   2.648296      21.135 0   0.226079   0.164039   0.074980   0.031775   0.034933   -17.7672   -19.3528   -20.0472   -20.3791   -20.6388     1.5857     2.2800     0.3319
168.649710   2.126783  18.7670  17.3213  16.6661  16.2911  16.0777    0.07630000   0.00019714  22873.655    59.101085   0.512387   2.654489     376.329 0   0.204837   0.134331   0.082254   0.015736  -0.010354   -19.0469   -20.4221   -21.0252   -21.3337   -21.5210     1.3752     1.9783     0.3085
168.772605   2.809944  19.6454  18.1619  17.3933  17.0129  16.6961    0.07950000   0.00018549  23833.171    55.608503   0.516879   2.677760    1335.845 0   0.282572   0.222983   0.106836   0.044882   0.025198   -18.3358   -19.7597   -20.4121   -20.7306   -21.0277     1.4239     2.0764     0.3184
167.843819   2.713003  17.7269  16.4416  15.8552  15.5051  15.2773    0.07810000   0.00014454  23412.022    43.332002   0.524042   2.714869     914.697 0   0.196254   0.129875   0.089740   0.002546  -0.063098   -20.1292   -21.3481   -21.8944   -22.1573   -22.3195     1.2189     1.7652     0.2629
167.890697   2.252678  19.0900  17.8470  17.3420  17.0617  17.0499    0.06420000   0.00016324  19248.115    48.938121   0.525618   2.723033   -3249.211 1   0.003868   0.001193   0.000796   0.000545  -0.001599   -18.1430   -19.3833   -19.8879   -20.1680   -20.1776     1.2403     1.7449     0.2800
168.862147   2.655924  18.8354  17.6199  17.1380  16.8344  16.6887    0.08050000   0.00018162  24125.258    54.448306   0.539781   2.796407    1627.933 1   0.151108   0.057009   0.068169  -0.004620  -0.074554   -19.0415   -20.1629   -20.6560   -20.8868   -20.9626     1.1214     1.6145     0.2308
168.771549   2.855237  18.6038  17.5713  17.1678  16.8654  16.7385    0.07920000   0.00004634  23756.454    13.892383   0.541708   2.806389    1259.128 0   0.165734   0.084597   0.094029  -0.065926  -0.068978   -19.2523   -20.2036   -20.6166   -20.7590   -20.8829     0.9514     1.3643     0.1424
168.280958   1.993195  20.2631  18.5370  17.7000  17.2272  16.8921    0.06980000   0.00015876  20919.008    47.595051   0.541923   2.807504   -1578.317 1   0.420296   0.359834   0.149038   0.083877   0.051882   -17.5509   -19.2165   -19.8427   -20.2504   -20.5535     1.6656     2.2918     0.4076
168.833657   2.750355  18.7803  17.4391  16.9963  16.6738  16.5441    0.07990000   0.00008391  23966.278    25.155585   0.542705   2.811556    1468.953 1   0.168800   0.068725   0.078863  -0.025155  -0.086032   -19.0768   -20.3179   -20.7709   -20.9894   -21.0582     1.2411     1.6941     0.2185
168.495565   2.010209  18.5990  17.2101  16.5187  16.0991  15.8601    0.08230000   0.00018154  24683.952    54.424323   0.545826   2.827727    2186.626 1   0.280069   0.250077   0.126890   0.038849  -0.016853   -19.4339   -20.7928   -21.3610   -21.6926   -21.8759     1.3589     1.9271     0.3316
168.868911   2.400934  19.8427  18.3469  17.7771  17.3541  17.1309    0.07630000   0.00008884  22859.924    26.633562   0.548164   2.839839     362.599 0   0.206230   0.139198   0.088654   0.011095  -0.033411   -17.9726   -19.4013   -19.9206   -20.2660   -20.4447     1.4288     1.9480     0.3454
167.801261   2.738853  19.2649  17.7323  17.0388  16.6403  16.3751    0.07810000   0.00014549  23414.271    43.616805   0.572944   2.968214     916.945 0   0.220505   0.153161   0.082406   0.024160   0.015275   -18.6155   -20.0807   -20.7035   -21.0437   -21.3000     1.4653     2.0880     0.3403
168.914596   2.560493  18.6981  17.7526  17.3087  16.9434  16.8267    0.07690000   0.00007295  23051.822    21.869860   0.578519   2.997094     554.496 0   0.130950   0.160737   0.107305  -0.059679  -0.080361   -19.0590   -20.0342   -20.4247   -20.6230   -20.7190     0.9753     1.3658     0.1983
168.905858   2.405757  19.3273  17.7275  16.9187  16.4805  16.1819    0.07470000   0.00017052  22396.295    51.120610   0.583001   3.020316    -101.030 0   0.374145   0.329531   0.145239   0.070427   0.034114   -18.5885   -20.1437   -20.7682   -21.1315   -21.3938     1.5552     2.1797     0.3634
168.282619   1.948765  19.0964  17.7889  17.2033  16.8549  16.6516    0.07040000   0.00008525  21098.914    25.557307   0.585986   3.035777   -1398.412 0   0.187987   0.112766   0.081259   0.004693  -0.050928   -18.5252   -19.7575   -20.3116   -20.5834   -20.7311     1.2323     1.7864     0.2718
167.775844   2.338375  19.9347  18.3112  17.4703  17.1095  16.8554    0.07910000   0.00015273  23704.979    45.787302   0.592446   3.069247    1207.654 0   0.288982   0.225420   0.100277   0.048311   0.038606   -18.0419   -19.6018   -20.3176   -20.6264   -20.8708     1.5599     2.2757     0.3088
168.553651   1.980624  19.2166  17.1985  16.2862  15.7484  15.3675    0.08200000   0.00015712  24573.868    47.103391   0.592908   3.071638    2076.542 1   0.563651   0.475858   0.180248   0.107181   0.076049   -19.0919   -21.0222   -21.6389   -22.1037   -22.4534     1.9303     2.5470     0.4647
168.911358   2.338000  18.2526  17.2008  16.8177  16.5240  16.4082    0.07530000   0.00007640  22577.550    22.904144   0.606559   3.142358      80.224 0   0.165333   0.046278   0.079887  -0.045130  -0.058782   -19.4718   -20.4045   -20.8212   -20.9899   -21.0921     0.9327     1.3495     0.1687
168.855734   2.846611  19.0470  18.0247  17.5292  17.2182  17.0794    0.07880000   0.00009535  23614.412    28.585211   0.606779   3.143498    1117.087 0   0.159982   0.138843   0.104540  -0.045428  -0.093488   -18.7894   -19.7905   -20.2517   -20.4128   -20.5035     1.0012     1.4624     0.1610
168.210313   1.937769  19.8169  17.7278  16.6864  16.1146  15.6525    0.07610000   0.00018279  22802.844    54.799063   0.607687   3.148204     305.518 0   0.776822   0.620346   0.214876   0.127513   0.103400   -18.5420   -20.4746   -21.1106   -21.5950   -22.0330     1.9326     2.5686     0.4844
168.922927   2.368442  18.3291  16.3787  15.4742  15.0589  14.7342    0.07400000   0.00018740  22194.655    56.181107   0.608626   3.153070    -302.670 0   0.329290   0.253037   0.091280   0.061379   0.059334   -19.5425   -21.4167   -22.1594   -22.5448   -22.8675     1.8741     2.6169     0.3854
168.874549   2.856052  19.6128  18.3589  17.7372  17.3538  17.1116    0.07790000   0.00008953  23360.938    26.840419   0.627749   3.252140     863.612 0   0.223675   0.190788   0.111513   0.015856  -0.062633   -18.2439   -19.4649   -20.0074   -20.2951   -20.4588     1.2210     1.7634     0.2877
168.817913   2.950158  19.8323  18.1819  17.2675  16.7679  16.3928    0.07880000   0.00017085  23635.218    51.219541   0.637339   3.301818    1137.892 0   0.502012   0.435989   0.171811   0.098461   0.065249   -18.3461   -19.9305   -20.5807   -21.0070   -21.3488     1.5844     2.2346     0.4262
168.889985   2.854744  18.8021  17.6341  17.2208  16.9164  16.7770    0.07850000   0.00008518  23524.624    25.536322   0.640351   3.317425    1027.299 0   0.168017   0.061009   0.079532  -0.033606  -0.079161   -19.0157   -20.0767   -20.5085   -20.6998   -20.7936     1.0610     1.4928     0.1913
168.955361   2.365306  18.4576  16.5469  15.6393  15.2325  14.9041    0.07620000   0.00017417  22830.275    52.214852   0.640702   3.319242     332.950 0   0.324681   0.249525   0.090224   0.060215   0.058700   -19.4520   -21.2876   -22.0359   -22.4127   -22.7396     1.8355     2.5838     0.3768
167.832457   2.131931  19.2470  17.9167  17.3337  17.0342  16.8331    0.06370000   0.00016486  19108.561    49.423785   0.643084   3.331582   -3388.764 1   0.082233   0.035515   0.026059   0.010932  -0.010835   -18.0296   -19.3131   -19.8867   -20.1711   -20.3504     1.2836     1.8571     0.2844
168.439796   3.167370  19.5957  17.7346  16.8953  16.5000  16.1688    0.07330000   0.00016726  21974.697    50.143287   0.643448   3.333468    -522.628 0   0.177143   0.143585   0.052999   0.031663   0.038038   -18.1031   -19.9306   -20.6793   -21.0533   -21.3908     1.8275     2.5763     0.3740
168.233707   1.892059  18.3592  17.4200  17.1379  16.8635  16.8265    0.07120000   0.00008568  21332.991    25.686218   0.648377   3.359004   -1164.334 0   0.149657   0.023356   0.078649  -0.047403  -0.019922   -19.2275   -20.0404   -20.3777   -20.5261   -20.5906     0.8129     1.1503     0.1483
167.696585   2.400269  19.6517  18.0801  17.6056  17.1744  17.1018    0.06560000   0.00010178  19662.398    30.512876   0.652488   3.380303   -2834.927 1   0.183966   0.111116   0.087389  -0.009904  -0.087553   -17.8119   -19.3107   -19.7615   -20.0954   -20.0903     1.4987     1.9495     0.3339
168.976549   2.671574  19.5799  18.2282  17.5689  17.2097  16.9778    0.07610000   0.00009609  22809.140    28.807057   0.654709   3.391809     311.814 0   0.229955   0.176036   0.102182   0.021585  -0.029717   -18.2322   -19.5299   -20.1154   -20.3940   -20.5746     1.2978     1.8832     0.2786
168.859098   2.131604  18.7079  17.3248  16.6541  16.2707  15.9689    0.07370000   0.00016730  22102.649    50.155278   0.658366   3.410754    -394.677 0   0.240690   0.188973   0.105820   0.026536  -0.021932   -19.0663   -20.3976   -20.9852   -21.2893   -21.5426     1.3314     1.9189     0.3041
168.957473   2.760784  19.1931  17.7047  17.0919  16.6934  16.4728    0.07720000   0.00009079  23150.333    27.218157   0.661387   3.426402     653.008 0   0.209727   0.142905   0.088734   0.013366  -0.025557   -18.6512   -20.0728   -20.6314   -20.9546   -21.1362     1.4216     1.9802     0.3231
168.928684   2.842335  19.4728  17.5824  16.7040  16.3026  16.0007    0.07710000   0.00017618  23120.294    52.817435   0.668187   3.461631     622.969 0   0.280473   0.215368   0.078578   0.049147   0.052937   -18.4182   -20.2435   -20.9851   -21.3571   -21.6628     1.8253     2.5669     0.3720
168.204920   1.874182  20.0510  18.3620  17.4366  16.9737  16.6055    0.08010000   0.00005441  24001.954    16.311708   0.671059   3.476512    1504.628 1   0.503319   0.443032   0.174932   0.097959   0.064680   -18.1673   -19.7960   -20.4533   -20.8392   -21.1742     1.6287     2.2860     0.3859
168.490223   1.876219  19.0627  17.1163  16.2529  15.8468  15.5153    0.07150000   0.00017277  21442.716    51.795143   0.673884   3.491145   -1054.610 0   0.265375   0.204524   0.073577   0.045835   0.051445   -18.6457   -20.5312   -21.2637   -21.6420   -21.9791     1.8855     2.6180     0.3784
169.018789   2.496301  19.6880  17.8646  16.9755  16.5739  16.2968    0.07630000   0.00016583  22880.820    49.714583   0.682872   3.537708     383.495 0   0.311308   0.239721   0.088681   0.056763   0.056061   -18.2323   -19.9842   -20.7222   -21.0919   -21.3683     1.7518     2.4899     0.3697
167.699956   2.269849  19.8028  17.9164  17.0799  16.6942  16.4450    0.07750000   0.00012561  23235.534    37.656931   0.687675   3.562594     738.209 0   0.231706   0.175598   0.069865   0.036925   0.043224   -18.0720   -19.9022   -20.6330   -20.9858   -21.2413     1.8303     2.5611     0.3528
168.850479   2.989883  18.4838  16.5876  15.6967  15.2913  14.9869    0.07830000   0.00017870  23480.135    53.572912   0.688003   3.564292     982.810 0   0.294892   0.226331   0.081635   0.052733   0.055239   -19.4524   -21.2800   -22.0262   -22.4027   -22.7096     1.8276     2.5738     0.3765
