230.004690  32.752418  19.8739  18.0382  17.0937  16.6854  16.3876    0.08030000   0.00015585  24061.313    46.722655   0.000794   0.004406    -179.905 0   0.372850   0.290185   0.106940   0.073061   0.062289   -18.1982   -19.9512   -20.7125   -21.0869   -21.3739     1.7530     2.5143     0.3744
230.015676  32.750117  20.2078  18.3157  17.2902  16.6382  16.1512    0.08310000   0.00014383  24904.749    43.119149   0.010174   0.056469     663.531 0   0.586738   1.257710   0.700307   0.341014   0.128021   -18.1501   -20.7132   -21.1813   -21.4740   -21.7480     2.5631     3.0312     0.2927
230.003227  32.770174  18.0384  16.1171  15.1906  14.7624  14.4016    0.08060000   0.00018141  24174.934    54.385350   0.018060   0.100233     -66.284 0   0.416055   0.325375   0.119753   0.084139   0.065925   -20.0850   -21.9156   -22.6365   -23.0291   -23.3717     1.8306     2.5515     0.3926
230.000211  32.771444  20.4791  19.0753  17.7698  17.3397  17.0450    0.08060000   0.00016093  24168.249    48.245600   0.019559   0.108556     -72.969 0   0.830502   0.825519   0.296241   0.161048   0.123215   -18.0587   -19.4576   -20.2338   -20.5287   -20.7856     1.3988     2.1750     0.2949
229.970601  32.745528  19.2359  17.5367  16.6523  16.2532  15.9736    0.07850000   0.00016717  23534.218    50.116305   0.028701   0.159294    -707.001 0   0.335014   0.266139   0.108105   0.063597   0.051118   -18.7489   -20.3792   -21.1056   -21.4602   -21.7273     1.6303     2.3567     0.3546
229.985026  32.722707  19.4163  17.9101  17.0984  16.6809  16.3889    0.07870000   0.00017253  23592.617    51.723193   0.033390   0.185317    -648.601 0   0.364656   0.322851   0.144149   0.067482   0.029705   -18.6249   -20.0893   -20.7223   -21.0631   -21.3173     1.4644     2.0974     0.3408
230.008360  32.706775  19.9382  18.0879  17.1924  16.7884  16.4973    0.08260000   0.00013464  24777.667    40.364057   0.045507   0.252569     536.449 0   0.303700   0.233422   0.085855   0.054813   0.055476   -18.1263   -19.9063   -20.6542   -21.0272   -21.3189     1.7800     2.5280     0.3730
230.019192  32.698977  19.9505  18.0913  17.1558  16.7441  16.4552    0.08400000   0.00015906  25194.438    47.684988   0.054694   0.303562     953.220 0   0.376127   0.291452   0.106172   0.073614   0.063359   -18.2442   -20.0187   -20.7689   -21.1481   -21.4267     1.7745     2.5247     0.3791
229.935082  32.733207  19.9737  18.3789  17.5408  17.1320  16.8211    0.07970000   0.00016505  23903.982    49.480745   0.060821   0.337567    -337.237 0   0.360610   0.301925   0.130890   0.069188   0.041774   -18.0881   -19.6242   -20.2913   -20.6384   -20.9219     1.5361     2.2032     0.3471
229.972350  32.814954  19.7589  17.9015  16.9924  16.5849  16.2751    0.07990000   0.00014476  23944.753    43.397956   0.068178   0.378397    -296.465 0   0.351332   0.273877   0.102637   0.067593   0.059284   -18.2808   -20.0607   -20.7986   -21.1710   -21.4725     1.7799     2.5178     0.3725
230.000836  32.823204  18.8707  16.9931  16.0344  15.5961  15.2364    0.08030000   0.00018674  24072.975    55.983244   0.071127   0.394764    -168.244 0   0.489315   0.395003   0.149865   0.100123   0.069454   -19.3178   -21.1011   -21.8147   -22.2032   -22.5323     1.7833     2.4968     0.3886
230.030001  32.830710  19.6716  18.0197  17.1526  16.7696  16.4883    0.08080000   0.00015480  24219.243    46.407872   0.081617   0.452984     -21.975 0   0.319780   0.254578   0.108066   0.058803   0.045277   -18.3821   -19.9688   -20.6894   -21.0231   -21.2909     1.5867     2.3073     0.3337
229.936468  32.819179  18.8977  17.1332  16.2400  15.8244  15.5448    0.08200000   0.00015952  24594.314    47.822893   0.087777   0.487176     353.096 0   0.357078   0.283368   0.110984   0.069837   0.056150   -19.2042   -20.8950   -21.6159   -21.9903   -22.2562     1.6908     2.4116     0.3745
229.889840  32.787522  19.4437  17.6445  16.7695  16.3420  16.0350    0.08190000   0.00014202  24549.675    42.576525   0.102183   0.567133     308.456 0   0.340122   0.266312   0.102364   0.064758   0.056478   -18.6598   -20.3852   -21.0963   -21.4862   -21.7849     1.7254     2.4364     0.3899
230.069703  32.846789  19.9572  18.0134  17.1058  16.7067  16.3933    0.07910000   0.00015615  23700.183    46.812592   0.109694   0.608817    -541.035 0   0.306759   0.235403   0.084910   0.055667   0.056720   -18.0371   -19.9096   -20.6667   -21.0366   -21.3510     1.8724     2.6296     0.3699
230.132600  32.784868  20.3476  18.3929  17.5165  17.1145  16.7844    0.08040000   0.00014939  24099.416    44.785995   0.113153   0.628013    -141.802 0   0.258899   0.199854   0.072043   0.044433   0.050488   -17.6344   -19.5301   -20.2787   -20.6530   -20.9892     1.8957     2.6442     0.3744
230.155602  32.727621  19.9499  18.0058  17.1222  16.6952  16.3565    0.08190000   0.00016635  24546.257    49.870475   0.129985   0.721438     305.039 0   0.306138   0.234886   0.084544   0.055520   0.056733   -18.1196   -19.9925   -20.7257   -21.1237   -21.4636     1.8728     2.6061     0.3980
230.101535  32.857355  19.9860  18.9180  17.5278  16.8368  16.4338    0.07960000   0.00019203  23856.614    57.569146   0.133523   0.741072    -384.604 0   0.979560   1.488170   0.747895   0.382406   0.221418   -18.6949   -20.2715   -20.9214   -21.2469   -21.4889     1.5766     2.2265     0.3255
229.894527  32.852139  19.7091  17.9573  17.1827  16.8265  16.5576    0.07810000   0.00012566  23424.883    37.671920   0.135837   0.753914    -816.335 0   0.103292   0.079501   0.034105   0.020143   0.022160   -18.0541   -19.7821   -20.5113   -20.8535   -21.1244     1.7280     2.4572     0.3422
230.130800  32.886190  19.8449  17.9350  17.0692  16.6712  16.3286    0.08050000   0.00016020  24119.203    48.026752   0.171406   0.951328    -122.016 0   0.227385   0.177496   0.064798   0.038347   0.045668   -18.1083   -19.9683   -20.7214   -21.0930   -21.4429     1.8600     2.6131     0.3715
230.117061  32.895568  19.6549  17.7880  16.8782  16.4596  16.1176    0.08040000   0.00016931  24099.836    50.757861   0.172186   0.955658    -141.382 0   0.374352   0.292575   0.108836   0.073693   0.061743   -18.4426   -20.2277   -20.9537   -21.3372   -21.6673     1.7851     2.5112     0.3835
229.946578  32.939180  19.4699  17.6523  16.7386  16.2772  15.9175    0.08700000   0.00013931  26086.411    41.764087   0.193154   1.072032    1845.193 1   0.461148   0.381741   0.149701   0.094277   0.063552   -18.8836   -20.6218   -21.3035   -21.7095   -22.0384     1.7382     2.4199     0.4060
229.865155  32.939157  17.7995  16.0750  15.2876  14.8433  14.5487    0.08110000   0.00019361  24299.977    58.042818   0.220412   1.223321      58.759 0   0.218022   0.163931   0.066949   0.033904   0.040519   -20.1393   -21.8097   -22.5002   -22.9114   -23.2126     1.6704     2.3608     0.4113
229.868072  32.952391  19.3476  17.5207  16.6299  16.2338  15.9256    0.07970000   0.00016425  23881.137    49.240911   0.230524   1.279439    -360.081 0   0.328919   0.255138   0.096019   0.061467   0.056936   -18.6825   -20.4356   -21.1673   -21.5288   -21.8325     1.7531     2.4848     0.3615
230.079412  32.526711  18.4282  16.5365  15.6472  15.2343  14.9425    0.08200000   0.00016248  24584.540    48.710279   0.234205   1.299872     343.322 0   0.293578   0.225274   0.080749   0.052431   0.055324   -19.6102   -21.4336   -22.1784   -22.5630   -22.8577     1.8234     2.5682     0.3846
229.987798  33.048366  19.9257  18.3536  17.5902  17.2131  16.9006    0.08000000   0.00010163  23986.964    30.467908   0.296551   1.645902    -254.254 0   0.125397   0.095233   0.041459   0.022770   0.026015   -17.9119   -19.4539   -20.1635   -20.5219   -20.8377     1.5419     2.2516     0.3584
229.998128  33.063275  19.4431  17.6223  16.7533  16.3601  16.0370    0.08130000   0.00016295  24387.277    48.851181   0.311191   1.727154     146.059 0   0.293672   0.225959   0.086704   0.051851   0.052172   -18.5979   -20.3510   -21.0808   -21.4391   -21.7625     1.7531     2.4828     0.3583
229.886134  33.058155  19.3882  17.6765  16.8252  16.2873  15.9298    0.08150000   0.00012285  24424.991    36.829503   0.321640   1.785146     183.773 0   0.493781   0.443717   0.176845   0.095747   0.061616   -18.8371   -20.4988   -21.0832   -21.5400   -21.8634     1.6616     2.2461     0.4568
230.345485  32.568124  19.9308  18.3359  17.5843  17.2271  17.0148    0.07920000   0.00017050  23751.387    51.114614   0.341212   1.893774    -489.831 0   0.169031   0.111720   0.058664   0.022239   0.024294   -17.9286   -19.4662   -20.1647   -20.4855   -20.6998     1.5376     2.2361     0.3208
230.049504  32.404724  19.1269  17.8852  17.3201  16.9770  16.7941    0.08240000   0.00016856  24715.130    50.533017   0.349515   1.939860     473.912 0   0.186372   0.112552   0.084912  -0.002465  -0.072835   -18.8149   -19.9828   -20.5203   -20.7760   -20.8885     1.1679     1.7053     0.2557
229.981486  32.388301  19.0250  17.7326  17.1940  16.8594  16.6188    0.06940000   0.00009540  20819.357    28.600200   0.364305   2.021943   -3421.861 1   0.178984   0.098127   0.079389  -0.002310  -0.071476   -18.5352   -19.7467   -20.2666   -20.5195   -20.6909     1.2115     1.7314     0.2529
230.205469  33.079715  19.2198  18.0607  17.5033  17.1181  16.8835    0.08170000   0.00009433  24489.926    28.279423   0.368891   2.047398     248.708 0   0.194685   0.198456   0.117478  -0.001657  -0.097200   -18.7090   -19.8718   -20.3482   -20.6143   -20.7534     1.1629     1.6393     0.2661
229.955761  32.327242  18.8594  17.4861  16.8216  16.4427  16.1854    0.06980000   0.00009480  20932.709    28.420325   0.426797   2.368783   -3308.510 1   0.227880   0.169043   0.098128   0.020672  -0.021248   -18.7622   -20.0766   -20.6702   -20.9717   -21.1871     1.3145     1.9080     0.3014
230.509495  32.706158  19.7960  18.0359  17.1920  16.7569  16.4231    0.07160000   0.00015762  21477.731    47.253287   0.427763   2.374146   -2763.487 1   0.230642   0.179835   0.065484   0.038913   0.046208   -17.8839   -19.5931   -20.3227   -20.7312   -21.0723     1.7093     2.4388     0.4085
230.499124  32.606421  19.5437  17.7047  16.8010  16.3729  16.0549    0.08150000   0.00015095  24438.602    45.253672   0.441310   2.449335     197.383 0   0.374016   0.293528   0.110288   0.073845   0.060960   -18.5619   -20.3204   -21.0408   -21.4325   -21.7376     1.7585     2.4790     0.3917
229.631433  32.420979  18.0184  16.9999  16.6034  16.3154  16.1750    0.09110000   0.00004759  27303.268    14.267123   0.455782   2.529656    3062.050 1   0.167985   0.052907   0.080845  -0.044619  -0.066701   -20.1238   -21.0272   -21.4517   -21.6142   -21.7325     0.9034     1.3279     0.1625
229.457871  32.821349  18.6252  17.2244  16.6178  16.2637  16.0247    0.09120000   0.00015057  27336.425    45.139750   0.464339   2.577147    3095.207 1   0.189327   0.114107   0.078533   0.009331  -0.032283   -19.5407   -20.8663   -21.4373   -21.7222   -21.9196     1.3256     1.8966     0.2849
230.532717  32.617031  19.8617  17.9888  17.0864  16.6735  16.3434    0.07950000   0.00016437  23824.956    49.276886   0.464878   2.580138    -416.262 1   0.328043   0.251896   0.090590   0.061046   0.059342   -18.1649   -19.9617   -20.7028   -21.0861   -21.4145     1.7968     2.5378     0.3834
230.489959  32.482242  18.1059  17.0368  16.6552  16.3784  16.2927    0.06970000   0.00008705  20886.121    26.096933   0.489896   2.718994   -3355.097 1   0.160311   0.041035   0.077869  -0.039777  -0.054531   -19.4450   -20.3948   -20.8132   -20.9724   -21.0433     0.9498     1.3683     0.1592
229.890481  32.269616  18.7982  17.0052  16.1648  15.7768  15.4577    0.07010000   0.00016476  21016.890    49.393805   0.491829   2.729723   -3224.328 1   0.188629   0.149640   0.056268   0.032414   0.039275   -18.8115   -20.5655   -21.3125   -21.6767   -22.0026     1.7540     2.5010     0.3641
230.601683  32.747278  18.6407  17.4984  16.9733  16.7013  16.5177    0.07160000   0.00018645  21471.735    55.896304   0.502841   2.790842   -2769.483 1   0.099235   0.035983   0.037976   0.010553  -0.040880   -18.9077   -19.9868   -20.5139   -20.7585   -20.8906     1.0790     1.6061     0.2446
229.783405  33.237312  18.9744  17.6163  16.8467  16.4073  16.0620    0.08220000   0.00114976  24650.255   344.689377   0.519396   2.882725     409.037 0   0.353332   0.337297   0.152843   0.064429   0.013581   -19.1263   -20.4684   -21.0535   -21.4045   -21.6990     1.3421     1.9272     0.3510
229.886722  32.241765  17.8004  16.6673  16.1915  15.8512  15.6736    0.07880000   0.00017630  23612.763    52.853410   0.519770   2.884798    -628.455 1   0.176088   0.112713   0.095132  -0.029091  -0.100099   -20.0521   -21.1218   -21.5800   -21.7961   -21.9027     1.0697     1.5279     0.2161
229.388671  32.700133  19.6157  17.7485  16.8221  16.4015  16.0525    0.09120000   0.00017249  27348.417    51.711201   0.519954   2.885818    3107.199 1   0.423335   0.340135   0.130628   0.086871   0.062933   -18.7842   -20.5682   -21.2851   -21.6620   -21.9870     1.7840     2.5009     0.3768
229.856607  33.259116  18.4108  17.0930  16.4762  16.1276  15.8841    0.08150000   0.00016159  24424.241    48.443463   0.521892   2.896578     183.023 0   0.210450   0.157642   0.099538   0.010800  -0.059808   -19.5312   -20.7962   -21.3549   -21.6147   -21.7876     1.2650     1.8237     0.2599
229.875808  33.264653  20.6066  18.6195  17.6601  17.1655  16.7561    0.08150000   0.00016787  24432.636    50.326160   0.523716   2.906701     191.417 0   0.550535   0.449620   0.169312   0.107724   0.075430   -17.6755   -19.5617   -20.2408   -20.6738   -21.0509     1.8862     2.5653     0.4330
229.375604  32.694629  20.0924  18.2106  17.3231  16.9169  16.5395    0.09100000   0.00014282  27276.407    42.816359   0.531456   2.949661    3035.189 1   0.323708   0.248789   0.090021   0.059969   0.058556   -18.2243   -20.0311   -20.7599   -21.1360   -21.5120     1.8069     2.5356     0.3761
230.098103  33.287240  19.5752  17.6816  16.7740  16.3651  16.0336    0.08210000   0.00017379  24615.599    52.100931   0.540963   3.002422     374.381 0   0.325775   0.250407   0.090576   0.060496   0.058806   -18.4981   -20.3163   -21.0641   -21.4429   -21.7727     1.8182     2.5660     0.3788
229.642029  33.206461  19.0497  17.9356  17.6314  17.3895  17.3322    0.06840000   0.00009177  20495.881    27.511954   0.546813   3.034893   -3745.337 1   0.130492   0.017828   0.069380  -0.032566  -0.014803   -18.4516   -19.4530   -19.8088   -19.9487   -20.0238     1.0014     1.3572     0.1400
230.308715  33.235292  19.9441  18.3109  17.4966  17.0741  16.7234    0.07400000   0.00017980  22196.484    53.902684   0.546999   3.035927   -2044.734 1   0.335074   0.274621   0.120645   0.062205   0.039746   -17.9333   -19.5060   -20.1664   -20.5304   -20.8587     1.5727     2.2331     0.3641
229.863825  33.287041  19.6015  17.6599  16.7466  16.3477  15.9989    0.08120000   0.00016124  24346.745    48.338536   0.547723   3.039944     105.527 0   0.345926   0.266346   0.096246   0.065657   0.061018   -18.4651   -20.3271   -21.0703   -21.4386   -21.7828     1.8620     2.6052     0.3683
230.664475  32.666779  19.1708  17.3793  16.4994  16.0967  15.7803    0.07960000   0.00016264  23855.445    48.758245   0.562143   3.119977    -385.773 0   0.290503   0.223175   0.083511   0.051367   0.053086   -18.8210   -20.5452   -21.2854   -21.6560   -21.9741     1.7242     2.4644     0.3706
230.600305  32.496764  19.3287  18.0508  17.5052  17.1648  16.9840    0.07030000   0.00008371  21086.802    25.095627   0.562911   3.124239   -3154.416 1   0.179314   0.098901   0.080748  -0.004602  -0.076734   -18.2599   -19.4574   -19.9848   -20.2399   -20.3485     1.1975     1.7249     0.2551
230.039640  33.318120  20.2745  18.4084  17.5183  17.1198  16.8018    0.08420000   0.00015772  25249.030    47.283266   0.566800   3.145825    1007.812 1   0.283055   0.217393   0.078432   0.049864   0.053710   -17.8323   -19.6327   -20.3839   -20.7538   -21.0757     1.8004     2.5516     0.3699
230.661822  32.881946  19.6999  17.8312  16.9357  16.5269  16.2240    0.08080000   0.00014152  24210.549    42.426629   0.568421   3.154818     -30.669 0   0.318267   0.245725   0.091588   0.058587   0.056420   -18.3523   -20.1485   -20.8898   -21.2656   -21.5664     1.7962     2.5375     0.3758
230.188127  32.192472  18.3798  16.6340  15.6942  15.2339  14.8918    0.08050000   0.00017695  24125.318    53.048275   0.580720   3.223079    -115.900 0   0.492837   0.419869   0.165232   0.098262   0.065173   -19.8389   -21.5117   -22.1969   -22.5902   -22.8992     1.6728     2.3580     0.3933
230.058798  33.332741  19.4175  17.5529  16.6438  16.2320  15.9125    0.08200000   0.00015221  24585.620    45.631410   0.582459   3.232732     344.402 0   0.334258   0.256821   0.092462   0.062625   0.059990   -18.6616   -20.4488   -21.1935   -21.5755   -21.8924     1.7872     2.5319     0.3820
229.693711  33.280261  18.9392  17.1678  16.3229  15.9297  15.6113    0.06810000   0.00016752  20420.363    50.221233   0.589025   3.269173   -3820.855 1   0.241806   0.183887   0.072203   0.039236   0.045011   -18.6392   -20.3527   -21.0859   -21.4461   -21.7703     1.7135     2.4467     0.3602
230.101540  33.336279  19.2201  18.0731  17.4878  17.0788  16.8296    0.08170000   0.00009061  24492.114    27.164195   0.589912   3.274097     250.896 0   0.212574   0.206223   0.118464   0.009160  -0.083422   -18.7265   -19.8672   -20.3647   -20.6644   -20.8210     1.1406     1.6382     0.2997
230.177183  32.180195  18.3894  16.4205  15.5303  15.0974  14.7822    0.08070000   0.00015762  24207.791    47.253287   0.590219   3.275800     -33.427 0   0.341249   0.262449   0.094655   0.064421   0.060656   -19.6590   -21.5491   -22.2716   -22.6742   -22.9857     1.8901     2.6125     0.4027
230.125034  33.341228  20.0828  18.3324  17.4258  17.0169  16.7101    0.07920000   0.00016302  23730.582    48.872167   0.597863   3.318228    -510.636 1   0.389514   0.316350   0.126216   0.078664   0.056386   -17.9971   -19.6743   -20.3908   -20.7521   -21.0366     1.6772     2.3937     0.3613
229.724886  33.303055  18.7160  17.2381  16.5070  16.0678  15.7923    0.08140000   0.00005752  24403.166    17.244062   0.598797   3.323410     161.948 0   0.301613   0.255557   0.124416   0.048026   0.010111   -19.3357   -20.7675   -21.3675   -21.7303   -21.9679     1.4318     2.0318     0.3628
229.301335  32.852592  19.5995  18.0124  17.2128  16.7855  16.4599    0.08790000   0.00016216  26337.397    48.614345   0.599281   3.326099    2096.179 1   0.341059   0.283554   0.125872   0.063248   0.037044   -18.6378   -20.1674   -20.8094   -21.1740   -21.4734     1.5296     2.1715     0.3647
229.520733  33.197452  19.2890  17.8268  17.0728  16.6667  16.3322    0.09320000   0.00014816  27928.006    44.417251   0.602813   3.345701    3686.788 1   0.317695   0.271818   0.128795   0.053297   0.016827   -19.0737   -20.4900   -21.1010   -21.4316   -21.7296     1.4163     2.0273     0.3306
229.747881  33.316771  17.6588  15.7065  14.8319  14.4512  14.1460    0.06830000   0.00018523  20485.688    55.530557   0.604285   3.353871   -3755.530 1   0.229364   0.179221   0.064996   0.038813   0.046152   -19.9382   -21.8403   -22.6007   -22.9552   -23.2678     1.9022     2.6625     0.3545
229.279634  32.752506  18.6970  17.4995  16.8881  16.5435  16.2876    0.06920000   0.00015233  20750.525    45.667385   0.609050   3.380315   -3490.693 1   0.212949   0.182245   0.110014   0.009858  -0.076060   -18.9121   -20.0789   -20.6181   -20.8625   -21.0325     1.1668     1.7060     0.2444
230.046624  33.371325  18.3813  16.6551  15.7649  15.3627  15.0203    0.08000000   0.00016574  23969.996    49.687602   0.620250   3.442478    -271.222 0   0.364434   0.293305   0.117853   0.071963   0.053994   -19.6954   -21.3505   -22.0652   -22.4215   -22.7459     1.6551     2.3698     0.3563
230.745283  32.689264  20.1952  18.4367  17.5964  17.2293  16.9386    0.07940000   0.00015550  23799.684    46.617727   0.626749   3.478547    -441.534 1   0.240486   0.181000   0.074025   0.037904   0.042983   -17.7199   -19.4189   -20.1523   -20.4832   -20.7790     1.6990     2.4323     0.3310
229.335829  33.033022  19.8783  18.0544  17.1544  16.6963  16.3989    0.09150000   0.00014232  27424.564    42.666463   0.628102   3.486056    3183.346 1   0.463354   0.399420   0.160837   0.092761   0.059209   -18.5688   -20.3288   -20.9902   -21.3802   -21.6441     1.7600     2.4214     0.3900
229.669280  33.313893  20.4829  18.5531  17.7480  17.3703  17.0651    0.08010000   0.00012930  24018.292    38.763165   0.628288   3.487088    -222.926 0   0.089504   0.082944   0.030387   0.021543   0.022531   -17.3216   -19.2448   -19.9974   -20.3662   -20.6724     1.9232     2.6758     0.3689
230.171044  33.365372  18.5238  16.4570  15.5523  15.1282  14.8500    0.08190000   0.00019678  24543.679    58.993160   0.629172   3.491994     302.461 0   0.346641   0.267009   0.096594   0.065857   0.061027   -19.5862   -21.5734   -22.3077   -22.7011   -22.9744     1.9872     2.7215     0.3934
229.295705  32.536212  19.8253  18.0149  17.1081  16.7266  16.3903    0.09150000   0.00013918  27439.944    41.725114   0.633464   3.515820    3198.726 1   0.322983   0.249687   0.093211   0.059828   0.056837   -18.4814   -20.2185   -20.9689   -21.3170   -21.6503     1.7371     2.4874     0.3481
230.204557  33.363753  19.6600  17.8290  16.9689  16.5773  16.2911    0.08290000   0.00014948  24852.405    44.812977   0.634505   3.521594     611.187 1   0.274264   0.209811   0.082083   0.046645   0.048980   -18.3829   -20.1495   -20.8818   -21.2380   -21.5265     1.7665     2.4989     0.3562
230.702974  32.503612  19.9774  18.4678  17.6645  17.2857  17.0232    0.07390000   0.00017764  22143.780    53.255132   0.638363   3.543010   -2097.438 1   0.301156   0.243003   0.113524   0.050877   0.028439   -17.8388   -19.2903   -19.9641   -20.2802   -20.5203     1.4514     2.1253     0.3162
230.111847  33.384793  19.9790  17.9709  17.0530  16.6092  16.2851    0.08010000   0.00016371  24027.736    49.079023   0.639162   3.547443    -213.482 0   0.401052   0.312710   0.114764   0.080239   0.064933   -18.1370   -20.0568   -20.7767   -21.1860   -21.4948     1.9198     2.6397     0.4093
