154.967058  40.988471  17.6178  15.6251  14.6684  14.2267  13.9314    0.09140000   0.00020954  27413.172    62.818512   0.009153   0.056311     -87.390 0   0.442911   0.348668   0.129248   0.090751   0.067580   -20.8251   -22.7235   -23.4608   -23.8640   -24.1362     1.8985     2.6357     0.4032
154.957124  41.007016  20.1620  18.4025  17.4549  17.0284  16.6808    0.09530000   0.00015852  28561.018    47.523100   0.011370   0.069952    1060.456 0   0.461793   0.381191   0.149043   0.094521   0.063977   -18.3698   -20.0487   -20.7641   -21.1361   -21.4531     1.6789     2.3943     0.3720
154.936965  41.003409  20.5058  18.6678  17.6838  17.2598  16.9125    0.09700000   0.00015212  29086.344    45.604429   0.018863   0.116051    1585.782 0   0.479057   0.383759   0.144755   0.098452   0.069124   -18.0842   -19.8269   -20.5719   -20.9496   -21.2675     1.7427     2.4877     0.3777
154.968490  40.977377  19.8567  17.9473  16.9896  16.5729  16.2866    0.08880000   0.00016897  26631.224    50.655932   0.019574   0.120423    -869.338 0   0.421721   0.330529   0.122003   0.085588   0.066184   -18.4835   -20.3017   -21.0509   -21.4312   -21.6981     1.8182     2.5674     0.3803
154.950267  40.976828  19.6959  17.9901  17.0361  16.6386  16.2920    0.09220000   0.00015029  27626.445    45.055809   0.020337   0.125118     125.883 0   0.441079   0.360106   0.140365   0.090758   0.062767   -18.7667   -20.3915   -21.1258   -21.4736   -21.7923     1.6248     2.3591     0.3479
154.932802  40.988573  19.1521  17.1188  16.1725  15.7674  15.4270    0.09010000   0.00018888  27006.234    56.624799   0.021670   0.133321    -494.328 0   0.399615   0.310694   0.113421   0.079687   0.065198   -19.2188   -21.1632   -21.9122   -22.2836   -22.6095     1.9444     2.6934     0.3714
154.990675  40.995922  20.1357  18.3311  17.4492  17.0572  16.8709    0.08710000   0.00015522  26117.559    46.533785   0.023263   0.143118   -1383.003 0   0.295930   0.227623   0.085931   0.052632   0.053291   -18.0366   -19.7729   -20.5131   -20.8718   -21.0588     1.7363     2.4765     0.3587
154.986027  40.975484  19.3224  17.4160  16.4555  16.0542  15.7271    0.09440000   0.00015507  28305.594    46.488816   0.028361   0.174485     805.033 0   0.419966   0.327997   0.120379   0.084985   0.066460   -19.1493   -20.9637   -21.7166   -22.0825   -22.3911     1.8144     2.5673     0.3659
154.944067  40.964716  20.3796  18.6127  17.5666  17.1552  16.8653    0.09520000   0.00016478  28552.234    49.399801   0.033321   0.204999    1051.672 0   0.415143   0.324546   0.119390   0.083898   0.065886   -18.1057   -19.7820   -20.6229   -20.9988   -21.2707     1.6763     2.5172     0.3759
154.971722  41.028539  19.9739  18.1065  17.1791  16.7815  16.4815    0.09030000   0.00015896  27077.225    47.655009   0.033910   0.208622    -423.337 0   0.349003   0.269425   0.098076   0.066558   0.060904   -18.3301   -20.1179   -20.8740   -21.2400   -21.5344     1.7878     2.5439     0.3661
155.003227  41.023973  18.2885  16.5133  15.6460  15.2410  14.9526    0.08840000   0.00016610  26489.961    49.795527   0.043167   0.265578   -1010.600 0   0.317918   0.248152   0.097920   0.058405   0.052608   -19.9381   -21.6435   -22.3606   -22.7261   -23.0087     1.7054     2.4225     0.3655
154.975618  40.953852  20.2710  18.4419  17.5416  17.1704  16.8809    0.09050000   0.00013235  27133.466    39.677532   0.043635   0.268457    -367.096 0   0.324298   0.252375   0.096963   0.060243   0.055130   -18.0342   -19.7914   -20.5363   -20.8708   -21.1552     1.7572     2.5021     0.3345
154.985165  40.950226  19.6025  18.1715  17.2950  16.8994  16.6351    0.09210000   0.00013775  27622.397    41.296411   0.049447   0.304211     121.836 0   0.402905   0.415190   0.177267   0.085823   0.027832   -18.7984   -20.2417   -20.8803   -21.1844   -21.3907     1.4433     2.0819     0.3042
155.035286  41.009440  20.0282  18.3287  17.3991  17.0053  16.7584    0.09490000   0.00015557  28441.430    46.638713   0.058536   0.360129     940.869 0   0.368243   0.290336   0.110712   0.072577   0.059322   -18.4033   -20.0249   -20.7748   -21.1305   -21.3642     1.6216     2.3716     0.3557
154.888877  41.022130  19.0537  17.0103  16.0497  15.6240  15.2861    0.09390000   0.00018677  28149.762    55.992237   0.059677   0.367147     649.201 0   0.449286   0.353733   0.131066   0.092116   0.068153   -19.4357   -21.3836   -22.1215   -22.5083   -22.8222     1.9478     2.6858     0.3867
155.033909  41.022292  20.0743  18.2098  17.2729  16.8525  16.5365    0.08980000   0.00015388  26924.541    46.132063   0.061840   0.380454    -576.021 0   0.401116   0.312342   0.114334   0.080164   0.065126   -18.2697   -20.0454   -20.7843   -21.1706   -21.4715     1.7757     2.5146     0.3862
155.044230  40.999415  20.0871  18.2332  17.3018  16.9019  16.6110    0.09370000   0.00013034  28102.185    39.074949   0.063784   0.392416     601.624 0   0.358445   0.277635   0.101687   0.069115   0.061450   -18.3280   -20.1011   -20.8565   -21.2239   -21.5071     1.7731     2.5285     0.3673
154.849447  41.028914  20.1395  18.3843  17.5434  17.1705  16.9228    0.09530000   0.00014786  28559.699    44.327313   0.089657   0.551593    1059.137 0   0.261328   0.198153   0.081264   0.042440   0.044934   -18.1918   -19.8838   -20.6078   -20.9419   -21.1921     1.6920     2.4160     0.3341
154.964484  41.091742  19.2164  17.7410  17.0554  16.5873  16.3490    0.08700000   0.00009240  26094.805    27.700823   0.095972   0.590444   -1405.757 0   0.308353   0.273689   0.132358   0.048880   0.002762   -18.9843   -20.4251   -20.9693   -21.3540   -21.5461     1.4407     1.9850     0.3846
155.098711  40.998572  19.4930  17.5786  16.6072  16.1797  15.8415    0.08840000   0.00015872  26516.553    47.583059   0.104839   0.645001    -984.009 0   0.464088   0.366193   0.135923   0.095326   0.069238   -18.8797   -20.6962   -21.4374   -21.8243   -22.1364     1.8165     2.5576     0.3869
154.877243  40.908796  19.2222  17.4279  16.5600  16.1744  15.8910    0.09060000   0.00016209  27172.709    48.593360   0.107067   0.658705    -327.853 0   0.292620   0.225545   0.089141   0.051204   0.050270   -19.0326   -20.7599   -21.4914   -21.8390   -22.1215     1.7272     2.4587     0.3477
154.876591  40.878799  24.6371  18.3802  17.6014  17.0719  16.7244    0.09210000   0.00015026  27618.500    45.046815   0.132840   0.817268     117.938 0   0.334522   0.257184   0.092837   0.062710   0.059888   -13.6954   -19.8750   -20.4894   -20.9888   -21.3335     6.1796     6.7940     0.4994
154.776252  40.984904  19.7439  17.8429  16.9492  16.5590  16.2695    0.09280000   0.00015479  27814.684    46.404875   0.139005   0.855200     314.123 0   0.297739   0.228976   0.085719   0.053177   0.053922   -18.5870   -20.4192   -21.1696   -21.5273   -21.8176     1.8322     2.5827     0.3577
155.125677  41.061424  19.6122  17.7398  16.8106  16.4221  16.1268    0.09470000   0.00013825  28379.014    41.446307   0.141302   0.869328     878.452 0   0.348054   0.267918   0.096659   0.066184   0.061320   -18.7945   -20.5868   -21.3447   -21.7027   -21.9932     1.7923     2.5502     0.3580
155.155849  41.034754  20.0334  18.3473  17.4823  17.0836  16.8173    0.09350000   0.00015109  28035.811    45.295642   0.152963   0.941070     535.249 0   0.313369   0.245792   0.100473   0.056949   0.049220   -18.3108   -19.9294   -20.6490   -21.0042   -21.2628     1.6185     2.3382     0.3552
155.150755  40.907225  20.0827  18.1869  17.2977  16.9094  16.6046    0.08950000   0.00015320  26845.485    45.928205   0.169150   1.040660    -655.076 0   0.282898   0.217133   0.079507   0.049658   0.053111   -18.1569   -19.9870   -20.7386   -21.0970   -21.4053     1.8300     2.5816     0.3585
154.968032  41.182004  19.2211  17.4699  16.6057  16.1553  15.7820    0.09880000   0.00017218  29617.246    51.618265   0.186272   1.145997    2116.685 1   0.405123   0.337678   0.138171   0.081790   0.053813   -19.3350   -21.0187   -21.6834   -22.0775   -22.4228     1.6838     2.3484     0.3940
154.708854  40.963076  19.4293  17.4655  16.4906  16.0779  15.7646    0.09200000   0.00016663  27575.060    49.954417   0.192255   1.182809      74.498 0   0.445158   0.350400   0.129840   0.091228   0.067800   -19.0115   -20.8805   -21.6349   -22.0090   -22.2988     1.8690     2.6234     0.3741
155.211078  40.956956  18.7916  16.8535  15.8969  15.4904  15.1468    0.09540000   0.00017109  28607.635    51.291492   0.193558   1.190823    1107.074 0   0.413962   0.323542   0.118989   0.083590   0.065813   -19.7182   -21.5658   -22.3179   -22.6890   -23.0148     1.8477     2.5997     0.3711
155.213980  40.950358  20.1007  18.1816  17.2999  16.9048  16.5618    0.09580000   0.00014566  28707.466    43.667769   0.197121   1.212743    1206.904 0   0.253188   0.195701   0.070863   0.043233   0.049545   -18.2574   -20.1190   -20.8759   -21.2433   -21.5927     1.8616     2.6185     0.3675
154.763529  41.132765  19.1995  17.2558  16.3427  15.9198  15.5991    0.09110000   0.00016117  27319.217    48.317550   0.201759   1.241279    -181.344 0   0.369949   0.286270   0.104125   0.071974   0.062922   -19.1447   -21.0047   -21.7356   -22.1264   -22.4380     1.8600     2.5910     0.3907
155.109344  40.820057  20.0404  18.0934  17.1555  16.7681  16.4334    0.09150000   0.00014893  27428.552    44.648091   0.208873   1.285049     -72.010 0   0.371181   0.287579   0.104880   0.072361   0.062854   -18.3145   -20.1779   -20.9331   -21.2880   -21.6132     1.8634     2.6186     0.3549
154.858983  40.798334  19.0223  17.2035  16.3292  15.9078  15.6085    0.09330000   0.00016152  27977.142    48.422478   0.211666   1.302229     476.580 0   0.297152   0.228510   0.085575   0.053026   0.053835   -19.3197   -21.0699   -21.8012   -22.1901   -22.4902     1.7502     2.4815     0.3889
155.242345  40.954913  20.2799  18.4151  17.5288  17.1483  16.8421    0.09500000   0.00014741  28466.313    44.192406   0.217104   1.335685     965.751 0   0.311013   0.240164   0.090610   0.056625   0.054965   -18.1178   -19.9117   -20.6485   -20.9950   -21.2995     1.7940     2.5307     0.3465
154.626665  41.018289  19.7826  17.9838  17.0938  16.6873  16.3769    0.09330000   0.00015745  27959.634    47.202323   0.252477   1.553311     459.072 0   0.341492   0.268689   0.104707   0.065282   0.055470   -18.6037   -20.3297   -21.0557   -21.4228   -21.7234     1.7260     2.4520     0.3671
154.535949  41.120032  19.4330  17.8191  17.0279  16.6540  16.3781    0.09300000   0.00013389  27892.990    40.139212   0.343206   2.111499     392.428 0   0.248492   0.184790   0.083202   0.036705   0.036922   -18.8347   -20.3849   -21.0745   -21.4019   -21.6780     1.5502     2.2398     0.3274
155.393840  41.101426  19.3409  18.1034  17.5044  17.0705  16.8498    0.09180000   0.00008634  27512.254    25.884081   0.344153   2.117329      11.692 0   0.233899   0.220810   0.121423   0.020064  -0.062431   -18.9050   -20.1294   -20.6290   -20.9616   -21.0998     1.2244     1.7240     0.3325
154.522403  40.857374  19.4757  17.5471  16.5736  16.1562  15.8157    0.09170000   0.00015932  27502.780    47.762934   0.358026   2.202680       2.218 0   0.467927   0.372276   0.139553   0.096307   0.068738   -18.9807   -20.8137   -21.5545   -21.9286   -22.2415     1.8329     2.5737     0.3742
154.510181  41.129516  19.2872  17.7194  17.0386  16.6169  16.3667    0.09310000   0.00016709  27898.836    50.092322   0.364773   2.244185     398.274 0   0.232882   0.167363   0.088608   0.026461   0.014338   -18.9883   -20.4906   -21.0927   -21.4522   -21.6903     1.5023     2.1043     0.3596
155.272878  40.686172  19.4115  18.1925  17.4460  17.0653  16.7653    0.10090000   0.00016239  30236.768    48.683297   0.389497   2.396299    2736.206 1   0.290625   0.339427   0.158310   0.055700  -0.032230   -19.0970   -20.3648   -20.9302   -21.2082   -21.4203     1.2678     1.8332     0.2781
155.139889  41.374780  19.6353  18.1127  17.3357  16.9020  16.5554    0.09240000   0.00018513  27703.461    55.500578   0.402572   2.476737     202.900 0   0.334947   0.283297   0.129411   0.060014   0.028809   -18.7047   -20.1757   -20.7988   -21.1631   -21.4785     1.4710     2.0941     0.3643
155.463674  41.130558  19.6217  17.6651  16.7191  16.3247  16.0250    0.08990000   0.00016593  26951.492    49.744563   0.403422   2.481968    -549.070 0   0.368382   0.284879   0.103508   0.071541   0.062854   -18.6894   -20.5625   -21.3272   -21.6896   -21.9806     1.8731     2.6377     0.3624
155.476090  41.108610  18.8843  16.9080  15.9601  15.5486  15.2401    0.09060000   0.00016822  27156.100    50.431087   0.405626   2.495524    -344.462 0   0.395993   0.308290   0.112918   0.078882   0.064661   -19.4739   -21.3625   -22.1150   -22.4925   -22.7868     1.8886     2.6411     0.3775
154.451757  40.854558  19.1148  18.1825  17.4525  16.9114  16.7975    0.09390000   0.00078995  28149.522   236.821052   0.408685   2.514348     648.961 0   0.270976   0.451937   0.192328   0.049875  -0.044472   -19.1963   -20.3096   -20.7800   -21.1786   -21.1982     1.1133     1.5837     0.3986
155.224062  41.367358  18.0524  16.2896  15.4387  15.0464  14.7406    0.09170000   0.00015676  27500.052    46.995466   0.421658   2.594160      -0.510 0   0.287112   0.220920   0.088903   0.049414   0.048539   -20.2232   -21.9198   -22.6387   -22.9915   -23.2964     1.6966     2.4155     0.3528
154.400217  41.012579  18.8783  17.1446  16.3024  15.9056  15.6103    0.09200000   0.00015624  27571.283    46.839574   0.422722   2.600705      70.721 0   0.278861   0.213633   0.086221   0.047194   0.047592   -19.3962   -21.0647   -21.7795   -22.1372   -22.4329     1.6685     2.3833     0.3578
155.406648  41.280636  19.8045  18.0508  17.1673  16.7537  16.4483    0.09200000   0.00014715  27567.835    44.114460   0.441396   2.715595      67.273 0   0.340052   0.268658   0.106288   0.064979   0.054036   -18.5312   -20.2135   -20.9346   -21.3069   -21.6014     1.6823     2.4034     0.3723
154.374804  41.019281  18.3056  17.1887  16.7351  16.4212  16.2463    0.09250000   0.00008773  27718.001    26.300792   0.442193   2.720495     217.439 0   0.173168   0.078734   0.084688  -0.035287  -0.089689   -19.8750   -20.8975   -21.3570   -21.5510   -21.6715     1.0225     1.4820     0.1939
155.557912  41.058226  20.1626  18.3830  17.4622  17.0635  16.7600    0.09170000   0.00015245  27479.576    45.703360   0.455680   2.803473     -20.985 0   0.359465   0.282019   0.106903   0.070033   0.059107   -18.1854   -19.8875   -20.6332   -20.9950   -21.2876     1.7022     2.4478     0.3618
154.718447  40.561037  19.3280  18.0264  17.3883  17.0643  16.7745    0.10490000   0.00014779  31443.132    44.306327   0.471431   2.900376    3942.571 1   0.007454   0.004008   0.001621   0.001136   0.000998   -18.9586   -20.2568   -20.8925   -21.2160   -21.5057     1.2982     1.9339     0.3235
155.476538  41.270361  20.3066  18.5693  17.6859  17.3034  16.9572    0.09360000   0.00016298  28075.264    48.860175   0.476909   2.934082     574.702 0   0.341147   0.271011   0.108851   0.065403   0.052646   -18.0889   -19.7560   -20.4773   -20.8163   -21.1498     1.6672     2.3884     0.3391
154.678110  41.485400  19.1610  17.2047  16.2136  15.7870  15.4600    0.09580000   0.00015756  28732.229    47.235300   0.533754   3.283809    1231.667 1   0.493084   0.392270   0.146608   0.101003   0.071081   -19.4370   -21.2925   -22.0379   -22.4189   -22.7160     1.8555     2.6009     0.3810
155.589423  40.721398  18.8638  18.0921  17.7268  17.4847  17.3385    0.09850000   0.00003890  29530.187    11.661927   0.548728   3.375933    2029.625 1   0.133132   0.022390   0.069349  -0.027735  -0.027067   -19.4137   -20.0746   -20.4869   -20.6319   -20.7788     0.6610     1.0732     0.1450
155.556523  41.323801  19.3004  17.4776  16.5842  16.1607  15.8381    0.09490000   0.00014348  28435.764    43.014222   0.557107   3.427483     935.203 1   0.365429   0.284929   0.105846   0.071270   0.061098   -19.1283   -20.8706   -21.5849   -21.9738   -22.2862     1.7423     2.4566     0.3889
155.698069  41.106152  19.1405  17.9193  17.3521  16.9990  16.8308    0.09420000   0.00009891  28245.456    29.652472   0.567989   3.494432     744.894 1   0.190840   0.126968   0.091932  -0.004541  -0.083176   -19.1186   -20.2759   -20.8081   -21.0647   -21.1543     1.1573     1.6895     0.2566
155.538546  41.374799  19.7728  17.7557  16.8306  16.4080  16.0581    0.09540000   0.00015197  28590.937    45.559460   0.578260   3.557619    1090.375 1   0.376606   0.291840   0.106314   0.073738   0.063400   -18.6996   -20.6319   -21.3715   -21.7615   -22.1011     1.9323     2.6719     0.3900
155.468848  41.429966  19.0679  17.1597  16.2833  15.9088  15.6310    0.09440000   0.00015064  28311.710    45.160736   0.579702   3.566493     811.148 1   0.269073   0.205796   0.079202   0.045682   0.049210   -19.2529   -21.0978   -21.8476   -22.1886   -22.4699     1.8449     2.5947     0.3410
