221.792019  33.210468  18.4590  16.4617  15.4911  15.0710  14.7168    0.08690000   0.00019092  26058.260    57.236376   0.023473   0.139179    -324.375 0   0.480363   0.379813   0.141157   0.098579   0.070489   -19.9139   -21.8106   -22.5426   -22.9201   -23.2462     1.8967     2.6287     0.3775
221.821085  33.243082  20.1970  18.3265  17.4074  16.9838  16.6268    0.08800000   0.00015545  26378.529    46.602738   0.035304   0.209333      -4.107 0   0.406094   0.325459   0.125425   0.082727   0.061262   -18.1052   -19.8951   -20.6142   -20.9951   -21.3306     1.7899     2.5089     0.3809
221.733423  33.242857  20.2811  18.4186  17.4890  17.0702  16.6990    0.08710000   0.00015688  26114.831    47.031441   0.041229   0.244465    -267.805 0   0.436248   0.347411   0.131130   0.089621   0.065553   -18.0315   -19.8052   -20.5185   -20.8958   -21.2429     1.7737     2.4870     0.3773
221.777065  33.179186  19.4050  17.6383  16.6529  16.2019  15.8223    0.08820000   0.00017535  26430.752    52.568608   0.052968   0.314066      48.117 0   0.543715   0.449617   0.170698   0.106360   0.074024   -19.0424   -20.7150   -21.4215   -21.8082   -22.1554     1.6726     2.3791     0.3867
221.799631  33.180486  19.6940  18.2901  17.5334  17.1540  16.8627    0.08670000   0.00014438  25988.139    43.284035   0.053872   0.319426    -394.497 0   0.296179   0.251461   0.123809   0.045974   0.005976   -18.4685   -19.8277   -20.4567   -20.7583   -21.0096     1.3592     1.9882     0.3016
221.794754  33.306718  19.4431  17.7277  16.8297  16.3510  15.9856    0.08750000   0.00017586  26225.724    52.721502   0.075549   0.447956    -156.911 0   0.480177   0.422097   0.169192   0.094600   0.060449   -18.9208   -20.5781   -21.2232   -21.6273   -21.9586     1.6573     2.3024     0.4041
221.724446  33.317742  20.1051  18.3026  17.3838  17.0039  16.6866    0.08970000   0.00014984  26881.610    44.920902   0.097877   0.580349     498.975 0   0.348183   0.272211   0.103186   0.066884   0.058189   -18.1835   -19.9101   -20.6598   -21.0034   -21.3120     1.7265     2.4763     0.3436
221.761680  33.336105  19.0840  17.2777  16.3466  15.8691  15.5112    0.09060000   0.00016458  27160.417    49.339843   0.105299   0.624357     777.782 1   0.514830   0.444486   0.173595   0.100488   0.067724   -19.3931   -21.1290   -21.7892   -22.1936   -22.5187     1.7360     2.3962     0.4044
221.903325  33.286141  19.3470  17.3904  16.4770  16.0609  15.7188    0.08850000   0.00015694  26541.166    47.049428   0.115743   0.686286     158.530 0   0.352864   0.272361   0.098939   0.067529   0.061404   -18.9144   -20.7905   -21.5304   -21.9151   -22.2511     1.8761     2.6161     0.3847
221.613444  33.247121  19.8575  18.0941  17.1425  16.6668  16.2911    0.08690000   0.00017414  26049.476    52.205859   0.140954   0.835768    -333.159 0   0.527500   0.437979   0.167582   0.104276   0.071795   -18.5625   -20.2364   -20.9176   -21.3300   -21.6732     1.6739     2.3551     0.4124
221.836214  33.089466  19.5975  17.7965  16.8630  16.4218  16.0685    0.08660000   0.00017688  25950.425    53.027290   0.149881   0.888702    -432.211 0   0.464948   0.385400   0.151069   0.094938   0.063887   -18.7313   -20.4527   -21.1519   -21.5370   -21.8592     1.7215     2.4206     0.3851
221.956703  33.198624  19.9152  18.0737  17.1573  16.7253  16.4241    0.08680000   0.00016610  26022.735    49.795527   0.150729   0.893732    -359.901 0   0.427837   0.350044   0.137688   0.087862   0.060724   -18.4026   -20.1664   -20.8704   -21.2526   -21.5266     1.7637     2.4678     0.3822
221.880209  33.101737  17.9124  15.8081  14.8146  14.4031  14.0946    0.08750000   0.00017941  26236.967    53.785765   0.154498   0.916076    -145.669 0   0.475284   0.374764   0.138884   0.097607   0.070278   -20.4466   -22.4504   -23.2080   -23.5782   -23.8594     2.0038     2.7614     0.3702
221.919220  33.127739  18.6383  16.8133  15.8854  15.4642  15.1189    0.08700000   0.00017703  26071.961    53.072259   0.155723   0.923341    -310.675 0   0.435286   0.354616   0.138207   0.089581   0.062336   -19.6894   -21.4337   -22.1452   -22.5178   -22.8358     1.7443     2.4558     0.3726
221.709368  33.080406  19.8888  18.2712  17.4326  17.0435  16.7157    0.08760000   0.00016797  26263.768    50.356139   0.163051   0.966790    -118.868 0   0.321744   0.257103   0.109837   0.059389   0.044457   -18.3218   -19.8747   -20.5661   -20.9047   -21.2176     1.5530     2.2443     0.3387
221.642447  33.374875  19.4599  17.9539  17.1737  16.6978  16.3605    0.08680000   0.00020349  26008.225    61.004767   0.183924   1.090556    -374.411 0   0.370082   0.322347   0.142203   0.069400   0.034959   -18.8002   -20.2585   -20.8585   -21.2616   -21.5645     1.4583     2.0583     0.4031
221.976465  33.124362  19.7520  17.8451  16.9084  16.4968  16.1286    0.08620000   0.00016168  25852.003    48.470445   0.195784   1.160876    -530.633 1   0.416100   0.327382   0.121757   0.084457   0.065139   -18.5178   -20.3360   -21.0671   -21.4414   -21.7903     1.8182     2.5493     0.3743
221.551642  33.146401  18.5504  17.4117  16.9514  16.6750  16.4881    0.09800000   0.00019964  29373.605    59.850566   0.210093   1.245721    2990.969 1   0.124200   0.038319   0.056454   0.000720  -0.060516   -19.7071   -20.7599   -21.2383   -21.4590   -21.5846     1.0528     1.5313     0.2207
221.849533  33.024053  20.0498  18.3782  17.6696  17.1678  16.8473    0.08500000   0.00008316  25484.248    24.930741   0.215756   1.279301    -898.388 1   0.192911   0.143171   0.060940   0.029594   0.036023   -17.9875   -19.6093   -20.2357   -20.7061   -21.0331     1.6219     2.2482     0.4705
221.560378  33.110965  19.5448  18.2357  17.6351  17.2594  16.9808    0.09000000   0.00017518  26981.021    52.517643   0.220714   1.308697     598.386 1   0.219125   0.177009   0.106530   0.014450  -0.060291   -18.6432   -19.9102   -20.4403   -20.7239   -20.9278     1.2670     1.7971     0.2836
221.858055  33.001932  20.0412  18.1124  17.1639  16.7381  16.3476    0.08740000   0.00017249  26199.762    51.711201   0.238977   1.416988    -182.873 0   0.450926   0.357908   0.134082   0.092728   0.067398   -18.2936   -20.1294   -20.8540   -21.2385   -21.6037     1.8358     2.5605     0.3844
221.912066  33.019027  20.5789  18.7244  17.7062  17.2015  16.6831    0.08630000   0.00014994  25886.329    44.950881   0.239584   1.420584    -496.306 1   0.658461   0.527828   0.190726   0.117155   0.088704   -17.9570   -19.6809   -20.3620   -20.7931   -21.2830     1.7239     2.4050     0.4311
221.842643  32.983636  20.0269  18.4705  17.5649  17.1663  16.7876    0.08660000   0.00012912  25947.187    38.709202   0.253712   1.504356    -435.449 0   0.421982   0.354243   0.144111   0.085425   0.055573   -18.2589   -19.7476   -20.4430   -20.7829   -21.1318     1.4887     2.1841     0.3399
222.107612  33.190533  18.8488  17.7613  17.3831  17.0724  16.9679    0.08560000   0.00009041  25675.036    27.104236   0.276342   1.638534    -707.600 1   0.171225   0.066619   0.088309  -0.064534  -0.066338   -19.1794   -20.1623   -20.5622   -20.7201   -20.8228     0.9829     1.3828     0.1579
221.919557  32.978840  20.3937  18.4318  17.5456  17.1719  16.8255    0.08730000   0.00014232  26184.263    42.666463   0.278479   1.651207    -198.373 0   0.265050   0.204212   0.073682   0.045727   0.051297   -17.7739   -19.6749   -20.4306   -20.7764   -21.1283     1.9011     2.6567     0.3457
222.115678  33.190587  19.6027  17.7614  16.8439  16.4061  16.0802    0.08680000   0.00015406  26033.797    46.186026   0.283005   1.678047    -348.839 0   0.429972   0.349996   0.136597   0.088468   0.061769   -18.7173   -20.4786   -21.1827   -21.5724   -21.8716     1.7613     2.4654     0.3897
221.738429  32.950809  19.8799  17.8706  16.9043  16.4589  16.1296    0.09540000   0.00014867  28615.160    44.570145   0.283487   1.680905    2232.524 1   0.479929   0.382885   0.143753   0.098589   0.069610   -18.6958   -20.6081   -21.3352   -21.7355   -22.0358     1.9123     2.6394     0.4002
221.500584  33.391349  18.7887  17.6803  17.0958  16.7288  16.4758    0.08560000   0.00009695  25674.676    29.064879   0.283529   1.681153    -707.960 1   0.199827   0.194678   0.115916   0.001046  -0.093973   -19.2681   -20.3714   -20.8771   -21.1292   -21.2872     1.1033     1.6090     0.2521
221.846241  32.930851  20.0453  18.2151  17.3211  16.9102  16.6537    0.08810000   0.00016456  26412.195    49.333847   0.306106   1.815020      29.560 0   0.314031   0.242661   0.091471   0.057434   0.055335   -18.1911   -19.9500   -20.6928   -21.0696   -21.3240     1.7588     2.5016     0.3769
222.019744  33.471266  18.2809  17.3272  16.9803  16.6914  16.5891    0.08600000   0.00009253  25767.701    27.739796   0.311619   1.847707    -614.934 1   0.165431   0.064991   0.092092  -0.086890  -0.045725   -19.7517   -20.6050   -20.9790   -21.0889   -21.2323     0.8533     1.2273     0.1099
221.915464  32.939408  20.3233  18.4211  17.5630  17.2150  16.9230    0.08630000   0.00014386  25879.824    43.128143   0.313517   1.858960    -502.812 1   0.165555   0.134136   0.050675   0.029961   0.035720   -17.7197   -19.5905   -20.3651   -20.6924   -20.9902     1.8708     2.6454     0.3273
222.063177  33.023342  19.9171  18.0249  17.1383  16.7221  16.3492    0.08900000   0.00016740  26670.526    50.185257   0.315077   1.868210     287.891 0   0.313698   0.240738   0.086828   0.057389   0.057568   -18.3174   -20.1366   -20.8693   -21.2561   -21.6292     1.8192     2.5519     0.3868
222.152765  33.161924  18.3475  16.8648  16.1069  15.6511  15.3442    0.08750000   0.00016057  26217.810    48.137675   0.318782   1.890181    -164.826 0   0.348062   0.309233   0.141141   0.062151   0.022376   -19.8843   -21.3282   -21.9180   -22.2948   -22.5619     1.4439     2.0337     0.3768
221.470296  33.484580  20.1900  18.3175  17.3914  16.9768  16.6352    0.08690000   0.00015938  26062.128    47.780922   0.362367   2.148613    -320.508 0   0.395280   0.311423   0.116821   0.079429   0.062780   -18.0978   -19.8864   -20.6179   -20.9951   -21.3201     1.7886     2.5201     0.3772
222.042985  32.923646  19.1441  17.3260  16.3807  15.9708  15.5998    0.08830000   0.00017657  26458.783    52.934354   0.378338   2.243309      76.147 0   0.435967   0.352584   0.136054   0.089829   0.063438   -19.2192   -20.9539   -21.6827   -22.0464   -22.3910     1.7347     2.4635     0.3637
221.369109  33.401231  19.0609  17.3852  16.5953  16.1640  15.8798    0.08760000   0.00011519  26273.151    34.533093   0.383819   2.275808    -109.484 0   0.276332   0.211661   0.090690   0.045155   0.042656   -19.1043   -20.7153   -21.3842   -21.7700   -22.0517     1.6110     2.2800     0.3858
222.266927  33.209074  19.2874  18.1546  17.6893  17.3487  17.2288    0.08690000   0.00007524  26061.048    22.556385   0.407114   2.413935    -321.587 0   0.176664   0.102926   0.091393  -0.030037  -0.098530   -18.7818   -19.8408   -20.2946   -20.5138   -20.5652     1.0591     1.5128     0.2192
222.071706  33.578368  20.2845  18.3905  17.4316  17.0256  16.6383    0.09470000   0.00015655  28396.701    46.932509   0.423163   2.509092    2014.066 1   0.441468   0.347317   0.128650   0.090408   0.067518   -18.2156   -20.0155   -20.7557   -21.1234   -21.4879     1.7998     2.5401     0.3678
222.330396  33.294081  18.7664  17.6150  17.0325  16.6830  16.4685    0.08840000   0.00010070  26512.416    30.189101   0.463721   2.749580     129.780 0   0.193668   0.184325   0.113319  -0.003836  -0.098196   -19.3359   -20.4780   -20.9895   -21.2218   -21.3420     1.1421     1.6536     0.2323
221.299134  33.476327  19.8051  18.0920  17.2887  16.8599  16.5437    0.08730000   0.00015090  26162.468    45.238682   0.471299   2.794509    -220.168 0   0.212985   0.164300   0.063190   0.034824   0.042034   -18.3104   -19.9748   -20.6770   -21.0775   -21.4009     1.6644     2.3666     0.4004
222.323799  33.049540  20.2690  18.4615  17.5319  17.1350  16.7919    0.08630000   0.00015529  25878.265    46.554771   0.489345   2.901514    -504.371 1   0.402209   0.320757   0.122761   0.081630   0.061612   -18.0106   -19.7367   -20.4683   -20.8241   -21.1471     1.7260     2.4577     0.3558
221.264279  33.473156  18.6423  17.4118  16.8506  16.4852  16.2899    0.08850000   0.00009513  26546.472    28.519257   0.494909   2.934502     163.837 0   0.196046   0.139397   0.095940   0.000217  -0.080980   -19.4623   -20.6361   -21.1539   -21.4235   -21.5376     1.1739     1.6916     0.2697
222.143238  33.631400  19.3296  17.6689  16.8348  16.3741  16.0664    0.08850000   0.00012127  26535.740    36.355831   0.501288   2.972330     153.104 0   0.390651   0.337736   0.144894   0.075699   0.042882   -18.9696   -20.5773   -21.2186   -21.6101   -21.8850     1.6078     2.2490     0.3915
221.825203  32.730864  18.5576  17.1192  16.3868  15.9688  15.7084    0.09020000   0.00078133  27034.504   234.236841   0.502551   2.979815     651.869 1   0.303740   0.265764   0.129503   0.047557   0.003059   -19.6987   -21.0991   -21.6953   -22.0313   -22.2472     1.4004     1.9966     0.3361
221.776235  32.722020  19.6264  18.1235  17.6489  17.3738  17.1916    0.09030000   0.00018944  27068.501    56.792683   0.510048   3.024267     685.865 1   0.128500   0.043359   0.057912   0.002693  -0.062865   -18.4571   -19.8748   -20.3640   -20.5839   -20.7005     1.4178     1.9069     0.2199
221.795633  32.720726  18.0400  16.7855  16.2013  15.8719  15.6878    0.09020000   0.00019259  27054.950    57.737029   0.511473   3.032718     672.315 1   0.166661   0.085667   0.069088   0.007318  -0.042372   -20.0792   -21.2527   -21.8204   -22.0880   -22.2224     1.1735     1.7411     0.2676
222.345320  33.031286  18.4914  17.4127  16.8286  16.4118  16.1481    0.08650000   0.00007808  25934.596    23.407795   0.512959   3.041527    -448.040 1   0.202479   0.255426   0.133903   0.008677  -0.088705   -19.5909   -20.7225   -21.1851   -21.4767   -21.6430     1.1316     1.5942     0.2916
222.363837  33.403883  19.5459  17.7408  16.8059  16.2897  15.8913    0.09360000   0.00019317  28062.073    57.910909   0.516921   3.065022    1679.437 1   0.563110   0.474749   0.179825   0.107192   0.076000   -19.0715   -20.7883   -21.4282   -21.8718   -22.2390     1.7167     2.3567     0.4436
222.161269  33.643392  19.2443  17.9934  17.4881  17.1243  17.0141    0.08850000   0.00008523  26524.288    25.551311   0.519980   3.083162     141.652 0   0.180716   0.105287   0.087486  -0.016103  -0.093930   -18.8449   -20.0204   -20.5079   -20.7681   -20.8005     1.1755     1.6630     0.2602
222.385304  33.398214  17.6607  16.4240  15.7980  15.4250  15.1865    0.08570000   0.00017525  25686.248    52.538628   0.532092   3.154978    -696.388 1   0.226781   0.202356   0.115546   0.017136  -0.064422   -20.4071   -21.6194   -22.1586   -22.4332   -22.5901     1.2123     1.7515     0.2746
222.422715  33.244768  18.7243  16.7175  15.7605  15.3759  15.0506    0.08760000   0.00019096  26266.106    57.248368   0.536926   3.183638    -116.529 0   0.382830   0.297166   0.108499   0.075408   0.063780   -19.5474   -21.4685   -22.2368   -22.5883   -22.9020     1.9211     2.6895     0.3515
221.167039  33.442750  19.7794  17.9355  17.0336  16.6247  16.2879    0.08680000   0.00015041  26031.009    45.091784   0.555087   3.291323    -351.627 0   0.342926   0.266979   0.100341   0.065327   0.058328   -18.4535   -20.2215   -20.9568   -21.3306   -21.6604     1.7680     2.5032     0.3739
221.968609  32.686593  19.8039  18.1097  17.4571  17.1793  16.9491    0.09840000   0.00015849  29504.584    47.514107   0.567586   3.365435    3121.949 1   0.046642   0.023413   0.011517   0.006623   0.003967   -18.3849   -20.0558   -20.6965   -20.9694   -21.1970     1.6710     2.3117     0.2729
222.370873  33.524755  19.2107  17.8749  17.1881  16.8714  16.6368    0.08590000   0.00016056  25754.541    48.134677   0.573699   3.401677    -628.095 1   0.078296   0.042821   0.023332   0.011553   0.008831   -18.7349   -20.0352   -20.7025   -21.0075   -21.2393     1.3003     1.9676     0.3049
222.475439  33.198305  18.8222  17.6978  17.0993  16.6778  16.4945    0.08560000   0.00003335  25648.384     9.998078   0.581856   3.450045    -734.252 1   0.202190   0.253573   0.133363   0.008243  -0.089026   -19.2370   -20.4128   -20.8911   -21.1874   -21.2735     1.1758     1.6541     0.2964
222.231919  33.684374  19.4961  18.0948  17.3437  16.8883  16.5690    0.08190000   0.00009080  24545.358    27.221155   0.588950   3.492108   -1837.278 1   0.343860   0.305059   0.140001   0.060737   0.020824   -18.6112   -19.9737   -20.5597   -20.9358   -21.2152     1.3625     1.9485     0.3761
222.382582  33.547598  20.0382  18.3668  17.6613  17.3175  17.0625    0.08860000   0.00014908  26549.470    44.693060   0.593957   3.521799     166.835 0   0.047248   0.031519   0.013166   0.008846   0.008976   -17.9438   -19.5994   -20.2866   -20.6261   -20.8812     1.6557     2.3428     0.3395
221.210633  33.588890  20.1607  18.2310  17.2894  16.8632  16.5203    0.08710000   0.00017999  26114.621    53.959645   0.595768   3.532533    -268.014 0   0.429221   0.335813   0.123483   0.087246   0.067092   -18.1449   -19.9812   -20.7105   -21.1004   -21.4232     1.8363     2.5656     0.3900
222.493037  33.305871  19.3700  17.9109  17.1635  16.8137  16.5550    0.08810000   0.00014612  26406.469    43.805674   0.600154   3.558539      23.834 0   0.123238   0.084154   0.041649   0.020047   0.022206   -18.6756   -20.0957   -20.8005   -21.1287   -21.3896     1.4200     2.1249     0.3282
