173.094779  55.971812  18.6454  16.8348  15.9942  15.5733  15.2446    0.05000000   0.00016887  15001.585    50.625952   0.010187   0.039419   -1404.258 0   0.210960   0.166523   0.060771   0.035811   0.043331   -18.2533   -20.0194   -20.7543   -21.1502   -21.4864     1.7662     2.5010     0.3959
173.096670  55.967439  17.4527  15.4550  14.6059  14.1761  13.8814    0.05150000   0.00018572  15451.873    55.677455   0.014196   0.054929    -953.970 0   0.242369   0.188232   0.068051   0.041131   0.048087   -19.5161   -21.4597   -22.1886   -22.5915   -22.8931     1.9436     2.6725     0.4029
173.075062  55.961033  20.4413  18.5039  17.7812  17.3758  17.1027    0.05330000   0.00013866  15982.206    41.569222   0.018248   0.070610    -423.637 0   0.005874   0.005929   0.002052   0.001796   0.001484   -16.3703   -18.3077   -19.0265   -19.4317   -19.7045     1.9375     2.6563     0.4051
173.052255  55.994547  19.0191  17.1172  16.2550  15.8482  15.5503    0.05900000   0.00016564  17685.597    49.657623   0.022721   0.087915    1279.754 0   0.245457   0.190442   0.068758   0.041766   0.048564   -18.2497   -20.0966   -20.8371   -21.2169   -21.5216     1.8469     2.5874     0.3798
173.118503  55.996762  18.4959  16.6731  15.7856  15.3608  15.0542    0.05530000   0.00016512  16580.022    49.501731   0.027259   0.105476     174.179 0   0.345456   0.270463   0.103262   0.066207   0.057425   -18.7356   -20.4834   -21.2037   -21.5914   -21.8892     1.7478     2.4681     0.3877
173.043115  55.959478  19.3782  17.7195  16.9732  16.6202  16.4126    0.05110000   0.00015015  15317.236    45.013838   0.029039   0.112364   -1088.606 0   0.119396   0.080211   0.040278   0.019285   0.021034   -17.4763   -19.0959   -19.8022   -20.1342   -20.3436     1.6195     2.3259     0.3320
173.061862  55.948361  18.8967  17.7368  17.2969  17.0100  16.8487    0.05560000   0.00008005  16673.917    23.998386   0.032494   0.125732     268.074 0   0.150756   0.048490   0.070405  -0.013841  -0.072218   -18.1478   -19.2054   -19.6672   -19.8699   -19.9728     1.0576     1.5194     0.2027
173.040070  56.005035  19.8329  18.1815  17.3346  16.9254  16.6033    0.05910000   0.00015868  17732.364    47.571067   0.035008   0.135458    1326.522 0   0.351963   0.288136   0.122274   0.067787   0.046031   -17.5713   -19.1588   -19.8399   -20.1946   -20.4949     1.5876     2.2686     0.3547
173.142035  55.994934  19.6751  17.9897  17.1479  16.7483  16.4338    0.05210000   0.00016749  15631.209    50.212239   0.037372   0.144607    -774.634 0   0.330464   0.264956   0.111755   0.062048   0.046426   -17.4114   -19.0313   -19.7199   -20.0698   -20.3687     1.6199     2.3085     0.3499
173.111078  56.016895  20.0445  18.3473  17.5403  17.1375  16.8542    0.04850000   0.00016326  14536.846    48.944117   0.041398   0.160184   -1868.996 0   0.252768   0.189768   0.081310   0.039270   0.041259   -16.8082   -18.4424   -19.1410   -19.5017   -19.7870     1.6342     2.3327     0.3608
173.010958  56.022240  19.9812  18.2758  17.4551  17.0717  16.7975    0.06040000   0.00015935  18093.704    47.771928   0.058694   0.227110    1687.862 0   0.253821   0.190704   0.081663   0.039514   0.041377   -17.3723   -19.0145   -19.7262   -20.0675   -20.3435     1.6423     2.3539     0.3413
173.013482  55.934299  19.0963  17.1701  16.2879  15.9603  15.6623    0.05640000   0.00015756  16906.466    47.235300   0.058703   0.227146     500.623 0   0.252701   0.191694   0.076669   0.041114   0.045439   -18.1027   -19.9679   -20.7350   -21.0271   -21.3294     1.8652     2.6324     0.2920
172.995100  55.944991  19.2131  17.4457  16.6090  16.1842  15.9052    0.05140000   0.00016725  15421.984    50.140289   0.059139   0.228833    -983.859 0   0.271995   0.208053   0.080278   0.046301   0.049436   -17.7855   -19.4889   -20.1978   -20.5887   -20.8708     1.7035     2.4124     0.3908
173.014994  56.026147  19.5236  17.6243  16.7856  16.3135  15.9697    0.05750000   0.00015281  17235.878    45.811286   0.060209   0.232974     830.035 0   0.285662   0.219310   0.079024   0.050472   0.054103   -17.7544   -19.5874   -20.2858   -20.7293   -21.0768     1.8329     2.5314     0.4435
173.043963  56.035951  19.5438  17.8362  17.0354  16.6679  16.3656    0.05910000   0.00015591  17728.947    46.740642   0.060833   0.235385    1323.104 0   0.110675   0.091029   0.036499   0.022603   0.025055   -17.6191   -19.3070   -20.0533   -20.4069   -20.7117     1.6880     2.4342     0.3536
173.199278  55.984036  19.0418  17.1236  16.2985  15.8874  15.5917    0.05420000   0.00016200  16261.582    48.566378   0.065985   0.255321    -144.260 0   0.193306   0.154389   0.056801   0.033501   0.040537   -18.0109   -19.8901   -20.6177   -21.0055   -21.3082     1.8793     2.6068     0.3878
173.049500  56.047830  17.6704  15.6843  14.7960  14.3495  14.0547    0.05860000   0.00022125  17559.054    66.329081   0.071245   0.275677    1153.212 0   0.331820   0.254924   0.091797   0.062010   0.059707   -19.6699   -21.5791   -22.3043   -22.7210   -23.0135     1.9092     2.6344     0.4167
173.209401  55.999225  18.4290  16.7184  15.9161  15.4354  15.0948    0.05550000   0.00019528  16653.231    58.543471   0.074283   0.287431     247.389 0   0.374971   0.317143   0.136255   0.072727   0.043447   -18.8398   -20.4926   -21.1140   -21.5312   -21.8425     1.6528     2.2742     0.4172
173.063901  55.905107  19.2438  17.4795  16.6504  16.2503  15.9617    0.05530000   0.00014329  16587.607    42.957261   0.074462   0.288124     181.764 0   0.244179   0.184730   0.074101   0.039147   0.044339   -17.8864   -19.5912   -20.3097   -20.6748   -20.9686     1.7049     2.4233     0.3651
172.956984  56.015807  19.2366  17.4195  16.6244  16.2238  15.9139    0.05040000   0.00016037  15100.426    48.077716   0.078937   0.305440   -1305.416 0   0.109075   0.094789   0.035965   0.023590   0.025886   -17.5776   -19.3804   -20.1166   -20.5049   -20.8171     1.8028     2.5391     0.3882
173.121913  55.895823  19.9196  18.3575  17.6572  17.2726  17.0370    0.05930000   0.00015452  17772.476    46.323931   0.086069   0.333036    1366.634 0   0.200038   0.132235   0.072344   0.021604   0.018127   -17.3149   -18.8092   -19.4496   -19.7834   -20.0156     1.4943     2.1347     0.3339
172.927977  55.927663  19.2478  17.8364  17.1694  16.7702  16.5127    0.05050000   0.00009940  15131.784    29.799370   0.100112   0.387374   -1274.058 0   0.230212   0.168227   0.095368   0.022050  -0.008665   -17.6705   -19.0199   -19.6140   -19.9399   -20.1667     1.3494     1.9436     0.3259
173.016096  56.075209  18.0239  16.1587  15.3230  14.8933  14.5538    0.05630000   0.00018019  16867.673    54.019603   0.103067   0.398806     461.830 0   0.241131   0.187122   0.067993   0.040792   0.047751   -19.1636   -20.9748   -21.6914   -22.0939   -22.4404     1.8112     2.5278     0.4025
173.246697  55.927974  19.4405  18.2126  17.6728  17.3329  17.1085    0.05260000   0.00008199  15781.735    24.579984   0.105430   0.407952    -624.108 0   0.189567   0.129641   0.094223  -0.006320  -0.090226   -17.5259   -18.6939   -19.1983   -19.4377   -19.5781     1.1680     1.6724     0.2394
173.243623  55.918300  19.6105  18.9767  18.8488  18.7108  18.7986    0.05030000   0.00007994  15076.203    23.965409   0.108995   0.421745   -1329.640 0   0.003168   0.000277   0.000702  -0.000300  -0.000121   -17.0889   -17.7198   -17.8482   -17.9852   -17.8975     0.6309     0.7592     0.1370
172.945627  55.900472  19.0876  17.3049  16.4774  16.0744  15.7739    0.05740000   0.00018058  17209.496    54.136522   0.109303   0.422935     803.654 0   0.222905   0.169722   0.066840   0.035669   0.042526   -18.1239   -19.8534   -20.5780   -20.9498   -21.2572     1.7295     2.4541     0.3718
173.228999  55.905498  19.5939  17.7643  17.0198  16.6237  16.3668    0.04790000   0.00015425  14372.560    46.242987   0.110362   0.427035   -2033.282 1   0.156156   0.112934   0.051654   0.024765   0.029326   -17.1304   -18.9168   -19.6000   -19.9692   -20.2307     1.7864     2.4696     0.3692
172.997352  56.084477  19.8032  18.3296  17.5773  17.1876  16.9199    0.06140000   0.00013631  18418.949    40.864710   0.115644   0.447474    2013.106 1   0.291395   0.237974   0.116246   0.045920   0.015919   -17.6023   -19.0225   -19.6531   -19.9725   -20.2102     1.4202     2.0508     0.3194
172.915347  56.048501  19.2018  17.4295  16.6017  16.1968  15.8757    0.05040000   0.00017204  15106.452    51.576294   0.116220   0.449700   -1299.390 0   0.184719   0.148269   0.054904   0.032349   0.039101   -17.6880   -19.4238   -20.1583   -20.5406   -20.8685     1.7358     2.4703     0.3823
173.237482  56.060489  18.3884  17.2359  16.8051  16.4663  16.2713    0.05810000   0.00009553  17425.287    28.639174   0.119388   0.461959    1019.444 0   0.174460   0.098316   0.091798  -0.037042  -0.095425   -18.7759   -19.8522   -20.2765   -20.4864   -20.6231     1.0764     1.5006     0.2100
172.923934  56.062222  18.7687  17.6784  17.3070  17.0273  16.8528    0.05630000   0.00007984  16887.819    23.935430   0.121384   0.469684     481.976 0   0.151928   0.036287   0.074805  -0.031188  -0.051383   -18.3296   -19.3043   -19.7142   -19.8879   -20.0422     0.9747     1.3846     0.1737
173.306383  55.978889  20.0289  18.3031  17.5528  17.1694  16.9337    0.05200000   0.00015135  15591.726    45.373589   0.125710   0.486420    -814.116 0   0.201287   0.142064   0.067010   0.027239   0.031761   -16.9199   -18.5865   -19.2617   -19.6054   -19.8456     1.6666     2.3418     0.3436
173.317131  56.005446  19.6861  17.8712  17.1172  16.7133  16.4404    0.05340000   0.00016211  15999.384    48.599355   0.134372   0.519938    -406.459 0   0.168013   0.124190   0.054357   0.026731   0.032162   -17.3130   -19.0841   -19.7683   -20.1445   -20.4229     1.7711     2.4552     0.3763
172.885272  56.067179  17.4172  16.2885  15.8378  15.5128  15.3284    0.06730000   0.00017353  20161.343    52.022985   0.140966   0.545453    3755.500 1   0.174764   0.095126   0.090527  -0.037238  -0.095018   -20.0717   -21.1208   -21.5669   -21.7641   -21.8908     1.0491     1.4952     0.1972
173.250589  55.871308  18.7494  17.0497  16.2052  15.8010  15.4910    0.05360000   0.00016632  16059.132    49.861482   0.143195   0.554079    -346.710 0   0.314568   0.248425   0.104118   0.057221   0.046666   -18.4044   -20.0380   -20.7382   -21.0955   -21.3949     1.6336     2.3337     0.3573
173.173614  56.113148  19.2788  17.4688  16.6532  16.2638  15.9511    0.05870000   0.00016446  17585.046    49.303868   0.143761   0.556267    1179.204 0   0.143705   0.120653   0.045024   0.028017   0.032495   -17.8810   -19.6679   -20.4079   -20.7803   -21.0975     1.7869     2.5269     0.3724
173.311404  55.897908  19.4540  17.7397  16.9131  16.4793  16.1861    0.05170000   0.00014235  15501.668    42.675456   0.151911   0.587803    -904.174 0   0.306201   0.237822   0.094589   0.054888   0.051051   -17.5915   -19.2374   -19.9207   -20.3148   -20.6042     1.6459     2.3293     0.3941
172.865362  56.076907  20.5304  17.6981  17.0735  16.6640  16.3783    0.05060000   0.00018632  15174.985    55.857331   0.155744   0.602636   -1230.858 0   0.005559   0.004051   0.001492   0.001185   0.001150   -16.1631   -18.9939   -19.6159   -20.0251   -20.3108     2.8308     3.4528     0.4092
173.372557  55.992287  18.7388  17.5096  17.1784  16.8693  16.7035    0.05050000   0.00008123  15131.784    24.352141   0.163283   0.631808   -1274.058 0   0.159734   0.040379   0.077742  -0.039532  -0.053672   -18.1090   -19.2188   -19.5874   -19.7792   -19.9309     1.1098     1.4784     0.1918
172.947976  55.828790  20.1922  18.3935  17.4322  16.9625  16.6003    0.05720000   0.00018078  17160.600    54.196481   0.167723   0.648985     754.757 0   0.518166   0.432398   0.166474   0.102851   0.070283   -17.3069   -19.0199   -19.7152   -20.1213   -20.4510     1.7129     2.4083     0.4061
173.104505  56.153726  19.4081  17.4732  16.6322  16.2105  15.8479    0.05710000   0.00016758  17115.991    50.239220   0.175291   0.678270     710.148 0   0.248767   0.192783   0.069541   0.042434   0.049057   -17.8139   -19.6928   -20.4105   -20.8051   -21.1743     1.8789     2.5967     0.3946
172.915816  56.129868  18.8691  17.7362  17.3111  17.0351  16.8560    0.05610000   0.00008612  16828.010    25.818126   0.177216   0.685717     422.168 0   0.139643   0.040355   0.066417  -0.010292  -0.064163   -18.1838   -19.2174   -19.6686   -19.8679   -19.9931     1.0336     1.4848     0.1993
172.900357  56.126905  17.7937  16.4956  15.9629  15.6207  15.3933    0.06340000   0.00015639  19020.512    46.884543   0.179443   0.694337    2614.670 1   0.183987   0.109184   0.085213  -0.006151  -0.080765   -19.5956   -20.8189   -21.3276   -21.5785   -21.7312     1.2233     1.7320     0.2508
173.401050  56.008586  19.0538  17.5695  16.7910  16.2870  15.8859    0.06090000   0.00009795  18243.630    29.364671   0.181125   0.700844    1837.788 0   0.405116   0.357723   0.152607   0.079121   0.043097   -18.4689   -19.9058   -20.4792   -20.9097   -21.2748     1.4369     2.0103     0.4305
173.260514  55.826118  19.6325  17.8845  17.0387  16.6865  16.3703    0.05180000   0.00015126  15538.753    45.346607   0.182624   0.706643    -867.090 0   0.147348   0.119535   0.046555   0.027471   0.032152   -17.2540   -18.9741   -19.7470   -20.0801   -20.4010     1.7202     2.4930     0.3331
173.413130  55.943335  19.0867  17.1754  16.4191  16.0245  15.7231    0.05290000   0.00015891  15871.462    47.640020   0.188815   0.730598    -534.380 0   0.028236   0.028514   0.009965   0.008493   0.007234   -17.7521   -19.6637   -20.4015   -20.7946   -21.0947     1.9116     2.6493     0.3931
172.835786  55.845191  17.8447  15.9092  15.0588  14.6756  14.3919    0.05620000   0.00018562  16843.539    55.647476   0.191856   0.742365     437.697 0   0.207551   0.161377   0.061341   0.034323   0.041653   -19.2841   -21.1734   -21.9237   -22.2799   -22.5710     1.8893     2.6397     0.3562
172.829487  55.829141  19.7024  18.0366  17.1953  16.8622  16.5836    0.05570000   0.00015978  16704.736    47.900839   0.205768   0.796198     298.893 0   0.234633   0.173229   0.075809   0.034748   0.038517   -17.4339   -19.0383   -19.7822   -20.0743   -20.3566     1.6044     2.3483     0.2920
173.430756  56.064039  19.1696  17.5044  16.8359  16.5047  16.2209    0.04960000   0.00014680  14859.123    44.009533   0.213047   0.824363   -1546.719 0   0.007760   0.004950   0.001886   0.001418   0.001424   -17.5038   -19.1662   -19.8316   -20.1624   -20.4462     1.6624     2.3278     0.3307
172.825473  56.136815  17.3082  16.0062  15.3080  14.8941  14.6057    0.05090000   0.00007546  15271.877    22.622339   0.213281   0.825270   -1133.965 0   0.291265   0.269433   0.133307   0.043102  -0.015053   -19.7097   -20.9898   -21.5519   -21.8756   -22.1058     1.2802     1.8422     0.3237
172.790913  55.840165  18.4509  16.7510  15.9573  15.5895  15.3070    0.05130000   0.00017140  15393.893    51.384427   0.213815   0.827336   -1011.949 0   0.169139   0.125183   0.054618   0.026897   0.032398   -18.4362   -20.0921   -20.8152   -21.1553   -21.4433     1.6559     2.3791     0.3401
172.748866  55.870971  18.2212  17.0485  16.6155  16.3236  16.2003    0.05610000   0.00009041  16824.533    27.104236   0.215236   0.832833     418.690 0   0.148634   0.046361   0.069835  -0.013698  -0.070212   -18.8407   -19.9112   -20.3676   -20.5760   -20.6428     1.0704     1.5269     0.2084
173.268469  56.174665  19.3631  17.8850  17.2123  16.8064  16.5322    0.04970000   0.00121864  14899.325   365.339081   0.221909   0.858653   -1506.517 0   0.237770   0.174731   0.094541   0.026284   0.005199   -17.5493   -18.9643   -19.5568   -19.8945   -20.1476     1.4151     2.0076     0.3376
172.688050  55.947872  18.5703  17.4380  17.0296  16.7203  16.5721    0.05090000   0.00008531  15245.796    25.575295   0.222421   0.860636   -1160.047 0   0.170658   0.063285   0.082805  -0.043324  -0.076669   -18.3270   -19.3519   -19.7798   -19.9630   -20.0778     1.0249     1.4528     0.1832
173.433046  55.866215  18.2865  16.3108  15.4384  15.0454  14.7261    0.05310000   0.00018551  15918.020    55.614499   0.226585   0.876747    -487.822 0   0.257146   0.198683   0.071530   0.044113   0.050288   -18.7895   -20.7067   -21.4520   -21.8175   -22.1430     1.9172     2.6625     0.3656
173.499631  55.999511  18.1896  16.7865  16.2147  15.8916  15.7055    0.06200000   0.00015713  18576.580    47.106389   0.234738   0.908295    2170.737 1   0.138990   0.066362   0.056236   0.012546  -0.026395   -19.1060   -20.4365   -20.9982   -21.2776   -21.4247     1.3305     1.8921     0.2794
173.360287  55.800791  19.3207  17.3936  16.5215  16.0417  15.8438    0.05330000   0.00017129  15992.009    51.351450   0.236682   0.915814    -413.834 0   0.299020   0.229477   0.082697   0.053760   0.055794   -17.7840   -19.6416   -20.3669   -20.8178   -21.0177     1.8576     2.5829     0.4509
173.126519  56.218509  19.1051  17.5178  16.7801  16.4212  16.1388    0.05020000   0.00015161  15064.211    45.451535   0.240918   0.932207   -1341.631 0   0.089545   0.063904   0.028838   0.016752   0.017942   -17.6809   -19.2425   -19.9451   -20.2920   -20.5756     1.5617     2.2643     0.3468
172.654933  55.933677  18.3651  16.4310  15.6068  15.1999  14.9372    0.05010000   0.00017579  15020.322    52.700516   0.243020   0.940341   -1385.521 0   0.201742   0.156215   0.060438   0.033186   0.040317   -18.5242   -20.4128   -21.1412   -21.5209   -21.7907     1.8886     2.6170     0.3796
173.330319  56.182437  18.2587  16.3535  15.5286  15.1092  14.7873    0.05040000   0.00017948  15099.017    53.806750   0.246529   0.953919   -1306.825 0   0.181744   0.146629   0.054091   0.032141   0.038750   -18.6281   -20.4982   -21.2306   -21.6280   -21.9565     1.8701     2.6024     0.3974
172.845256  55.768266  19.3308  18.1523  17.5730  17.2469  17.0501    0.05350000   0.00009943  16026.365    29.808364   0.248732   0.962441    -379.477 0   0.195280   0.167905   0.107842  -0.002656  -0.095878   -17.6955   -18.8466   -19.3658   -19.5814   -19.6850     1.1511     1.6704     0.2156
173.413506  55.809889  18.6991  17.4911  17.0117  16.7183  16.5919    0.06200000   0.00008036  18579.937    24.091322   0.251055   0.971430    2174.095 1   0.142570   0.052416   0.064332  -0.000004  -0.069380   -18.6001   -19.7179   -20.2093   -20.4383   -20.4954     1.1178     1.6092     0.2291
172.644264  56.040740  18.9728  17.0651  16.2498  15.8460  15.5223    0.05160000   0.00018422  15458.828    55.227767   0.252436   0.976775    -947.014 0   0.136351   0.115763   0.043153   0.027247   0.031270   -17.8986   -19.7857   -20.5284   -20.9163   -21.2440     1.8871     2.6298     0.3879
172.761416  55.796141  19.8255  18.2465  17.4294  17.0627  16.7733    0.05850000   0.00016000  17552.848    47.966793   0.255955   0.990389    1147.006 0   0.305172   0.245129   0.111944   0.052930   0.033362   -17.4883   -19.0073   -19.6912   -19.9989   -20.2687     1.5190     2.2029     0.3077
172.831197  56.196056  17.5968  16.4875  16.0167  15.7004  15.5022    0.05260000   0.00017295  15780.745    51.849106   0.258457   1.000074    -625.097 0   0.174679   0.105901   0.093925  -0.033985  -0.097641   -19.3547   -20.3953   -20.8541   -21.0425   -21.1770     1.0405     1.4993     0.1884
173.152148  56.234920  18.9183  17.2225  16.4133  16.0288  15.7249    0.05780000   0.00017249  17340.116    51.711201   0.259036   1.002313     934.273 0   0.174818   0.133454   0.054928   0.028807   0.034865   -18.2563   -19.9108   -20.6414   -20.9998   -21.3098     1.6544     2.3851     0.3584
172.930732  56.241481  18.2493  17.1022  16.6930  16.3642  16.1616    0.04830000   0.00009827  14470.232    29.460605   0.275832   1.067303   -1935.610 1   0.173870   0.102615   0.093526  -0.036968  -0.095834   -18.5155   -19.5914   -19.9915   -20.1898   -20.3335     1.0758     1.4760     0.1983
172.596253  56.084678  18.4517  17.1186  16.5760  16.2433  15.9828    0.05850000   0.00018768  17528.235    56.265049   0.291478   1.127843    1122.393 0   0.178298   0.097096   0.078679  -0.001663  -0.069787   -18.7352   -19.9871   -20.5113   -20.7637   -20.9561     1.2519     1.7761     0.2524
173.603602  55.965469  19.5237  18.1236  17.5283  17.1905  16.9432    0.05260000   0.00015463  15779.906    46.356908   0.292312   1.131070    -625.937 0   0.166516   0.089712   0.066587   0.011721  -0.021886   -17.4197   -18.7430   -19.3152   -19.5981   -19.8118     1.3233     1.8955     0.2829
172.531762  55.966660  19.0168  17.7570  17.2820  16.9499  16.7854    0.04930000   0.00007609  14791.580    22.811208   0.307933   1.191512   -1614.262 0   0.171727   0.079401   0.079567  -0.018122  -0.089345   -17.7860   -18.9535   -19.4286   -19.6630   -19.7563     1.1675     1.6426     0.2344
173.369976  56.245754  18.4101  17.3241  16.9464  16.6594  16.4934    0.04920000   0.00009605  14738.787    28.795066   0.311810   1.206514   -1667.056 0   0.162687   0.044350   0.078316  -0.040078  -0.059125   -18.3838   -19.3515   -19.7631   -19.9317   -20.0787     0.9677     1.3793     0.1686
173.550527  56.148047  18.8731  17.0852  16.3071  15.8829  15.5404    0.05830000   0.00015385  17484.646    46.123070   0.312116   1.207698    1078.803 0   0.115864   0.102075   0.037797   0.025017   0.027735   -18.2401   -20.0142   -20.7280   -21.1394   -21.4846     1.7741     2.4879     0.4114
172.944272  56.285146  18.5830  16.8329  16.0091  15.6121  15.2948    0.05740000   0.00016993  17198.014    50.943732   0.315751   1.221765     792.172 0   0.182554   0.144754   0.055053   0.031482   0.038090   -18.5881   -20.3004   -21.0345   -21.4080   -21.7319     1.7123     2.4464     0.3734
172.589377  56.141208  20.7185  18.1861  17.3682  16.9485  16.0711    0.06720000   0.00017868  20134.421    53.566916   0.319716   1.237109    3728.579 1   0.479960   0.380523   0.141864   0.098536   0.070204   -17.0690   -19.5020   -20.0812   -20.4576   -21.3067     2.4330     3.0122     0.3764
173.024408  55.650718  19.3090  18.2666  17.9418  17.6599  17.5846    0.05630000   0.00007650  16874.448    22.934123   0.329743   1.275907     468.606 0   0.169249   0.037805   0.084857  -0.072828  -0.031815   -17.8066   -18.7176   -19.0895   -19.2137   -19.3300     0.9110     1.2828     0.1242
173.316508  56.283513  19.5212  17.6289  16.8156  16.4206  16.1129    0.05210000   0.00015471  15610.703    46.380891   0.331736   1.283616    -795.140 0   0.150864   0.123664   0.047133   0.028292   0.033192   -17.3857   -19.2508   -19.9876   -20.3637   -20.6763     1.8651     2.6019     0.3762
172.480701  56.016089  19.3040  18.0604  17.5265  17.2139  16.9943    0.06760000   0.00007725  20261.173    23.158967   0.338308   1.309046    3855.331 1   0.151430   0.065660   0.065624   0.003850  -0.062450   -18.1892   -19.3470   -19.8809   -20.1317   -20.2850     1.1578     1.6917     0.2508
173.672965  55.900766  20.2573  17.6762  16.7338  16.2424  15.8583    0.06130000   0.00017072  18383.963    51.180568   0.339913   1.315259    1978.121 1   0.546567   0.435531   0.161861   0.108544   0.076139   -17.4211   -19.8912   -20.5599   -20.9980   -21.3497     2.4701     3.1388     0.4381
173.679025  56.068627  19.7066  17.9667  17.2070  16.8587  16.5704    0.05230000   0.00014669  15675.278    43.976556   0.346038   1.338957    -730.564 0   0.061777   0.050070   0.019795   0.013952   0.013980   -17.1366   -18.8648   -19.5942   -19.9367   -20.2250     1.7282     2.4576     0.3425
173.695881  55.932474  19.7400  17.8256  17.0253  16.6001  16.3123    0.06080000   0.00016687  18219.227    50.026367   0.346755   1.341732    1813.385 0   0.188649   0.148632   0.056634   0.032091   0.038923   -17.5414   -19.4158   -20.1241   -20.5247   -20.8194     1.8744     2.5827     0.4007
173.522753  56.222997  20.3081  17.7938  16.6252  16.2080  15.6452    0.06060000   0.00015480  18177.616    46.407872   0.347100   1.343066    1771.773 0   0.798798   0.636327   0.218948   0.130156   0.105872   -17.5975   -19.9494   -20.7006   -21.0290   -21.5675     2.3518     3.1030     0.3284
173.713075  55.906351  18.0253  16.1393  15.2749  14.8747  14.5510    0.06110000   0.00017801  18310.484    53.366055   0.360626   1.395404    1904.641 1   0.244362   0.189489   0.068694   0.041474   0.048278   -19.3438   -21.1749   -21.9185   -22.2915   -22.6220     1.8311     2.5747     0.3730
172.428170  55.986858  17.7901  16.3663  15.6650  15.3022  15.0413    0.04870000   0.00107909  14603.041   323.503044   0.365735   1.415174   -1802.802 0   0.245681   0.187890   0.101991   0.029154  -0.003836   -19.0645   -20.4305   -21.0459   -21.3359   -21.5638     1.3660     1.9814     0.2900
173.340089  56.317583  19.5132  17.9582  17.2050  16.8108  16.5226    0.04910000   0.00016324  14719.210    48.938121   0.368248   1.424896   -1686.632 0   0.248787   0.184447   0.089304   0.033846   0.028119   -17.3791   -18.8698   -19.5278   -19.8666   -20.1491     1.4907     2.1487     0.3387
173.615449  56.198497  17.9967  16.1648  15.3741  14.9743  14.6619    0.05190000   0.00017961  15559.438    53.845723   0.370680   1.434308    -846.404 0   0.092915   0.085389   0.031388   0.022010   0.023226   -18.8439   -20.6682   -21.4049   -21.7954   -22.1090     1.8244     2.5611     0.3904
173.729101  55.895181  18.6360  16.6711  15.7651  15.3736  15.0549    0.06140000   0.00016466  18397.004    49.363826   0.371768   1.438518    1991.162 1   0.315555   0.242222   0.087401   0.057868   0.057761   -18.7937   -20.6853   -21.4364   -21.7984   -22.1170     1.8916     2.6427     0.3620
172.940139  55.590313  19.7930  18.2869  17.7371  17.3825  17.1381    0.06500000   0.00018327  19474.338    54.942964   0.396576   1.534510    3068.496 1   0.184784   0.108243   0.075561   0.009682  -0.028957   -17.6514   -19.0810   -19.5981   -19.8868   -20.0926     1.4296     1.9467     0.2887
173.771942  55.883650  18.1077  16.7103  16.0883  15.7684  15.5409    0.05210000   0.00013836  15625.183    41.479284   0.397762   1.539097    -780.660 0   0.086117   0.041554   0.026989   0.011647   0.000209   -18.7345   -20.0873   -20.6947   -20.9993   -21.2154     1.3528     1.9603     0.3046
172.725797  55.625897  18.6624  16.9317  16.1267  15.7150  15.4046    0.05350000   0.00015462  16030.772    46.353910   0.405294   1.568240    -375.070 0   0.178030   0.140001   0.054461   0.030493   0.036843   -18.3466   -20.0393   -20.7587   -21.1465   -21.4632     1.6927     2.4121     0.3877
172.733903  55.620971  19.1965  17.5044  16.7458  16.3761  16.0675    0.05340000   0.00017468  16015.453    52.367747   0.407405   1.576411    -390.390 0   0.090445   0.072111   0.029786   0.018837   0.020164   -17.7251   -19.3988   -20.1151   -20.4738   -20.7838     1.6738     2.3900     0.3588
172.763145  56.345787  19.6433  17.8839  17.0709  16.6543  16.3455    0.05990000   0.00014270  17944.078    42.780384   0.407888   1.578280    1538.235 0   0.212392   0.163527   0.063229   0.034596   0.041782   -17.6506   -19.3611   -20.0738   -20.4618   -20.7778     1.7105     2.4232     0.3880
172.578935  55.670484  20.0505  18.3836  17.6166  17.2508  16.9709    0.05160000   0.00014521  15471.030    43.532863   0.417430   1.615203    -934.813 0   0.101645   0.076289   0.033476   0.019404   0.021292   -16.7862   -18.4277   -19.1519   -19.5036   -19.7854     1.6415     2.3657     0.3517
172.923721  56.389188  19.5854  17.8811  17.1293  16.8005  16.5436    0.05010000   0.00017706  15019.572    53.081253   0.419701   1.623987   -1386.270 0   0.095540   0.066192   0.030988   0.017066   0.018339   -17.1977   -18.8727   -19.5893   -19.9041   -20.1623     1.6750     2.3915     0.3149
172.464708  56.224093  19.7581  18.0565  17.2403  16.8394  16.5364    0.05890000   0.00016894  17650.251    50.646938   0.423423   1.638389    1244.409 0   0.233672   0.176227   0.071304   0.036879   0.042733   -17.4991   -19.1432   -19.8545   -20.2210   -20.5298     1.6442     2.3554     0.3665
172.909992  56.394141  19.5372  17.6604  16.8593  16.4821  16.1731    0.06080000   0.00015720  18227.951    47.127374   0.426209   1.649172    1822.109 0   0.105519   0.092103   0.034951   0.023110   0.025180   -17.6610   -19.5244   -20.2684   -20.6337   -20.9448     1.8634     2.6073     0.3654
172.540633  55.672740  19.2103  17.4129  16.5756  16.1804  15.9115    0.06780000   0.00016544  20335.282    49.597664   0.430555   1.665986    3929.440 1   0.255574   0.193458   0.078959   0.041279   0.044654   -18.3756   -20.1109   -20.8337   -21.1912   -21.4635     1.7353     2.4581     0.3575
172.328678  56.090593  18.8443  17.2416  16.5597  16.1590  15.8804    0.05020000   0.00016795  15039.119    50.350143   0.435868   1.686546   -1366.724 0   0.203518   0.136955   0.072471   0.023144   0.021737   -18.0556   -19.5918   -20.2092   -20.5606   -20.8377     1.5361     2.1536     0.3514
173.268784  56.405253  18.6320  16.7202  15.7646  15.3080  14.9309    0.05090000   0.00017050  15245.885    51.114614   0.439014   1.698718   -1159.957 0   0.510838   0.414079   0.156915   0.103371   0.071380   -18.6054   -20.4205   -21.1189   -21.5220   -21.8671     1.8150     2.5135     0.4031
173.869889  55.934271  19.3988  17.9044  17.3204  16.9952  16.8062    0.06190000   0.00008996  18565.397    26.969330   0.443243   1.715081    2159.555 1   0.122399   0.057789   0.047014   0.013627  -0.016323   -17.8730   -19.3028   -19.8761   -20.1679   -20.3269     1.4298     2.0030     0.2918
173.204654  56.422607  16.7649  14.8088  13.9727  13.5859  13.3369    0.04950000   0.00017861  14835.919    53.545931   0.449009   1.737391   -1569.923 0   0.221236   0.167114   0.067323   0.034768   0.041450   -20.1221   -22.0241   -22.7604   -23.1147   -23.3704     1.9020     2.6383     0.3542
172.511379  56.295420  18.3875  16.6252  15.8490  15.5082  15.2406    0.05000000   0.00015315  14977.511    45.913215   0.449450   1.739100   -1428.331 0   0.078583   0.060185   0.025298   0.016172   0.016984   -18.3788   -20.1227   -20.8640   -21.1957   -21.4641     1.7439     2.4852     0.3317
173.157348  56.433069  19.1476  17.3695  16.5369  16.1835  15.9003    0.04870000   0.00015979  14597.524    47.903837   0.456137   1.764975   -1808.318 0   0.197237   0.146848   0.061918   0.030274   0.036867   -17.6586   -19.3863   -20.1339   -20.4557   -20.7455     1.7277     2.4754     0.3218
172.452762  56.270687  18.5972  16.6620  15.7668  15.3413  14.9971    0.05890000   0.00018435  17647.853    55.266740   0.457128   1.768807    1242.010 0   0.349784   0.269526   0.097501   0.066669   0.061341   -18.7761   -20.6310   -21.3542   -21.7489   -22.0877     1.8549     2.5781     0.3947
172.626601  56.361591  18.8020  16.9245  16.0305  15.6237  15.2761    0.05790000   0.00014686  17356.454    44.027520   0.459660   1.778606     950.612 0   0.312163   0.239345   0.085734   0.057008   0.057687   -18.5176   -20.3223   -21.0627   -21.4408   -21.7891     1.8047     2.5451     0.3781
173.230061  55.524018  18.2590  16.3450  15.4883  15.0696  14.7675    0.05680000   0.00018191  17029.351    54.535246   0.462394   1.789184     623.508 0   0.239340   0.186156   0.067260   0.040543   0.047681   -18.9460   -20.8068   -21.5446   -21.9366   -22.2459     1.8608     2.5986     0.3920
173.056202  56.441651  18.9205  17.0022  16.0971  15.7122  15.3930    0.04960000   0.00015932  14880.199    47.762934   0.462971   1.791417   -1525.644 0   0.306954   0.235869   0.086345   0.055649   0.056088   -18.0521   -19.8993   -20.6549   -21.0091   -21.3287     1.8472     2.6028     0.3542
172.559610  56.338322  18.5980  16.6524  15.7075  15.2634  14.8875    0.06070000   0.00018385  18209.754    55.116843   0.463154   1.792125    1803.911 0   0.485103   0.383816   0.142700   0.099462   0.070856   -18.9938   -20.8381   -21.5419   -21.9428   -22.2901     1.8443     2.5481     0.4009
173.211518  56.439837  19.8753  18.2664  17.4988  17.1814  16.9175    0.05150000   0.00015825  15445.697    47.442156   0.466624   1.805553    -960.145 1   0.085543   0.059433   0.027183   0.015729   0.016671   -16.9367   -18.5195   -19.2548   -19.5607   -19.8256     1.5828     2.3181     0.3059
172.292558  55.813660  18.6372  17.3922  16.9423  16.6458  16.5511    0.05550000   0.00021647  16652.362    64.896073   0.471431   1.824153     246.519 0   0.151697   0.050845   0.070265  -0.012237  -0.074134   -18.4084   -19.5525   -20.0218   -20.2358   -20.2686     1.1441     1.6135     0.2140
173.926595  55.987156  19.4637  17.6116  16.7381  16.2794  15.9311    0.06100000   0.00015432  18281.884    46.263972   0.472789   1.829408    1876.041 1   0.427991   0.356272   0.143088   0.087290   0.057956   -18.0818   -19.8621   -20.5225   -20.9254   -21.2443     1.7804     2.4407     0.4029
172.423656  56.277032  19.1257  17.6344  16.8426  16.4945  16.1773    0.05910000   0.00016445  17728.587    49.300870   0.473746   1.833108    1322.744 1   0.102831   0.082066   0.034015   0.020807   0.022811   -18.0293   -19.4999   -20.2436   -20.5785   -20.8977     1.4705     2.2143     0.3349
172.385308  56.250673  19.5028  17.6836  16.8536  16.4755  16.1638    0.05920000   0.00015573  17749.692    46.686679   0.475050   1.838154    1343.850 1   0.171473   0.136289   0.052612   0.030046   0.036081   -17.7033   -19.4873   -20.2336   -20.5891   -20.9069     1.7840     2.5303     0.3555
173.832201  55.753611  19.2624  18.0355  17.5043  17.1731  16.9720    0.05870000   0.00008714  17604.653    26.123915   0.476524   1.843857    1198.810 1   0.178647   0.097653   0.081624  -0.007686  -0.082401   -17.9323   -19.0782   -19.5934   -19.8353   -19.9617     1.1459     1.6611     0.2419
173.603697  55.597771  19.5839  18.2158  17.5529  17.2407  16.9609    0.06460000   0.00014005  19368.182    41.985934   0.480163   1.857938    2962.339 1   0.033418   0.018029   0.007827   0.005065   0.004348   -17.6744   -19.0271   -19.6798   -19.9893   -20.2684     1.3527     2.0054     0.3094
173.047682  55.492427  18.6323  17.0526  16.3252  15.9813  15.7043    0.05670000   0.00015538  17009.115    46.581752   0.486845   1.883797     603.272 0   0.077884   0.053890   0.024294   0.014466   0.015182   -18.3861   -19.9418   -20.6396   -20.9737   -21.2514     1.5557     2.2535     0.3341
172.695089  56.415300  18.0085  16.1147  15.2259  14.8440  14.5219    0.06200000   0.00018111  18579.158    54.295412   0.487067   1.884654    2173.315 1   0.277175   0.212799   0.078289   0.048285   0.052177   -19.4253   -21.2547   -22.0090   -22.3609   -22.6869     1.8294     2.5837     0.3519
172.803944  56.451057  17.2240  15.3179  14.4740  14.0853  13.8064    0.06090000   0.00019658  18246.628    58.933201   0.497075   1.923377    1840.786 1   0.238512   0.182411   0.070179   0.039074   0.045407   -20.1321   -21.9821   -22.7138   -23.0714   -23.3566     1.8500     2.5817     0.3576
172.819154  56.455488  19.2369  17.2005  16.4278  16.0448  15.7914    0.05990000   0.00014876  17958.618    44.597126   0.498712   1.929713    1552.775 1   0.162388   0.119565   0.052940   0.026019   0.031132   -18.0070   -20.0006   -20.7067   -21.0627   -21.3212     1.9936     2.6997     0.3561
173.205244  56.477132  18.9960  17.5281  16.7494  16.3490  16.0837    0.05040000   0.00014912  15108.910    44.705051   0.503004   1.946321   -1296.932 1   0.338157   0.302915   0.140230   0.058951   0.016366   -18.0472   -19.4799   -20.0959   -20.4150   -20.6377     1.4327     2.0487     0.3191
172.998578  55.477247  19.6506  17.9958  17.2187  16.8357  16.5228    0.05470000   0.00015197  16397.868    45.559460   0.503804   1.949415      -7.974 0   0.112535   0.091456   0.037091   0.022610   0.025181   -17.3200   -18.9537   -19.6765   -20.0450   -20.3605     1.6337     2.3565     0.3685
172.874657  56.470181  19.1670  17.2050  16.3793  15.9934  15.6852    0.06100000   0.00015055  18296.394    45.133755   0.504753   1.953089    1890.551 1   0.131989   0.113683   0.041927   0.026980   0.030731   -18.0825   -20.0262   -20.7801   -21.1511   -21.4630     1.9437     2.6976     0.3710
173.244915  56.477684  19.4776  17.6278  16.8085  16.4550  16.1531    0.05060000   0.00016786  15173.995    50.323162   0.507074   1.962069   -1231.847 1   0.114158   0.094213   0.037544   0.023205   0.025864   -17.3245   -19.1543   -19.9170   -20.2561   -20.5607     1.8299     2.5925     0.3392
172.620988  56.416754  19.4163  18.0379  17.3813  17.0767  16.7781    0.06120000   0.00021093  18333.598    63.235223   0.508095   1.966019    1927.755 1   0.007752   0.004073   0.001664   0.001157   0.000962   -17.7161   -19.0908   -19.7450   -20.0491   -20.3475     1.3747     2.0289     0.3041
172.688845  56.437583  20.1097  18.2894  17.3870  16.9710  16.5857    0.06270000   0.00014738  18795.968    44.183412   0.508629   1.968085    2390.125 1   0.414042   0.333798   0.129407   0.084740   0.061281   -17.4855   -19.2255   -19.9235   -20.2949   -20.6567     1.7401     2.4381     0.3713
172.565393  55.549792  19.5110  17.8236  16.9748  16.5868  16.2737    0.06730000   0.00015909  20161.103    47.693982   0.517283   2.001571    3755.260 1   0.312568   0.245665   0.101618   0.056653   0.048000   -18.1157   -19.7362   -20.4410   -20.7840   -21.0885     1.6205     2.3253     0.3430
172.809911  56.473587  18.8289  17.4580  16.9354  16.6210  16.4466    0.05910000   0.00015086  17718.574    45.226690   0.517532   2.002534    1312.731 1   0.156373   0.070793   0.067231   0.003711  -0.060973   -18.3797   -19.6650   -20.1840   -20.4349   -20.5446     1.2853     1.8044     0.2509
173.986394  56.108436  18.7254  17.7614  17.3792  17.0954  16.9759    0.05080000   0.00007608  15236.022    22.808210   0.522486   2.021706   -1169.820 1   0.160856   0.081141   0.094727  -0.078413  -0.056773   -18.1320   -19.0163   -19.4120   -19.5227   -19.6638     0.8843     1.2801     0.1107
172.825415  56.486266  20.2766  18.4053  17.5773  17.1751  16.8146    0.05000000   0.00010732  14995.979    32.173727   0.527239   2.040095   -1409.864 1   0.173037   0.140681   0.052074   0.031181   0.037345   -16.5841   -18.4231   -19.1625   -19.5438   -19.9105     1.8389     2.5783     0.3813
173.614970  56.414364  19.7930  17.7898  17.0127  16.6956  16.3883    0.04950000   0.00015184  14839.247    45.520487   0.527873   2.042548   -1566.595 1   0.043409   0.035614   0.013522   0.010246   0.009827   -16.9162   -18.9116   -19.6666   -19.9804   -20.2873     1.9954     2.7504     0.3138
172.431634  56.380881  19.0309  17.9293  17.4916  17.1774  17.0112    0.05920000   0.00008050  17749.003    24.133293   0.542102   2.097605    1343.160 1   0.172967   0.088095   0.090403  -0.045885  -0.088782   -18.1766   -19.1934   -19.6334   -19.8113   -19.9346     1.0167     1.4567     0.1779
172.538877  55.526045  19.4632  18.1389  17.4985  17.1080  16.8340    0.06720000   0.00018123  20140.447    54.331387   0.545267   2.109855    3734.605 1   0.233200   0.185931   0.106895   0.022280  -0.037105   -18.0776   -19.3546   -19.9159   -20.2218   -20.4364     1.2770     1.8384     0.3059
172.403672  56.372366  19.5022  17.6479  16.8160  16.4321  16.1514    0.04900000   0.00015551  14699.634    46.620725   0.546558   2.114849   -1706.209 1   0.224091   0.169670   0.067799   0.035420   0.042120   -17.3656   -19.1655   -19.8955   -20.2470   -20.5344     1.7999     2.5299     0.3515
172.394803  56.376549  17.7581  15.7868  14.9231  14.5129  14.1870    0.04930000   0.00017726  14766.307    53.141211   0.553014   2.139830   -1639.535 1   0.257409   0.198872   0.071584   0.044167   0.050331   -19.1304   -21.0431   -21.7795   -22.1623   -22.4944     1.9128     2.6492     0.3828
173.302068  55.437983  17.7822  15.9083  15.0127  14.6046  14.2936    0.06500000   0.00018839  19479.944    56.477901   0.554791   2.146706    3074.102 1   0.321374   0.247296   0.090188   0.059390   0.057905   -19.7988   -21.5986   -22.3371   -22.7144   -23.0239     1.7998     2.5383     0.3773
172.765303  55.451950  19.1656  17.3984  16.6224  16.2101  15.8984    0.06800000   0.00015900  20379.172    47.667001   0.555890   2.150956    3973.329 1   0.121195   0.101345   0.039506   0.024580   0.027660   -18.2923   -20.0397   -20.7538   -21.1512   -21.4660     1.7474     2.4615     0.3974
172.670188  56.486122  17.9261  16.1902  15.5216  15.2061  14.9705    0.06220000   0.00013549  18647.091    40.618880   0.557032   2.155376    2241.248 1   0.038859   0.022614   0.009663   0.006330   0.006074   -19.2515   -20.9711   -21.6268   -21.9389   -22.1743     1.7197     2.3753     0.3122
173.679767  55.533527  21.2570  19.0809  18.4494  18.1318  17.8357    0.06500000   0.00007577  19494.005    22.715275   0.557069   2.155520    3088.162 1   0.008899   0.005091   0.002009   0.001443   0.001388   -16.0115   -18.1838   -18.8122   -19.1293   -19.4253     2.1723     2.8007     0.3170
173.306208  55.422384  20.0100  18.1721  17.3132  16.9232  16.6363    0.06440000   0.00015515  19318.446    46.512800   0.570516   2.207551    2912.604 1   0.272626   0.208582   0.080339   0.046481   0.049598   -17.4808   -19.2546   -19.9853   -20.3414   -20.6314     1.7739     2.5045     0.3561
172.780207  56.524909  17.2997  15.8530  15.2029  14.8048  14.5789    0.04930000   0.00008019  14785.404    24.040357   0.571472   2.211249   -1620.438 1   0.216683   0.150026   0.088513   0.017780  -0.010217   -19.5480   -20.9281   -21.5167   -21.8440   -22.0419     1.3800     1.9686     0.3274
172.776521  56.524834  19.6104  18.3392  17.7193  17.9629  17.4394    0.04960000   0.00011100  14873.543    33.276963   0.572012   2.213341   -1532.299 1   0.003674   0.000336   0.000813  -0.000324  -0.000194   -17.0589   -18.3268   -18.9472   -18.7024   -19.2261     1.2679     1.8882    -0.2447
172.815882  56.531543  19.0872  17.9961  17.3867  17.0536  16.8128    0.05050000   0.00008593  15153.789    25.761166   0.572305   2.214475   -1252.053 1   0.199185   0.212994   0.121534   0.003640  -0.093993   -17.8000   -18.9049   -19.4229   -19.6381   -19.7813     1.1049     1.6228     0.2152
173.310519  55.420088  19.8990  18.2228  17.4778  17.1449  16.9100    0.06560000   0.00015119  19668.244    45.325622   0.573289   2.218282    3262.401 1   0.081210   0.054389   0.025341   0.014493   0.015142   -17.4619   -19.1113   -19.8272   -20.1493   -20.3848     1.6494     2.3653     0.3221
172.120488  56.178003  18.5332  17.4503  17.0135  16.6977  16.4789    0.05610000   0.00008860  16817.997    26.561612   0.573469   2.218978     412.155 0   0.171582   0.101125   0.094432  -0.042491  -0.091965   -18.5517   -19.5641   -19.9942   -20.1731   -20.3424     1.0124     1.4426     0.1789
172.746796  55.422618  18.4839  17.1262  16.5489  16.2123  16.0221    0.06700000   0.00018802  20086.574    56.366978   0.586992   2.271304    3680.732 1   0.153957   0.075843   0.063239   0.010442  -0.034316   -18.9958   -20.2754   -20.8400   -21.1239   -21.2693     1.2796     1.8443     0.2838
172.888964  55.398613  18.8085  17.0896  16.2565  15.8172  15.4828    0.06560000   0.00015616  19674.989    46.815590   0.590221   2.283799    3269.147 1   0.363528   0.298302   0.124889   0.071197   0.048490   -18.8347   -20.4884   -21.1481   -21.5337   -21.8454     1.6537     2.3134     0.3856
173.454825  55.419800  19.8001  18.1038  17.2763  16.9135  16.6422    0.06460000   0.00016425  19353.042    49.240911   0.596804   2.309268    2947.200 1   0.243963   0.181351   0.079541   0.036652   0.038943   -17.6688   -19.3025   -20.0282   -20.3481   -20.6217     1.6337     2.3594     0.3199
173.344707  55.397806  19.3585  17.5013  16.6630  16.2850  15.9871    0.06400000   0.00014888  19177.903    44.633101   0.599436   2.319455    2772.061 1   0.183265   0.145496   0.055142   0.031638   0.038286   -18.0506   -19.8700   -20.6180   -20.9725   -21.2770     1.8194     2.5674     0.3545
172.859824  56.566504  18.5658  17.2141  16.6401  16.3255  16.1006    0.04990000   0.00015282  14957.065    45.814283   0.600574   2.323857   -1448.777 1   0.120214   0.054604   0.046671   0.013151  -0.022332   -18.2378   -19.5239   -20.0899   -20.3710   -20.5604     1.2861     1.8522     0.2811
172.002715  55.892230  19.1729  17.4647  16.6663  16.2627  15.9480    0.05200000   0.00017601  15602.249    52.766471   0.609880   2.359866    -803.594 1   0.187638   0.143446   0.057971   0.030484   0.037111   -17.7623   -19.4263   -20.1392   -20.5153   -20.8366     1.6640     2.3769     0.3761
173.637008  56.507686  18.3514  16.5006  15.5844  15.1190  14.7409    0.04980000   0.00017793  14920.611    53.342072   0.613307   2.373126   -1485.232 1   0.470369   0.386060   0.149621   0.096326   0.065695   -18.7934   -20.5599   -21.2397   -21.6518   -21.9992     1.7665     2.4463     0.4121
172.555118  55.440187  18.5325  16.6077  15.7725  15.3040  14.9560    0.06780000   0.00012809  20340.888    38.400416   0.614014   2.375862    3935.046 1   0.289514   0.222186   0.079649   0.051422   0.054803   -19.0873   -20.9448   -21.6375   -22.0777   -22.4291     1.8575     2.5501     0.4403
173.395273  55.389961  18.3382  16.9619  16.3207  15.9590  15.7262    0.06600000   0.00016351  19774.430    49.019065   0.614516   2.377804    3368.588 1   0.201557   0.130512   0.082775   0.013232  -0.020081   -19.1350   -20.4403   -21.0337   -21.3259   -21.5254     1.3053     1.8987     0.2922
172.312399  55.538303  18.9650  17.3434  16.5291  16.1469  15.8428    0.06770000   0.00015582  20293.491    46.713661   0.615946   2.383338    3887.649 1   0.306498   0.244015   0.108281   0.054136   0.038692   -18.6899   -20.2490   -20.9276   -21.2556   -21.5443     1.5591     2.2377     0.3281
173.917150  55.574359  19.4469  17.9025  17.1852  16.8460  16.6069    0.06520000   0.00013322  19542.631    39.938351   0.618180   2.391983    3136.788 1   0.081012   0.051658   0.024996   0.013756   0.014008   -17.8757   -19.3907   -20.0814   -20.4093   -20.6487     1.5150     2.2057     0.3280
173.029245  55.360567  18.9602  17.6545  17.1991  16.9483  16.7805    0.06370000   0.00011513  19084.248    34.515106   0.619029   2.395266    2678.406 1   0.102917   0.030629   0.042616   0.005795  -0.049666   -18.3370   -19.5704   -20.0378   -20.2518   -20.3642     1.2334     1.7008     0.2140
173.925881  55.573268  19.0112  17.0124  16.0768  15.5963  15.2041    0.06510000   0.00017226  19507.915    51.642249   0.622592   2.409055    3102.072 1   0.513631   0.415341   0.157000   0.103867   0.071850   -18.7442   -20.6447   -21.3219   -21.7493   -22.1095     1.9005     2.5778     0.4274
172.270634  55.547718  17.3490  15.6318  14.8544  14.4750  14.1734    0.04710000   0.00015710  14107.274    47.097395   0.625974   2.422140   -2298.569 1   0.122716   0.095463   0.040447   0.023021   0.026173   -19.3098   -20.9998   -21.7222   -22.0841   -22.3889     1.6899     2.4123     0.3620
173.303059  56.592525  17.9917  16.5957  15.9363  15.5493  15.2631    0.05080000   0.00009345  15241.149    28.015605   0.625998   2.422234   -1164.694 1   0.245697   0.193632   0.106646   0.028680  -0.016409   -18.9505   -20.2945   -20.8669   -21.1759   -21.4170     1.3439     1.9163     0.3090
172.018499  56.201541  18.0040  16.1308  15.2541  14.8765  14.5321    0.05860000   0.00018091  17558.185    54.235454   0.635159   2.457678    1152.342 1   0.245181   0.190269   0.068669   0.041718   0.048538   -19.2497   -21.0680   -21.8231   -22.1737   -22.5249     1.8183     2.5734     0.3506
173.439855  56.582739  19.6025  17.8602  17.0913  16.7036  16.3964    0.04830000   0.00016034  14490.648    48.068723   0.636220   2.461787   -1915.194 1   0.102721   0.083624   0.034017   0.021196   0.023183   -17.0912   -18.8144   -19.5337   -19.9085   -20.2177     1.7232     2.4425     0.3749
171.988660  56.161791  17.9121  16.6675  16.1192  15.7864  15.5289    0.05640000   0.00016108  16906.136    48.290569   0.638316   2.469896     500.294 0   0.191573   0.136135   0.096414  -0.004220  -0.090222   -19.2257   -20.4149   -20.9235   -21.1556   -21.3271     1.1892     1.6977     0.2322
172.065171  56.273175  18.8981  18.0827  16.6928  16.3453  16.0582    0.05830000   0.00016810  17482.907    50.395112   0.640367   2.477832    1077.064 1   0.565219   0.997163   0.375569   0.214342   0.054531   -18.6644   -19.9118   -20.6801   -20.8663   -20.9936     1.2473     2.0157     0.1863
173.520162  55.385407  18.8804  16.9478  16.0585  15.6604  15.3295    0.05730000   0.00019341  17192.528    57.982859   0.642195   2.484907     786.685 1   0.292492   0.224483   0.080856   0.052143   0.054993   -18.3929   -20.2575   -21.0032   -21.3726   -21.7063     1.8646     2.6103     0.3694
172.011463  56.212122  19.2058  17.4250  16.5922  16.2591  15.9654    0.05860000   0.00015218  17562.891    45.622416   0.642611   2.486514    1157.049 1   0.124834   0.099934   0.040839   0.024008   0.027318   -17.9275   -19.6834   -20.4571   -20.7734   -21.0704     1.7559     2.5296     0.3163
172.814951  55.353303  17.9563  17.1909  16.9519  16.7192  16.6071    0.06630000   0.00008167  19883.945    24.484050   0.643153   2.488613    3478.102 1   0.097474   0.011441   0.044922  -0.016054  -0.008404   -19.4440   -20.1234   -20.3958   -20.5676   -20.6873     0.6794     0.9518     0.1717
172.959460  56.620089  19.6019  18.2648  17.6937  17.3550  17.2058    0.06690000   0.00020300  20070.416    60.857869   0.644826   2.495087    3664.573 1   0.176372   0.095169   0.075099   0.003229  -0.054599   -17.8757   -19.1315   -19.6826   -19.9494   -20.0408     1.2559     1.8069     0.2668
173.940041  55.544522  18.2708  16.9573  16.2804  15.8747  15.5952    0.06400000   0.00009698  19196.491    29.073873   0.647545   2.505607    2790.648 1   0.265373   0.233857   0.122360   0.033702  -0.025729   -19.2204   -20.5024   -21.0678   -21.3848   -21.6049     1.2820     1.8474     0.3170
173.508381  55.374178  17.6773  15.8248  14.9495  14.5495  14.2241    0.05770000   0.00020417  17295.117    61.208626   0.650138   2.515641     889.274 1   0.249431   0.192981   0.070037   0.042453   0.048948   -19.5721   -21.3681   -22.1205   -22.4929   -22.8248     1.7960     2.5484     0.3724
172.842812  56.615678  18.6953  17.6587  17.3038  17.0801  16.9777    0.05610000   0.00008330  16810.143    24.972712   0.650654   2.517637     404.300 0   0.114623   0.019389   0.055951  -0.015581  -0.026614   -18.3326   -19.2740   -19.6654   -19.8176   -19.9090     0.9414     1.3328     0.1522
172.508218  56.547387  19.8437  18.2472  17.4355  16.9362  16.5944    0.06740000   0.00010382  20217.074    31.124453   0.652786   2.525888    3811.232 1   0.417845   0.368040   0.154980   0.082349   0.046839   -17.8916   -19.4383   -20.0369   -20.4636   -20.7699     1.5467     2.1453     0.4267
173.870889  55.497725  18.3240  17.2537  16.8955  16.6538  16.5424    0.06460000   0.00007474  19365.004    22.406488   0.653067   2.526972    2959.161 1   0.138165   0.024704   0.071498  -0.030031  -0.030729   -19.0391   -19.9959   -20.4009   -20.5411   -20.6518     0.9568     1.3618     0.1402
172.483418  55.411466  20.3442  18.3878  17.4914  17.0556  16.7574    0.06640000   0.00015503  19910.326    46.476825   0.658810   2.549195    3504.484 1   0.334406   0.257184   0.092979   0.062690   0.059799   -17.2750   -19.1542   -19.8864   -20.2919   -20.5872     1.8792     2.6114     0.4055
173.486911  55.355466  20.1485  18.3234  17.5102  17.1513  16.8771    0.05830000   0.00015079  17464.530    45.205705   0.663377   2.566868    1058.687 1   0.154354   0.118814   0.049517   0.026672   0.031665   -17.0032   -18.7927   -19.5366   -19.8727   -20.1519     1.7896     2.5335     0.3361
173.336449  55.322366  18.7355  16.9726  16.1778  15.8032  15.5120    0.05730000   0.00015446  17174.930    46.305943   0.671828   2.599567     769.088 1   0.134251   0.103433   0.043980   0.024242   0.028055   -18.3796   -20.1117   -20.8470   -21.2019   -21.4969     1.7321     2.4674     0.3549
171.936725  56.191290  19.3583  17.9226  17.2337  16.8745  16.6185    0.05880000   0.00018126  17636.910    54.340381   0.674902   2.611462    1231.068 1   0.136897   0.082227   0.048966   0.018104   0.015567   -17.7945   -19.1756   -19.8312   -20.1596   -20.4130     1.3810     2.0367     0.3283
172.355245  55.435082  18.9851  17.9156  17.5858  17.3850  17.2493    0.06650000   0.00010338  19945.552    30.992544   0.678926   2.627032    3539.710 1   0.108141   0.013354   0.052950  -0.019863  -0.010550   -18.4112   -19.3859   -19.7553   -19.8832   -20.0283     0.9747     1.3441     0.1280
172.416095  55.407246  19.0271  17.0715  16.2117  15.8162  15.5151    0.06580000   0.00016971  19740.944    50.877778   0.682256   2.639919    3335.101 1   0.237398   0.183957   0.067567   0.039844   0.046880   -18.4966   -20.3988   -21.1422   -21.5100   -21.8181     1.9022     2.6456     0.3678
173.218102  55.281946  18.4456  16.7703  15.9831  15.5881  15.2970    0.06450000   0.00015762  19349.804    47.253287   0.701120   2.712908    2943.962 1   0.219168   0.160970   0.069933   0.032136   0.037746   -19.0164   -20.6335   -21.3296   -21.6868   -21.9836     1.6171     2.3133     0.3572
173.620567  55.336117  17.4848  15.9937  15.2687  14.8810  14.6124    0.05790000   0.00009931  17351.598    29.772389   0.709978   2.747186     945.755 1   0.251399   0.189022   0.096688   0.032389   0.016271   -19.7741   -21.2028   -21.8355   -22.1589   -22.4114     1.4287     2.0614     0.3234
172.566488  55.326605  19.5273  17.6944  16.8686  16.5060  16.2284    0.05500000   0.00015604  16479.142    46.779615   0.713150   2.759459      73.299 0   0.189232   0.143088   0.058938   0.030146   0.036720   -17.5574   -19.3442   -20.0858   -20.4196   -20.7038     1.7868     2.5284     0.3338
172.892333  55.268265  18.8254  17.8162  17.4358  17.1728  16.9842    0.05590000   0.00007960  16768.771    23.863480   0.718490   2.780119     362.929 0   0.139040   0.030756   0.069524  -0.022116  -0.046149   -18.2191   -19.1200   -19.5392   -19.7106   -19.8751     0.9009     1.3201     0.1714
172.238806  56.523726  17.4362  15.7901  14.9734  14.5214  14.1604    0.05130000   0.00010141  15375.965    30.401953   0.720583   2.788219   -1029.877 1   0.389201   0.333167   0.142198   0.075911   0.044604   -19.6709   -21.2610   -21.8867   -22.2724   -22.6021     1.5901     2.2158     0.3857
173.162356  56.714957  18.4984  17.5549  17.2773  17.0186  16.9387    0.05900000   0.00008015  17678.881    24.028366   0.737439   2.853441    1273.039 1   0.129169   0.017314   0.068593  -0.032087  -0.013861   -18.6541   -19.4858   -19.8147   -19.9727   -20.0708     0.8316     1.1605     0.1580
172.212309  55.420475  20.0964  18.2996  17.5194  17.1482  16.9038    0.06620000   0.00016834  19836.877    50.467062   0.740571   2.865562    3431.035 1   0.169413   0.119735   0.056337   0.025050   0.029744   -17.3691   -19.1162   -19.8330   -20.1729   -20.4220     1.7471     2.4639     0.3399
171.781089  55.832168  17.8296  16.6901  16.1577  15.8073  15.6256    0.05220000   0.00011430  15655.522    34.266278   0.742336   2.872390    -750.321 1   0.184038   0.160139   0.107252  -0.013302  -0.103161   -19.1360   -20.2516   -20.7311   -20.9610   -21.0528     1.1156     1.5951     0.2298
172.929953  56.718297  19.6348  18.0681  17.2637  16.9562  16.6801    0.06290000   0.00015202  18855.746    45.574449   0.744255   2.879817    2449.904 1   0.112436   0.082597   0.037282   0.020379   0.022761   -17.6657   -19.2025   -19.9616   -20.2522   -20.5307     1.5369     2.2959     0.2906
171.939333  56.365026  19.0249  17.8914  17.3768  17.0390  16.7570    0.05950000   0.00008562  17835.823    25.668230   0.746732   2.889400    1429.980 1   0.183922   0.128244   0.096620  -0.013906  -0.100161   -18.2008   -19.2786   -19.7616   -19.9889   -20.1846     1.0778     1.5608     0.2273
171.823986  55.709782  19.0591  17.3831  16.6247  16.2688  15.9863    0.04730000   0.00015411  14165.374    46.201016   0.753394   2.915178   -2240.469 1   0.098692   0.072431   0.032350   0.018543   0.020230   -17.5849   -19.2347   -19.9530   -20.2951   -20.5793     1.6497     2.3681     0.3421
174.238687  55.575739  19.2190  17.4101  16.5767  16.2023  15.8881    0.05530000   0.00015657  16590.545    46.938505   0.762612   2.950847     184.702 0   0.166891   0.132763   0.051577   0.029455   0.035251   -17.8339   -19.6087   -20.3609   -20.7132   -21.0332     1.7748     2.5270     0.3523
171.754836  55.790219  19.0455  17.7868  17.2322  16.8691  16.7267    0.05510000   0.00007421  16521.442    22.247598   0.765980   2.963878     115.600 0   0.191318   0.125594   0.090638  -0.003040  -0.078593   -18.0239   -19.2169   -19.7365   -20.0060   -20.0728     1.1930     1.7126     0.2694
174.138434  55.488196  18.2774  16.8832  16.2421  15.8811  15.6556    0.06360000   0.00014914  19054.059    44.711047   0.768347   2.973036    2648.217 1   0.200881   0.129461   0.081873   0.013662  -0.017705   -19.1357   -20.4584   -21.0520   -21.3447   -21.5389     1.3228     1.9163     0.2928
172.820211  56.739094  18.9316  17.9327  17.5988  17.3134  17.1878    0.06360000   0.00007108  19077.863    21.309248   0.774145   2.995470    2672.020 1   0.169182   0.039658   0.084444  -0.069569  -0.036077   -18.4498   -19.3191   -19.6978   -19.8292   -19.9883     0.8694     1.2481     0.1314
171.785393  56.252455  18.5583  17.3470  16.7503  16.4397  16.1874    0.04840000   0.00009304  14499.312    27.892690   0.775155   2.999380   -1906.530 1   0.139089   0.067179   0.055940   0.012880  -0.023648   -18.1716   -19.3110   -19.8965   -20.1640   -20.3798     1.1394     1.7249     0.2675
174.469893  55.924028  18.0814  16.5066  15.9051  15.5356  15.3243    0.06130000   0.00010357  18370.862    31.049505   0.778628   3.012817    1965.020 1   0.171193   0.095962   0.067260   0.013111  -0.013269   -19.2217   -20.7212   -21.2940   -21.6094   -21.7943     1.4996     2.0724     0.3154
174.473310  55.994848  17.0898  15.6651  15.0444  14.6903  14.5047    0.05230000   0.00018121  15674.409    54.325391   0.778767   3.013355    -731.434 1   0.174143   0.097995   0.068838   0.012319  -0.016446   -19.8658   -21.2143   -21.8059   -22.1034   -22.2603     1.3486     1.9401     0.2976
172.968175  55.202435  18.9531  17.6147  17.0199  16.6398  16.3847    0.04720000   0.00008740  14157.459    26.201861   0.779058   3.014483   -2248.383 1   0.216290   0.163209   0.100300   0.014317  -0.050120   -17.7992   -19.0845   -19.6164   -19.9105   -20.1012     1.2853     1.8172     0.2941
174.294690  55.590244  18.8301  16.9745  16.1816  15.8195  15.4957    0.06430000   0.00015236  19271.649    45.676379   0.782074   3.026153    2865.806 1   0.060033   0.059312   0.021216   0.016572   0.015730   -18.4660   -20.3209   -21.0757   -21.4331   -21.7561     1.8549     2.6097     0.3575
174.233846  55.533723  18.6871  17.5731  17.1844  16.8901  16.7262    0.06470000   0.00008144  19391.925    24.415098   0.783404   3.031301    2986.083 1   0.158543   0.042789   0.076438  -0.033902  -0.059794   -18.6962   -19.6945   -20.1168   -20.3008   -20.4388     0.9982     1.4206     0.1840
173.992707  55.380818  18.4066  16.5837  15.6905  15.2895  14.9569    0.06350000   0.00018085  19043.087    54.217466   0.785813   3.040621    2637.244 1   0.315220   0.243203   0.090629   0.057782   0.056103   -19.0961   -20.8470   -21.5876   -21.9557   -22.2867     1.7509     2.4915     0.3682
171.739724  55.735297  18.6585  17.5592  17.1975  16.9547  16.8894    0.04890000   0.00012649  14668.785    37.920748   0.789362   3.054352   -1737.057 1   0.138852   0.026827   0.071007  -0.027608  -0.036166   -18.1150   -19.1022   -19.5081   -19.6523   -19.7091     0.9873     1.3932     0.1442
173.081430  56.769600  18.1295  17.3210  17.0261  16.7567  16.6573    0.05890000   0.00003642  17662.752    10.918441   0.790700   3.059530    1256.910 1   0.148073   0.022755   0.078156  -0.045834  -0.019430   -19.0421   -19.7253   -20.0756   -20.2210   -20.3468     0.6832     1.0335     0.1454
174.050393  55.384211  17.8880  16.7579  16.2597  15.9916  15.7858    0.06300000   0.00008478  18881.169    25.416405   0.804611   3.113358    2475.326 1   0.120132   0.040927   0.052424   0.005743  -0.057749   -19.4024   -20.4533   -20.9630   -21.1844   -21.3267     1.0509     1.5606     0.2214
172.235880  55.316770  18.3266  16.6027  15.8484  15.5334  15.2898    0.06620000   0.00014631  19849.229    43.862635   0.813859   3.149143    3443.386 1   0.095203   0.063349   0.030734   0.016339   0.017253   -19.0647   -20.7567   -21.4784   -21.7790   -22.0235     1.6920     2.4137     0.3006
174.246978  55.486286  18.7194  17.2662  16.4764  16.0772  15.7805    0.06420000   0.00017042  19243.888    51.090631   0.817151   3.161878    2838.045 1   0.338469   0.302015   0.139718   0.058990   0.017254   -18.8482   -20.2649   -20.8924   -21.2109   -21.4659     1.4167     2.0442     0.3185
171.721360  56.296662  19.6102  18.1895  17.4992  17.1622  16.8799    0.05670000   0.00015457  16992.237    46.338920   0.824777   3.191388     586.394 0   0.068913   0.041865   0.020088   0.011381   0.011145   -17.3992   -18.7929   -19.4614   -19.7897   -20.0718     1.3937     2.0622     0.3283
171.608071  56.062422  18.8023  17.3859  16.7526  16.3632  16.0874    0.05850000   0.00015429  17531.413    46.254978   0.828712   3.206615    1125.571 1   0.229900   0.173302   0.100263   0.021666  -0.024145   -18.4363   -19.7961   -20.3563   -20.6671   -20.8971     1.3598     1.9201     0.3108
174.488232  55.702123  18.0133  16.0982  15.2350  14.8300  14.5032    0.06230000   0.00018418  18669.006    55.215775   0.834206   3.227871    2263.163 1   0.228455   0.178632   0.064764   0.038678   0.046032   -19.3610   -21.2263   -21.9756   -22.3545   -22.6887     1.8653     2.6146     0.3789
172.302764  55.262926  20.3531  18.3284  17.4032  17.0330  16.5707    0.06610000   0.00016890  19811.275    50.634946   0.838183   3.243261    3405.432 1   0.411406   0.321831   0.118599   0.083019   0.065456   -17.3545   -19.2897   -20.0116   -20.3462   -20.7910     1.9351     2.6571     0.3346
174.442845  56.335431  17.6905  16.5460  16.1100  15.8148  15.6548    0.05080000   0.00007832  15227.118    23.479745   0.840883   3.253709   -1178.724 1   0.163756   0.057627   0.076409  -0.025829  -0.078598   -19.1698   -20.2081   -20.6629   -20.8559   -20.9631     1.0384     1.4932     0.1930
173.981376  55.301681  19.0280  17.2839  16.4487  16.0561  15.7288    0.05700000   0.00015769  17081.515    47.274273   0.843803   3.265007     675.672 1   0.174165   0.141959   0.052194   0.031452   0.037682   -18.1195   -19.8314   -20.5768   -20.9487   -21.2822     1.7119     2.4573     0.3719
174.297443  55.478794  19.8373  18.0411  17.2100  16.8495  16.5796    0.06380000   0.00016108  19131.406    48.290569   0.844266   3.266799    2725.563 1   0.242758   0.180870   0.077935   0.036944   0.040137   -17.5996   -19.3340   -20.0621   -20.3816   -20.6547     1.7343     2.4625     0.3195
174.290302  56.489138  18.6022  17.7610  17.5425  17.3464  17.3044    0.05120000   0.00008105  15348.415    24.298179   0.847115   3.277822   -1057.428 1   0.100945   0.012151   0.047491  -0.017087  -0.009404   -18.2168   -18.9692   -19.2231   -19.3546   -19.4043     0.7524     1.0062     0.1315
171.556458  55.994377  18.0980  16.3242  15.6204  15.2551  14.9763    0.05210000   0.00014908  15617.508    44.693060   0.853510   3.302567    -788.334 1   0.004633   0.003721   0.001342   0.001103   0.001022   -18.6627   -20.4356   -21.1370   -21.5021   -21.7808     1.7729     2.4743     0.3651
174.579557  56.169352  19.1954  17.9756  17.3542  16.9441  16.6157    0.05100000   0.00008575  15303.206    25.707203   0.859416   3.325420   -1102.637 1   0.242332   0.226438   0.122568   0.023842  -0.053881   -17.7734   -18.9773   -19.4948   -19.8062   -20.0569     1.2039     1.7214     0.3114
173.719642  55.189897  19.9990  18.0601  17.2854  16.9052  16.5606    0.05600000   0.00015127  16790.446    45.349605   0.865981   3.350821     384.604 0   0.045242   0.045785   0.016161   0.013243   0.011862   -16.9597   -18.8991   -19.6442   -20.0215   -20.3647     1.9394     2.6845     0.3773
174.317931  55.456944  18.9498  17.0799  16.2386  15.8675  15.5820    0.06380000   0.00017652  19121.093    52.919365   0.866512   3.352878    2715.250 1   0.215491   0.163098   0.065592   0.033987   0.040815   -18.4599   -20.2774   -21.0212   -21.3607   -21.6530     1.8175     2.5613     0.3395
173.023533  55.110483  20.4753  18.4127  17.6336  17.2499  17.0231    0.06770000   0.00003895  20286.776    11.676916   0.869026   3.362605    3880.933 1   0.176436   0.126916   0.057743   0.026375   0.031755   -17.0495   -19.0626   -19.7725   -20.1248   -20.3570     2.0131     2.7230     0.3523
173.691066  56.786760  18.8051  17.3457  16.6462  16.3094  16.0438    0.05030000   0.00014680  15090.653    44.009533   0.876857   3.392903   -1315.190 1   0.052512   0.032471   0.014344   0.009010   0.008986   -17.9437   -19.3830   -20.0644   -20.3959   -20.6615     1.4394     2.1207     0.3315
174.606986  56.187452  18.5490  17.1859  16.5199  16.1012  15.8337    0.05070000   0.00010718  15202.536    32.131756   0.878508   3.399294   -1203.307 1   0.258748   0.217571   0.116170   0.031868  -0.021519   -18.4064   -19.7283   -20.2929   -20.6273   -20.8414     1.3219     1.8865     0.3344
172.254586  56.725745  18.1848  16.7070  15.9905  15.6324  15.3366    0.05890000   0.00015737  17644.855    47.178339   0.878596   3.399635    1239.012 1   0.085134   0.057252   0.026852   0.015150   0.015905   -18.9238   -20.3738   -21.0599   -21.4063   -21.7028     1.4499     2.1360     0.3464
173.891971  55.219040  19.5143  17.5699  16.7483  16.3543  16.0624    0.05760000   0.00015844  17268.016    47.499117   0.884822   3.423724     862.173 1   0.174000   0.140608   0.052504   0.031076   0.037277   -17.6519   -19.5629   -20.2964   -20.6690   -20.9671     1.9110     2.6445     0.3726
173.804846  55.191867  17.8673  15.9840  15.1802  14.7768  14.4679    0.05810000   0.00017866  17420.430    53.560921   0.884941   3.424185    1014.588 1   0.108202   0.096357   0.035700   0.023997   0.026218   -19.2307   -21.1021   -21.8453   -22.2370   -22.5481     1.8715     2.6146     0.3917
174.113143  55.305916  20.5209  19.6307  19.3079  19.0507  19.1638    0.05520000   0.00008379  16559.636    25.119610   0.886533   3.430346     153.794 0   0.146570   0.022103   0.077726  -0.044475  -0.018742   -16.5036   -17.2694   -17.6478   -17.7828   -17.6954     0.7657     1.1442     0.1350
174.385235  55.470542  19.7645  17.7691  16.9133  16.5115  16.1889    0.06480000   0.00014832  19418.967    44.465217   0.889013   3.439941    3013.124 1   0.239891   0.186613   0.067324   0.040680   0.047806   -17.7070   -19.6492   -20.3857   -20.7608   -21.0905     1.9421     2.6786     0.3752
174.674237  55.898800  19.8666  18.1176  17.3142  16.9281  16.6552    0.05920000   0.00015850  17747.084    47.517105   0.894615   3.461616    1341.241 1   0.188419   0.142291   0.058799   0.029977   0.036514   -17.3564   -19.0593   -19.7792   -20.1365   -20.4159     1.7029     2.4228     0.3573
171.673514  56.403373  18.6719  17.5760  17.1765  16.9021  16.7548    0.05040000   0.00010623  15111.818    31.846953   0.894946   3.462898   -1294.024 1   0.138866   0.035301   0.067698  -0.015788  -0.056171   -18.1720   -19.1644   -19.5963   -19.7872   -19.8941     0.9923     1.4242     0.1909
172.581656  56.829435  18.5451  17.3922  16.8777  16.6291  16.4564    0.05850000   0.00007959  17540.827    23.860482   0.895368   3.464531    1134.984 1   0.072938   0.023818   0.023913   0.008805  -0.031987   -18.5365   -19.6403   -20.1549   -20.3884   -20.5203     1.1038     1.6184     0.2335
174.426070  55.493128  18.9800  17.7110  17.0666  16.6753  16.4091    0.05520000   0.00010716  16547.345    32.125760   0.895398   3.464647     141.502 0   0.243948   0.228357   0.123095   0.024546  -0.052616   -18.1419   -19.3953   -19.9345   -20.2272   -20.4162     1.2534     1.7925     0.2928
174.246862  56.593494  18.0443  16.1114  15.1698  14.6655  14.2284    0.05080000   0.00017230  15235.543    51.654241   0.895939   3.466743   -1170.300 1   0.571091   0.457451   0.169697   0.110741   0.078473   -19.2233   -21.0426   -21.6964   -22.1418   -22.5466     1.8193     2.4731     0.4453
171.496063  56.123130  17.9673  16.4854  15.8767  15.4781  15.2009    0.05860000   0.00015127  17560.673    45.349605   0.898809   3.477844    1154.831 1   0.215381   0.150803   0.091383   0.015349  -0.023102   -19.2566   -20.6739   -21.2232   -21.5458   -21.7845     1.4173     1.9666     0.3226
174.660715  55.811909  19.5180  18.1975  17.6481  17.2866  17.0740    0.05880000   0.00009154  17636.550    27.443002   0.899100   3.478971    1230.708 1   0.193248   0.126858   0.089959  -0.000472  -0.071683   -17.6912   -18.9453   -19.4578   -19.7289   -19.8703     1.2541     1.7666     0.2711
171.636255  55.572449  17.5812  16.6690  16.3609  16.0562  15.9000    0.04710000   0.00003269  14131.077     9.800215   0.905117   3.502254   -2274.765 1   0.170543   0.047966   0.088099  -0.084441  -0.037169   -19.1255   -19.9151   -20.2633   -20.3955   -20.5989     0.7896     1.1379     0.1322
174.589072  55.645960  18.2529  16.4047  15.5614  15.1514  14.8257    0.05940000   0.00019466  17818.345    58.357600   0.906711   3.508423    1412.502 1   0.211420   0.166719   0.060934   0.035830   0.043354   -19.0005   -20.8040   -21.5415   -21.9264   -22.2596     1.8035     2.5410     0.3849
174.475709  55.515687  19.2060  17.9346  17.3866  17.0508  16.8444    0.06160000   0.00008610  18480.706    25.812131   0.907128   3.510035    2074.864 1   0.182436   0.104800   0.082209  -0.003039  -0.073504   -18.0977   -19.2914   -19.8168   -20.0674   -20.2033     1.1938     1.7192     0.2506
172.051588  55.277381  18.7275  17.4213  16.7659  16.3599  16.0772    0.06580000   0.00007811  19735.967    23.416789   0.907912   3.513069    3330.125 1   0.256520   0.230150   0.122217   0.029969  -0.036300   -18.8153   -20.0952   -20.6426   -20.9564   -21.1728     1.2798     1.8273     0.3138
172.901952  56.884775  19.5893  18.2883  17.5596  17.1329  16.8228    0.06340000   0.00007236  19017.185    21.692982   0.911440   3.526722    2611.342 1   0.308790   0.310040   0.146996   0.051265  -0.014054   -17.9248   -19.2271   -19.7927   -20.1237   -20.3685     1.3023     1.8679     0.3310
171.600271  55.586119  19.6022  17.9078  17.1775  16.8172  16.5630    0.04750000   0.00015272  14227.431    45.784304   0.917213   3.549060   -2178.412 1   0.110468   0.077440   0.036667   0.019179   0.021136   -17.0842   -18.7456   -19.4351   -19.7779   -20.0340     1.6614     2.3509     0.3428
174.247195  55.331848  19.2431  17.3228  16.5429  16.1589  16.2302    0.05570000   0.00015229  16689.926    45.655393   0.918641   3.554584     284.083 0   0.214862   0.148820   0.076386   0.025704   0.023911   -17.8735   -19.7277   -20.4352   -20.7685   -20.6954     1.8543     2.5617     0.3333
