167.915594  40.840052  17.7382  15.6820  14.7552  14.3259  14.0050    0.07380000   0.00021176  22122.645    63.484051   0.004577   0.023942    -598.326 0   0.393372   0.306021   0.111983   0.078181   0.064510   -20.1704   -22.1392   -22.8720   -23.2675   -23.5747     1.9688     2.7016     0.3955
167.904392  40.841527  19.5105  17.5959  16.6853  16.2760  15.9709    0.07850000   0.00015220  23531.729    45.628412   0.004628   0.024210     810.759 0   0.349080   0.268952   0.097282   0.066486   0.061277   -18.4884   -20.3228   -21.0618   -21.4403   -21.7402     1.8345     2.5734     0.3785
167.902558  40.856015  20.1345  18.2968  17.4605  17.0673  16.7958    0.06710000   0.00015413  20126.357    46.207012   0.014851   0.077682   -2594.614 1   0.237038   0.178946   0.072221   0.037600   0.043235   -17.4102   -19.1898   -19.9194   -20.2780   -20.5551     1.7796     2.5092     0.3586
167.932344  40.834800  20.3549  18.4931  17.5909  17.2086  16.9026    0.07290000   0.00015144  21850.074    45.400570   0.018258   0.095502    -870.897 0   0.316120   0.244773   0.093088   0.057958   0.055028   -17.4709   -19.2614   -20.0119   -20.3590   -20.6621     1.7905     2.5410     0.3472
167.931739  40.820704  17.1032  15.0505  14.1994  13.7111  13.3808    0.07810000   0.00018397  23426.922    55.152818   0.027043   0.141455     705.951 0   0.334521   0.257078   0.092634   0.062698   0.059977   -20.8912   -22.8664   -23.5531   -24.0115   -24.3390     1.9753     2.6619     0.4584
167.942216  40.855449  20.4034  18.3775  17.4372  17.0260  16.7092    0.07930000   0.00015951  23763.169    47.819895   0.027379   0.143211    1042.199 0   0.376606   0.292221   0.106779   0.073822   0.063194   -17.6634   -19.6049   -20.3598   -20.7380   -21.0442     1.9415     2.6964     0.3782
167.876216  40.859181  19.0074  17.9177  17.5341  17.2636  17.1393    0.07360000   0.00007229  22056.391    21.671997   0.030828   0.161253    -664.580 0   0.152028   0.036851   0.074668  -0.030543  -0.052587   -18.6751   -19.6497   -20.0711   -20.2364   -20.3386     0.9745     1.3959     0.1653
167.937214  40.812856  19.3606  17.4300  16.5043  16.0982  15.7734    0.07730000   0.00016943  23183.610    50.793836   0.035837   0.187457     462.640 0   0.368657   0.284912   0.103348   0.071571   0.062986   -18.6425   -20.4894   -21.2335   -21.6078   -21.9240     1.8469     2.5910     0.3743
167.961877  40.850414  20.1109  18.3602  17.5218  17.1732  16.9024    0.07700000   0.00015065  23084.349    45.163734   0.039759   0.207970     363.378 0   0.234454   0.173592   0.075116   0.035081   0.039236   -17.7313   -19.4211   -20.1610   -20.4696   -20.7446     1.6898     2.4298     0.3086
167.911234  40.883093  20.0751  18.2571  17.3803  16.9837  16.6659    0.08070000   0.00013392  24178.502    40.148206   0.040698   0.212879    1457.531 1   0.296210   0.228005   0.087148   0.052543   0.052669   -17.9283   -19.6781   -20.4140   -20.7760   -21.0940     1.7498     2.4857     0.3620
167.932114  40.888017  20.2789  18.3572  17.4394  17.0324  16.7301    0.07620000   0.00014812  22858.276    44.405259   0.048485   0.253613     137.305 0   0.332044   0.255299   0.092256   0.062088   0.059557   -17.6381   -19.4831   -20.2378   -20.6146   -20.9144     1.8450     2.5997     0.3768
167.848711  40.828985  20.4991  18.4959  17.6368  17.2491  16.9536    0.07530000   0.00015352  22578.629    46.024138   0.048558   0.253997    -142.341 0   0.223752   0.173489   0.064938   0.037166   0.044376   -17.2837   -19.2366   -19.9872   -20.3471   -20.6498     1.9529     2.7035     0.3599
167.887138  40.890303  18.9614  17.0993  16.2008  15.7975  15.4828    0.07350000   0.00016996  22044.519    50.952726   0.051033   0.266941    -676.452 0   0.335403   0.259399   0.095834   0.063118   0.058700   -18.8984   -20.6845   -21.4195   -21.7901   -22.1003     1.7861     2.5210     0.3706
167.975967  40.854430  20.0645  18.1347  17.2197  16.8236  16.4963    0.07550000   0.00015488  22646.202    46.431856   0.051040   0.266978     -74.768 0   0.339654   0.261384   0.094548   0.064040   0.060334   -17.8400   -19.6915   -20.4397   -20.8053   -21.1289     1.8515     2.5997     0.3656
167.893853  40.786795  19.8532  18.2374  17.4903  17.1143  16.8520    0.07430000   0.00014352  22264.896    43.026214   0.056996   0.298133    -456.074 0   0.190548   0.131541   0.064379   0.025152   0.029069   -17.8885   -19.4453   -20.1252   -20.4620   -20.7282     1.5568     2.2367     0.3368
167.918656  40.785257  18.2557  16.2768  15.3369  14.9166  14.5555    0.07440000   0.00021623  22314.452    64.824123   0.057484   0.300683    -406.519 0   0.414584   0.324129   0.119260   0.083764   0.065827   -19.7099   -21.5983   -22.3334   -22.7182   -23.0613     1.8884     2.6235     0.3848
167.917486  40.782725  20.4588  18.7984  17.8464  17.4624  17.1972    0.07500000   0.00017114  22487.822    51.306481   0.059915   0.313402    -233.149 0   0.449733   0.451019   0.185679   0.095525   0.045091   -17.5625   -19.2242   -19.9109   -20.2047   -20.4195     1.6617     2.3483     0.2938
167.985685  40.861752  19.4520  17.5985  16.7088  16.3100  15.9945    0.07940000   0.00017695  23807.538    53.048275   0.060152   0.314639    1086.568 0   0.315184   0.243950   0.092704   0.057710   0.054979   -18.5378   -20.3201   -21.0585   -21.4224   -21.7351     1.7823     2.5207     0.3638
167.930227  40.908628  19.7797  17.9788  17.0779  16.6600  16.3208    0.07390000   0.00017706  22154.693    53.081253   0.067906   0.355197    -566.278 0   0.368923   0.294024   0.114949   0.073087   0.057155   -18.1043   -19.8303   -20.5521   -20.9281   -21.2514     1.7260     2.4478     0.3760
167.952235  40.902792  19.9627  18.1903  17.2874  16.8986  16.5663    0.07670000   0.00016567  22985.687    49.666617   0.068182   0.356644     264.717 0   0.355847   0.278850   0.105672   0.069023   0.058836   -17.9924   -19.6878   -20.4175   -20.7696   -21.0918     1.6954     2.4251     0.3522
167.994986  40.867739  19.6292  17.7258  16.8518  16.4533  16.1737    0.07390000   0.00015784  22147.378    47.319242   0.068825   0.360005    -573.593 0   0.279508   0.214377   0.080072   0.048611   0.051846   -18.1654   -20.0036   -20.7433   -21.1104   -21.3932     1.8383     2.5780     0.3670
167.992005  40.807434  19.9389  18.0505  17.1442  16.7521  16.4477    0.07700000   0.00015248  23079.972    45.712354   0.070949   0.371118     359.001 0   0.317934   0.244398   0.088820   0.058495   0.057690   -17.9868   -19.8016   -20.5524   -20.9141   -21.2177     1.8149     2.5656     0.3618
167.896123  40.764910  20.1119  18.3253  17.4003  17.0293  16.7085    0.07350000   0.00016885  22035.345    50.619957   0.078239   0.409246    -685.625 0   0.347538   0.271808   0.103216   0.066727   0.058004   -17.7601   -19.4709   -20.2274   -20.5619   -20.8739     1.7109     2.4673     0.3345
167.964010  40.910146  19.2614  17.3957  16.4852  16.0687  15.7341    0.07590000   0.00018085  22763.301    54.217466   0.078958   0.413010      42.331 0   0.374849   0.293744   0.109933   0.073974   0.061331   -18.7080   -20.4926   -21.2193   -21.5998   -21.9218     1.7846     2.5113     0.3805
167.917027  40.762586  20.0665  18.1279  17.1835  16.7813  16.4522    0.07230000   0.00017629  21677.633    52.850412   0.079971   0.418310   -1043.338 0   0.399972   0.311683   0.114281   0.079932   0.064912   -17.8039   -19.6542   -20.4012   -20.7691   -21.0831     1.8503     2.5973     0.3679
167.863145  40.918836  19.2819  17.3081  16.3256  15.8712  15.5062    0.07680000   0.00018310  23027.269    54.891999   0.084383   0.441387     306.298 0   0.536427   0.427265   0.159002   0.107412   0.075141   -18.8536   -20.7182   -21.4325   -21.8353   -22.1680     1.8646     2.5789     0.4028
167.891874  40.929029  20.1090  18.1711  17.2944  16.8977  16.6053    0.07020000   0.00017600  21040.034    52.763473   0.087755   0.459026   -1680.936 1   0.290220   0.222892   0.082573   0.051391   0.053514   -17.6086   -19.4792   -20.2156   -20.5811   -20.8756     1.8706     2.6070     0.3655
167.867392  40.923985  19.8193  18.0505  17.1632  16.7712  16.4804    0.07700000   0.00014855  23091.544    44.534170   0.087834   0.459436     370.573 0   0.311927   0.241480   0.092479   0.056793   0.054173   -18.1004   -19.7987   -20.5370   -20.8933   -21.1815     1.6984     2.4367     0.3563
167.927029  40.752960  18.7348  16.8044  15.8778  15.4679  15.1247    0.07330000   0.00019141  21966.393    57.383274   0.090320   0.472443    -754.578 0   0.383846   0.299929   0.111083   0.076088   0.062849   -19.1707   -21.0171   -21.7549   -22.1298   -22.4598     1.8465     2.5842     0.3749
167.839415  40.917664  19.2901  17.5624  16.7025  16.3289  16.0428    0.07380000   0.00015577  22130.170    46.698671   0.092457   0.483622    -590.801 0   0.283971   0.218366   0.089820   0.048165   0.046654   -18.5091   -20.1712   -20.9025   -21.2345   -21.5191     1.6621     2.3934     0.3319
167.797484  40.879899  19.3371  17.5478  16.7430  16.3294  16.0213    0.07960000   0.00016559  23857.904    49.642633   0.093291   0.487979    1136.933 0   0.196695   0.154310   0.058536   0.033135   0.040188   -18.5609   -20.3078   -21.0169   -21.4051   -21.7202     1.7469     2.4559     0.3882
167.977308  40.763198  19.7744  17.9388  17.0894  16.7756  16.4231    0.07920000   0.00015155  23745.631    45.433547   0.093995   0.491665    1024.661 0   0.079192   0.073022   0.027080   0.019514   0.019875   -17.9951   -19.8246   -20.6280   -20.9343   -21.2871     1.8294     2.6329     0.3062
167.932582  40.935340  20.0986  18.2471  17.3837  16.9976  16.6972    0.07580000   0.00016757  22713.476    50.236222   0.094443   0.494005      -7.495 0   0.273211   0.208951   0.081497   0.046429   0.049027   -17.7693   -19.5566   -20.2925   -20.6435   -20.9465     1.7872     2.5232     0.3510
168.045343  40.841642  19.1133  17.2356  16.3559  15.9481  15.6148    0.07480000   0.00016228  22419.319    48.650320   0.102089   0.534002    -301.651 0   0.282571   0.217099   0.077866   0.049813   0.053867   -18.7138   -20.5260   -21.2665   -21.6463   -21.9836     1.8122     2.5527     0.3797
167.865188  40.946777  18.9452  17.0298  16.1158  15.7226  15.4123    0.07800000   0.00016948  23383.962    50.808826   0.109838   0.574535     662.991 0   0.324151   0.249022   0.089885   0.060072   0.058725   -19.0148   -20.8551   -21.6099   -21.9733   -22.2823     1.8403     2.5951     0.3634
167.929832  40.726378  19.2413  17.3433  16.4148  16.0096  15.6814    0.07540000   0.00017995  22593.499    53.947653   0.116949   0.611733    -127.472 0   0.366867   0.283322   0.102637   0.071075   0.062911   -18.6845   -20.4989   -21.2468   -21.6204   -21.9404     1.8145     2.5623     0.3736
167.869654  40.957532  19.3396  17.6075  16.7160  16.4354  16.1736    0.07380000   0.00015112  22132.628    45.304636   0.119187   0.623437    -588.343 0   0.150291   0.116865   0.048218   0.026508   0.031297   -18.3259   -20.0246   -20.8474   -21.1063   -21.3729     1.6987     2.5215     0.2589
168.072755  40.878563  19.2106  17.3584  16.4530  16.0169  15.6542    0.07400000   0.00016738  22190.158    50.179262   0.128036   0.669726    -530.813 0   0.419310   0.337564   0.130252   0.085962   0.062159   -18.7510   -20.5215   -21.2196   -21.6114   -21.9503     1.7705     2.4685     0.3918
167.916429  40.971261  19.5045  18.3517  17.5712  17.1663  16.8951    0.07750000   0.00020138  23231.097    60.372205   0.128942   0.674462     510.127 0   0.304181   0.399176   0.177545   0.055391  -0.025417   -18.4427   -19.6905   -20.2494   -20.5321   -20.7225     1.2478     1.8067     0.2827
167.750426  40.789278  19.5200  17.7576  16.9409  16.5710  16.2792    0.07560000   0.00015481  22674.623    46.410870   0.132168   0.691336     -46.348 0   0.179980   0.135653   0.056736   0.028845   0.035075   -18.2277   -19.9458   -20.6836   -21.0256   -21.3236     1.7181     2.4559     0.3420
167.899181  40.707311  19.9493  17.9573  17.0679  16.6897  16.3736    0.07630000   0.00015316  22872.935    45.916213   0.135355   0.708008     151.965 0   0.288736   0.221696   0.081708   0.051062   0.053561   -17.9485   -19.8734   -20.6228   -20.9704   -21.2890     1.9250     2.6744     0.3476
167.968841  40.975772  19.9574  18.0888  17.2042  16.8195  16.4763    0.08080000   0.00016541  24216.545    49.588670   0.140509   0.734968    1495.575 1   0.274864   0.211172   0.077211   0.047834   0.052118   -18.0514   -19.8563   -20.6069   -20.9623   -21.3097     1.8049     2.5555     0.3553
168.032482  40.948580  19.5586  17.8468  16.9222  16.4166  16.0396    0.07330000   0.00017405  21971.010    52.178877   0.140726   0.736103    -749.961 0   0.532148   0.455323   0.175757   0.103090   0.070901   -18.4952   -20.1301   -20.7752   -21.2081   -21.5529     1.6350     2.2800     0.4329
167.801513  40.959522  19.1857  17.4035  16.4495  16.0370  15.7239    0.07160000   0.00016891  21454.617    50.637944   0.143189   0.748986   -1266.353 1   0.430823   0.346853   0.133236   0.088603   0.063502   -18.6943   -20.3926   -21.1329   -21.5008   -21.7888     1.6982     2.4386     0.3679
168.032328  40.956015  17.9416  16.7927  16.2366  15.8743  15.6707    0.07050000   0.00008403  21129.133    25.191560   0.146344   0.765489   -1591.838 1   0.191055   0.185501   0.113921  -0.005697  -0.099611   -19.6829   -20.8263   -21.3108   -21.5535   -21.6632     1.1433     1.6279     0.2427
167.916569  41.012986  19.8148  17.9095  17.0297  16.6194  16.3073    0.07240000   0.00017238  21710.580    51.678224   0.170650   0.892626   -1010.391 0   0.279108   0.214540   0.077188   0.048991   0.053290   -17.9377   -19.7785   -20.5209   -20.9030   -21.2194     1.8407     2.5832     0.3821
168.008946  40.678610  19.7126  17.8662  16.9565  16.5388  16.2481    0.07570000   0.00016075  22685.925    48.191638   0.179958   0.941316     -35.046 0   0.344550   0.267121   0.098853   0.065596   0.059480   -18.2026   -19.9715   -20.7130   -21.0974   -21.3820     1.7690     2.5104     0.3844
167.667726  40.810849  19.7180  17.8202  16.9262  16.4916  16.1707    0.07450000   0.00017016  22329.801    51.012685   0.186277   0.974370    -391.169 0   0.335332   0.257576   0.092602   0.062886   0.060180   -18.1743   -19.9944   -20.7234   -21.1283   -21.4465     1.8200     2.5491     0.4049
168.016608  40.671682  20.3179  18.4657  17.6458  17.2773  16.9889    0.07290000   0.00015731  21846.446    47.160352   0.188681   0.986941    -874.525 0   0.165100   0.128923   0.051783   0.028515   0.034171   -17.3569   -19.1729   -19.9157   -20.2609   -20.5550     1.8160     2.5588     0.3452
167.759258  40.995877  19.3556  17.2957  16.3588  15.9757  15.7306    0.07420000   0.00015439  22248.168    46.284958   0.191387   1.001099    -472.803 0   0.310072   0.237802   0.085314   0.056494   0.057361   -18.5027   -20.4903   -21.2747   -21.6290   -21.8750     1.9876     2.7720     0.3543
168.108227  40.962876  19.5541  17.9258  17.1380  16.7662  16.4706    0.07160000   0.00014322  21471.526    42.936276   0.192125   1.004959   -1249.445 1   0.155783   0.114782   0.051045   0.025359   0.030128   -18.0509   -19.6382   -20.3623   -20.7084   -21.0087     1.5873     2.3114     0.3461
167.659374  40.878034  19.0994  17.4974  16.6454  16.2865  16.0200    0.07770000   0.00016387  23281.313    49.126990   0.193218   1.010675     560.342 0   0.311398   0.248781   0.109666   0.055798   0.039686   -18.8607   -20.4001   -21.1129   -21.4180   -21.6684     1.5394     2.2523     0.3050
168.075030  40.694568  20.0961  18.2612  17.3856  17.0645  16.6659    0.07170000   0.00016457  21507.501    49.336845   0.193302   1.011113   -1213.470 1   0.285326   0.219027   0.081851   0.050077   0.052527   -17.6415   -19.4101   -20.1485   -20.4378   -20.8389     1.7686     2.5070     0.2893
168.068352  41.005388  19.6391  18.0674  17.2495  16.8231  16.4915    0.06370000   0.00016449  19089.105    49.312861   0.202098   1.057123   -3631.866 1   0.374731   0.322222   0.140331   0.071512   0.039411   -17.9300   -19.4491   -20.0852   -20.4427   -20.7422     1.5192     2.1552     0.3576
168.042868  40.662440  20.0334  18.2053  17.2755  16.8045  16.4148    0.07640000   0.00016433  22903.184    49.264895   0.205982   1.077439     182.214 0   0.513559   0.427100   0.164461   0.102454   0.069898   -18.0891   -19.8307   -20.4979   -20.9069   -21.2640     1.7416     2.4088     0.4090
168.112254  40.980888  19.4765  17.8814  17.0572  16.6948  16.3918    0.07470000   0.00015764  22395.636    47.259283   0.206149   1.078316    -325.335 0   0.104843   0.083921   0.034672   0.021158   0.023279   -18.1700   -19.7441   -20.5191   -20.8680   -21.1731     1.5742     2.3491     0.3489
168.155480  40.736529  19.9754  18.1433  17.2447  16.8363  16.5416    0.07540000   0.00015223  22590.531    45.637406   0.213504   1.116787    -130.440 0   0.319205   0.246330   0.091459   0.058838   0.056733   -17.9027   -19.6620   -20.4057   -20.7815   -21.0741     1.7592     2.5030     0.3758
168.113613  40.994250  19.2827  17.8027  17.0576  16.6600  16.3672    0.06470000   0.00016104  19409.133    48.278577   0.216084   1.130283   -3311.837 1   0.285058   0.229932   0.113052   0.044218   0.016145   -18.2271   -19.6520   -20.2802   -20.6090   -20.8737     1.4249     2.0531     0.3288
168.045244  41.037622  17.4068  15.6626  14.9287  14.5529  14.3803    0.06420000   0.00015695  19240.530    47.052426   0.220268   1.152167   -3480.441 1   0.186092   0.124655   0.064422   0.023208   0.025296   -20.0084   -21.6912   -22.3648   -22.6994   -22.8741     1.6828     2.3564     0.3346
167.663486  40.973694  19.7041  18.1004  17.3419  16.9371  16.6511    0.07770000   0.00014060  23283.051    42.150820   0.228319   1.194282     562.081 0   0.247640   0.183439   0.085653   0.035198   0.033089   -18.1922   -19.7317   -20.3924   -20.7468   -21.0307     1.5395     2.2002     0.3543
167.787361  41.051072  19.6015  17.8499  16.9667  16.5707  16.2924    0.07870000   0.00013488  23607.637    40.436007   0.228491   1.195179     886.666 0   0.319656   0.249012   0.096968   0.058919   0.053760   -18.3947   -20.0757   -20.8068   -21.1648   -21.4379     1.6810     2.4121     0.3580
168.101838  41.025287  19.2988  18.1471  17.6206  17.2752  17.1137    0.06400000   0.00008322  19174.306    24.948728   0.233285   1.220255   -3546.665 1   0.183080   0.152464   0.105119  -0.015032  -0.103364   -18.1101   -19.2312   -19.7104   -19.9356   -20.0088     1.1211     1.6002     0.2252
167.635289  40.962887  18.3157  16.3848  15.4768  15.0374  14.7294    0.07810000   0.00018475  23425.183    55.386657   0.240485   1.257916     704.212 0   0.364967   0.282388   0.102863   0.070710   0.062390   -19.7091   -21.5574   -22.2859   -22.6932   -22.9929     1.8483     2.5768     0.4072
168.003338  40.609697  19.7546  17.9286  17.0155  16.5973  16.2849    0.07450000   0.00016138  22338.046    48.380507   0.243092   1.271555    -382.925 0   0.367122   0.284788   0.104337   0.071410   0.062199   -18.1695   -19.9132   -20.6458   -21.0311   -21.3343     1.7437     2.4763     0.3853
168.013784  40.612148  19.7626  17.7294  16.7552  16.3083  15.9519    0.07790000   0.00017352  23347.507    52.019987   0.243173   1.271976     626.536 0   0.490116   0.389254   0.145263   0.100435   0.070966   -18.3606   -20.2929   -21.0231   -21.4252   -21.7521     1.9323     2.6625     0.4021
167.835755  41.084426  19.9962  18.2252  17.3865  16.9855  16.7234    0.07120000   0.00014416  21354.007    43.218081   0.248526   1.299980   -1366.964 1   0.288535   0.222556   0.091344   0.049491   0.047171   -17.7293   -19.4344   -20.1418   -20.5010   -20.7608     1.7050     2.4125     0.3591
168.171802  40.993460  19.3157  17.9625  17.2933  16.9416  16.7159    0.07210000   0.00015961  21618.124    47.849874   0.248849   1.301665   -1102.847 1   0.194434   0.121363   0.076809   0.014564  -0.009525   -18.3431   -19.6233   -20.2479   -20.5374   -20.7390     1.2801     1.9048     0.2895
168.033461  40.600494  19.2343  17.2849  16.3703  15.9540  15.6199    0.07590000   0.00017591  22752.269    52.736491   0.259202   1.355819      31.298 0   0.354313   0.273099   0.098739   0.067825   0.061820   -18.7146   -20.5828   -21.3230   -21.7084   -22.0365     1.8682     2.6084     0.3854
167.603118  40.967768  18.8324  16.9202  16.0169  15.5348  15.2192    0.07680000   0.00015549  23032.665    46.614729   0.264113   1.381508     311.694 0   0.479896   0.402783   0.158282   0.096956   0.064607   -19.2466   -21.0817   -21.7405   -22.1612   -22.4445     1.8351     2.4939     0.4208
167.940953  40.578690  18.8288  16.9766  16.1136  15.7387  15.4349    0.07710000   0.00015117  23127.339    45.319626   0.264721   1.384688     406.369 0   0.258336   0.197598   0.075434   0.043353   0.048252   -19.0401   -20.8316   -21.5724   -21.9152   -22.2239     1.7915     2.5323     0.3428
168.039471  40.582476  19.8196  18.1601  17.2914  16.9156  16.6183    0.07230000   0.00014365  21672.716    43.065187   0.277659   1.452365   -1048.254 1   0.326790   0.260943   0.109740   0.061056   0.046691   -17.9776   -19.5713   -20.2888   -20.6159   -20.8988     1.5937     2.3112     0.3271
167.964653  40.566992  19.5788  17.7632  16.8839  16.4888  16.1825    0.07440000   0.00014893  22292.567    44.648091   0.278449   1.456498    -428.403 0   0.299101   0.230192   0.086904   0.053425   0.053655   -18.2713   -20.0180   -20.7540   -21.1156   -21.4222     1.7467     2.4827     0.3616
167.961366  41.122996  18.4514  17.3706  16.8113  16.4633  16.2909    0.07400000   0.00008160  22178.526    24.463065   0.283233   1.481520    -542.444 0   0.176608   0.203510   0.119591  -0.010968  -0.101480   -19.2675   -20.3752   -20.8506   -21.0681   -21.1499     1.1077     1.5831     0.2174
167.574059  40.978577  18.0490  16.5404  15.7849  15.3435  15.0751    0.07610000   0.00017322  22801.525    51.930050   0.288594   1.509564      80.554 0   0.318874   0.275451   0.130614   0.053219   0.014877   -19.8520   -21.3172   -21.9278   -22.2918   -22.5219     1.4652     2.0758     0.3640
168.005418  40.559878  19.8169  17.9417  17.0957  16.7084  16.3848    0.07320000   0.00015740  21929.938    47.187333   0.291523   1.524884    -791.032 0   0.189021   0.151408   0.055831   0.032931   0.039848   -17.8695   -19.7071   -20.4575   -20.8219   -21.1524     1.8376     2.5880     0.3644
167.609307  41.028810  19.5879  17.7186  16.8452  16.4121  16.1200    0.07700000   0.00015376  23074.486    46.096088   0.294334   1.539589     353.515 0   0.285275   0.219055   0.078650   0.050419   0.054188   -18.3051   -20.1082   -20.8412   -21.2460   -21.5419     1.8031     2.5361     0.4049
168.295602  40.885434  19.6056  17.6845  16.7858  16.3835  16.0735    0.07470000   0.00016474  22396.505    49.387810   0.294570   1.540822    -324.465 0   0.308358   0.236670   0.085537   0.056054   0.056832   -18.2444   -20.0938   -20.8414   -21.2142   -21.5250     1.8494     2.5970     0.3728
167.802200  40.558551  19.0950  17.3357  16.4901  16.0821  15.7563    0.07790000   0.00012969  23339.712    38.880084   0.295416   1.545247     618.742 0   0.212455   0.167468   0.061158   0.036012   0.043526   -18.7505   -20.4648   -21.2041   -21.5870   -21.9203     1.7143     2.4536     0.3829
167.639888  41.059847  19.5529  17.7251  16.8594  16.4332  16.1303    0.07700000   0.00016995  23079.612    50.949728   0.298601   1.561910     358.642 0   0.267546   0.206011   0.074421   0.046290   0.051591   -18.3224   -20.0886   -20.8228   -21.2208   -21.5290     1.7663     2.5004     0.3981
168.063477  40.563655  20.2766  18.3481  17.4719  17.0484  16.7392    0.07570000   0.00015027  22692.310    45.049813   0.301844   1.578870     -28.660 0   0.280841   0.215788   0.077742   0.049373   0.053470   -17.5749   -19.4383   -20.1765   -20.5716   -20.8849     1.8634     2.6016     0.3951
168.021009  40.552257  19.9066  18.1343  17.2152  16.8159  16.5110    0.07450000   0.00015424  22347.039    46.239989   0.301968   1.579521    -373.931 0   0.362322   0.282762   0.105476   0.070517   0.060542   -18.0127   -19.7055   -20.4473   -20.8116   -21.1065     1.6927     2.4346     0.3643
168.024883  40.548473  18.6618  16.7625  15.8555  15.4513  15.1359    0.07340000   0.00016746  21999.520    50.203245   0.306421   1.602812    -721.451 0   0.330735   0.254953   0.093278   0.061814   0.058778   -19.1935   -21.0170   -21.7624   -22.1351   -22.4475     1.8235     2.5688     0.3727
167.964099  40.538628  18.3894  16.2395  15.2290  14.7182  14.3433    0.07350000   0.00019197  22020.236    57.551158   0.306476   1.603100    -700.735 0   0.620237   0.495287   0.181133   0.114654   0.084038   -19.7553   -21.7802   -22.4766   -22.9209   -23.2652     2.0250     2.7213     0.4443
167.966476  40.538103  20.4606  18.8486  17.6013  17.2135  16.6582    0.07430000   0.00016159  22289.090    48.443463   0.307239   1.607092    -431.881 0   0.837211   0.667938   0.227622   0.135510   0.110301   -17.9278   -19.3705   -20.1775   -20.4732   -21.0032     1.4427     2.2497     0.2957
167.814294  41.141340  19.8332  18.2570  17.5605  17.1236  16.9923    0.07540000   0.00015657  22614.724    46.938505   0.307655   1.609265    -106.246 0   0.184984   0.115896   0.067887   0.018764   0.012607   -17.9107   -19.4178   -20.0663   -20.4541   -20.5792     1.5071     2.1556     0.3878
168.295066  40.728648  20.2110  18.4968  17.6474  17.2745  16.9749    0.07260000   0.00016866  21766.192    50.562996   0.312446   1.634330    -954.779 0   0.274825   0.210042   0.087218   0.045492   0.045227   -17.5433   -19.1927   -19.9193   -20.2504   -20.5498     1.6494     2.3760     0.3312
168.048254  40.533988  19.8018  17.9944  17.0541  16.6845  16.2577    0.07560000   0.00014874  22673.513    44.591130   0.325567   1.702959     -47.457 0   0.389441   0.306863   0.115417   0.077963   0.062106   -18.1554   -19.8802   -20.6290   -20.9612   -21.3721     1.7248     2.4737     0.3321
167.744224  41.145158  18.9216  17.7912  17.2919  16.9557  16.8056    0.07830000   0.00004800  23464.846    14.390038   0.327821   1.714750     743.875 0   0.177963   0.120277   0.096609  -0.024046  -0.101846   -18.8977   -19.9704   -20.4460   -20.6616   -20.7339     1.0727     1.5483     0.2155
167.963628  40.513096  19.4464  18.3413  17.7184  17.2743  16.9522    0.07560000   0.00007397  22659.303    22.175648   0.331757   1.735336     -61.667 0   0.242778   0.273641   0.138540   0.027489  -0.062849   -18.3641   -19.5001   -19.9879   -20.3209   -20.5527     1.1360     1.6238     0.3330
168.122413  40.550086  19.5389  18.1804  17.5095  17.0284  16.7749    0.07510000   0.00017994  22522.298    53.944655   0.333425   1.744064    -198.672 0   0.296116   0.270255   0.132970   0.044472  -0.009891   -18.3317   -19.6643   -20.1980   -20.5906   -20.7897     1.3326     1.8663     0.3926
167.874888  40.508250  18.9723  17.4200  16.6348  16.2475  15.9764    0.07460000   0.00015619  22351.237    46.824584   0.335228   1.753494    -369.734 0   0.278979   0.217190   0.101976   0.044059   0.030220   -18.8666   -20.3571   -21.0271   -21.3565   -21.6138     1.4905     2.1605     0.3294
168.009841  40.514522  18.5084  16.6279  15.6980  15.2613  14.9409    0.07420000   0.00016732  22246.069    50.161274   0.336398   1.759613    -474.901 0   0.435840   0.348165   0.132025   0.089598   0.065112   -19.4757   -21.2685   -21.9822   -22.3765   -22.6724     1.7928     2.5066     0.3943
168.076668  40.529041  19.5765  17.6489  16.7135  16.2644  15.9267    0.07580000   0.00017239  22728.136    51.681222   0.337661   1.766222       7.165 0   0.471492   0.383240   0.147069   0.096893   0.066845   -18.4897   -20.3291   -21.0283   -21.4272   -21.7349     1.8393     2.5386     0.3989
168.302785  40.680590  19.9104  18.4161  17.6843  17.2375  16.9226    0.07550000   0.00016575  22631.543    49.690600   0.338081   1.768415     -89.428 0   0.330742   0.289102   0.134851   0.056768   0.018052   -17.9852   -19.4378   -20.0154   -20.3841   -20.6603     1.4527     2.0302     0.3687
167.989089  40.507648  19.8249  18.0658  17.2121  16.8220  16.5140    0.07640000   0.00014494  22918.474    43.451919   0.340004   1.778478     197.503 0   0.277021   0.212039   0.085188   0.046833   0.047712   -18.0610   -19.7551   -20.4820   -20.8337   -21.1426     1.6941     2.4210     0.3517
167.526179  41.021600  17.9582  16.6205  15.9635  15.5997  15.3450    0.07560000   0.00016138  22666.498    48.380507   0.341468   1.786135     -54.472 0   0.238116   0.196261   0.110829   0.023522  -0.038921   -19.8476   -21.1435   -21.7151   -21.9916   -22.1838     1.2958     1.8674     0.2765
167.900484  40.493493  18.5962  17.1219  16.3785  15.9904  15.6810    0.07590000   0.00016401  22743.785    49.168961   0.348988   1.825468      22.814 0   0.281320   0.226163   0.112123   0.042912   0.014420   -19.2797   -20.6988   -21.3282   -21.6471   -21.9280     1.4191     2.0485     0.3189
168.268533  40.612714  19.9066  18.2272  17.4003  17.0045  16.7030    0.07300000   0.00015421  21871.479    46.230995   0.355190   1.857909    -849.492 0   0.280220   0.215225   0.090998   0.046557   0.044090   -17.8832   -19.4976   -20.2002   -20.5516   -20.8506     1.6144     2.3171     0.3514
167.555411  41.086490  18.1778  16.6791  15.9321  15.5071  15.2455    0.07410000   0.00013328  22225.144    39.956339   0.362906   1.898270    -495.827 0   0.319636   0.279897   0.132873   0.052982   0.011970   -19.6871   -21.1461   -21.7460   -22.0912   -22.3117     1.4590     2.0589     0.3451
168.292530  40.612112  19.0454  17.1426  16.2270  15.7936  15.4789    0.07850000   0.00019116  23528.851    57.308326   0.369599   1.933278     807.881 0   0.375821   0.292870   0.108132   0.073893   0.062408   -18.9802   -20.8001   -21.5309   -21.9301   -22.2333     1.8198     2.5507     0.3992
167.951413  40.473175  18.7201  16.9199  16.0379  15.6144  15.3160    0.07540000   0.00015968  22597.246    47.870860   0.370526   1.938129    -123.724 0   0.314447   0.242829   0.091110   0.057561   0.055642   -19.1533   -20.8818   -21.6121   -22.0021   -22.2986     1.7286     2.4589     0.3900
167.956060  40.461245  18.2368  17.1598  16.5873  16.2234  15.9927    0.08550000   0.00009502  25627.818    28.486279   0.382717   2.001895    2906.848 1   0.193684   0.209094   0.120657   0.000091  -0.096980   -19.8140   -20.9064   -21.3905   -21.6338   -21.7675     1.0924     1.5765     0.2433
168.052181  40.474921  19.9871  18.1729  17.2386  16.8350  16.5201    0.07730000   0.00015280  23184.420    45.808288   0.382812   2.002396     463.449 0   0.365138   0.282264   0.102570   0.070699   0.062560   -18.0125   -19.7438   -20.4984   -20.8702   -21.1769     1.7313     2.4859     0.3717
168.027608  41.219443  18.4675  16.4319  15.4865  15.0424  14.7175    0.07370000   0.00020403  22092.875    61.166655   0.387329   2.026022    -628.095 0   0.448656   0.353652   0.131262   0.092022   0.067966   -19.5146   -21.4552   -22.1782   -22.5831   -22.8839     1.9406     2.6636     0.4049
168.154242  40.501152  19.8488  18.0714  17.2143  16.8116  16.5619    0.07460000   0.00014604  22363.918    43.781691   0.387917   2.029096    -357.053 0   0.290979   0.224393   0.090176   0.050518   0.048971   -18.0021   -19.7129   -20.4358   -20.7988   -21.0470     1.7108     2.4337     0.3630
167.963065  40.455820  19.7852  17.9657  17.0196  16.5844  16.2271    0.07250000   0.00014920  21743.407    44.729035   0.388627   2.032812    -977.563 1   0.462726   0.374505   0.143401   0.095291   0.066365   -18.1508   -19.8821   -20.5971   -20.9842   -21.3126     1.7313     2.4463     0.3871
168.348221  40.628039  19.6315  18.0414  17.2702  16.9215  16.6879    0.07360000   0.00014937  22053.453    44.779999   0.394532   2.063697    -667.518 0   0.187143   0.127036   0.064087   0.024025   0.027019   -18.0862   -19.6161   -20.3244   -20.6330   -20.8696     1.5300     2.2382     0.3086
168.337008  40.608781  19.7734  18.0096  17.1383  16.7370  16.4342    0.07370000   0.00015716  22090.717    47.115383   0.398415   2.084010    -630.254 0   0.313838   0.244720   0.097120   0.057179   0.051830   -18.0739   -19.7686   -20.4923   -20.8536   -21.1511     1.6947     2.4184     0.3614
167.437183  40.635408  18.9722  17.9628  17.6303  17.3902  17.2728    0.07450000   0.00008989  22341.463    26.948344   0.413528   2.163061    -379.507 0   0.137450   0.021334   0.072597  -0.034498  -0.021563   -18.7223   -19.6155   -19.9993   -20.1323   -20.2626     0.8933     1.2770     0.1330
167.999706  40.427751  18.9805  16.9186  15.8971  15.4251  15.0787    0.08690000   0.00017831  26061.048    53.455993   0.420117   2.197527    3340.078 1   0.620442   0.499924   0.183231   0.114244   0.084037   -19.5325   -21.4738   -22.1787   -22.5817   -22.8979     1.9414     2.6462     0.4030
168.161974  40.459376  20.0749  18.4586  17.6718  17.2379  16.9596    0.07520000   0.00015313  22550.149    45.907219   0.427701   2.237198    -170.822 0   0.317950   0.260972   0.119590   0.055939   0.031093   -17.8204   -19.3798   -20.0252   -20.3954   -20.6489     1.5593     2.2047     0.3702
168.330229  41.130594  18.9199  17.8151  17.3763  17.0999  16.8766    0.06830000   0.00018336  20477.594    54.969945   0.428869   2.243307   -2243.377 1   0.136418   0.041516   0.063942  -0.005861  -0.065366   -18.5841   -19.5940   -20.0552   -20.2618   -20.4256     1.0099     1.4711     0.2066
167.359692  41.001227  18.4935  16.7165  15.8573  15.4562  15.1582    0.07560000   0.00016495  22655.166    49.450766   0.445865   2.332206     -65.804 0   0.297461   0.229602   0.089841   0.052661   0.051382   -19.3717   -21.0808   -21.8003   -22.1642   -22.4609     1.7091     2.4286     0.3639
167.328820  40.752991  19.1586  17.6871  17.0045  16.6179  16.3863    0.07620000   0.00016941  22829.465    50.787840   0.448965   2.348422     108.495 0   0.220235   0.153341   0.087473   0.020508  -0.000293   -18.6466   -20.0512   -20.6679   -20.9876   -21.1984     1.4046     2.0213     0.3196
168.070015  40.404611  18.8438  17.5548  16.8832  16.5075  16.2560    0.06940000   0.00009242  20814.800    27.706819   0.454136   2.375472   -1906.170 1   0.252717   0.231585   0.123295   0.028222  -0.042590   -18.7901   -20.0580   -20.6213   -20.9019   -21.0826     1.2679     1.8312     0.2806
168.239876  40.453805  19.3486  17.4258  16.5225  16.1080  15.7749    0.07430000   0.00016221  22280.336    48.629335   0.461663   2.414842    -440.635 0   0.349163   0.268707   0.096834   0.066452   0.061495   -18.5517   -20.3940   -21.1255   -21.5096   -21.8377     1.8423     2.5738     0.3841
168.520235  40.808585  17.8779  16.5765  15.9511  15.5977  15.3413    0.06680000   0.00010876  20040.886    32.605428   0.462585   2.419664   -2680.085 1   0.219498   0.172194   0.104061   0.015685  -0.053913   -19.6608   -20.9149   -21.4722   -21.7372   -21.9240     1.2541     1.8114     0.2650
168.318404  40.495156  20.2070  18.4594  17.6110  17.1967  16.9334    0.07340000   0.00017273  22008.454    51.783151   0.464596   2.430185    -712.517 0   0.287522   0.221115   0.087940   0.049700   0.049381   -17.6051   -19.2863   -20.0015   -20.3776   -20.6406     1.6812     2.3964     0.3761
168.142896  40.409350  18.5185  17.0484  16.2417  15.8109  15.5154    0.07900000   0.00012412  23676.889    37.210240   0.467406   2.444884     955.918 1   0.371624   0.335163   0.148895   0.069700   0.028935   -19.5380   -20.9716   -21.5920   -21.9436   -22.1984     1.4336     2.0541     0.3516
167.507528  41.197202  19.1446  17.4032  16.5367  16.0971  15.7653    0.07250000   0.00015583  21724.670    46.716659   0.467733   2.446592    -996.300 1   0.400146   0.337074   0.140235   0.079920   0.050611   -18.7288   -20.4072   -21.0768   -21.4561   -21.7586     1.6783     2.3480     0.3793
167.972253  40.376762  19.1675  17.6426  16.9303  16.5221  16.2768    0.08750000   0.00016204  26242.063    48.578370   0.467983   2.447902    3521.092 1   0.246268   0.182302   0.092290   0.031414   0.020369   -18.9625   -20.4234   -21.0457   -21.3930   -21.6273     1.4609     2.0832     0.3473
168.319135  40.482046  18.9153  17.8269  17.2712  16.9321  16.7601    0.07420000   0.00009573  22246.009    28.699132   0.474834   2.483738    -474.961 0   0.176454   0.188395   0.115625  -0.014794  -0.102809   -18.8094   -19.9097   -20.3926   -20.6013   -20.6853     1.1003     1.5833     0.2087
167.280915  40.800108  19.4250  17.5662  16.6604  16.1900  15.8107    0.07600000   0.00014333  22786.805    42.969253   0.478087   2.500753      65.834 0   0.477987   0.402195   0.158465   0.096518   0.064077   -18.6534   -20.4364   -21.0985   -21.5070   -21.8538     1.7830     2.4451     0.4085
168.488952  40.648108  19.9601  18.3358  17.5148  17.1184  16.7127    0.06990000   0.00015088  20953.334    45.232686   0.478867   2.504835   -1767.636 1   0.172427   0.140371   0.051902   0.031145   0.037278   -17.6092   -19.2014   -19.9339   -20.3096   -20.7214     1.5922     2.3248     0.3756
168.114742  40.388208  18.6400  17.1888  16.4680  16.0822  15.7925    0.07660000   0.00019322  22975.464    57.925899   0.479779   2.509602     254.494 0   0.273069   0.219556   0.111714   0.039426   0.006724   -19.2294   -20.6271   -21.2401   -21.5536   -21.8106     1.3977     2.0106     0.3135
168.058053  40.371268  19.4642  17.7911  16.9831  16.5782  16.3089    0.07200000   0.00014033  21584.248    42.069876   0.484192   2.532689   -1136.723 1   0.271332   0.206904   0.089519   0.043501   0.041504   -18.2653   -19.8740   -20.5646   -20.9235   -21.1908     1.6087     2.2993     0.3589
168.017251  40.355219  18.4764  17.2205  16.6619  16.3465  16.1924    0.08790000   0.00009199  26340.575    27.577908   0.493841   2.583161    3619.604 1   0.128251   0.055671   0.052711   0.011435  -0.037775   -19.5481   -20.7315   -21.2871   -21.5612   -21.6661     1.1833     1.7390     0.2741
168.060372  40.361200  18.6367  16.4340  15.3699  14.8914  14.6086    0.07740000   0.00019538  23204.806    58.573450   0.494395   2.586054     483.835 0   0.657108   0.525043   0.189726   0.117160   0.088488   -19.6394   -21.7101   -22.4389   -22.8448   -23.0989     2.0706     2.7994     0.4059
168.382217  40.497347  20.2670  18.5651  17.7114  17.3578  17.0709    0.06660000   0.00015548  19952.597    46.611731   0.496452   2.596815   -2768.373 1   0.262165   0.198572   0.083298   0.042098   0.043490   -17.2865   -18.9249   -19.6633   -19.9757   -20.2640     1.6383     2.3767     0.3124
168.063925  40.358660  19.6669  17.7575  16.8174  16.4131  16.0759    0.07710000   0.00015966  23124.431    47.864864   0.497488   2.602234     403.461 0   0.390625   0.303940   0.111333   0.077512   0.064209   -18.3343   -20.1570   -20.9045   -21.2750   -21.5989     1.8227     2.5702     0.3705
167.626684  41.293231  18.7910  17.5674  17.0225  16.7084  16.5292    0.06380000   0.00016819  19129.487    50.422094   0.499316   2.611800   -3591.484 1   0.156059   0.071264   0.066775   0.004649  -0.058290   -18.5592   -19.6980   -20.2385   -20.4904   -20.6067     1.1388     1.6792     0.2520
168.218222  40.399684  19.7457  18.4350  17.7892  17.4336  17.1709    0.07450000   0.00014811  22324.375    44.402261   0.500226   2.616560    -396.595 0   0.227348   0.182113   0.106724   0.019170  -0.046601   -18.0386   -19.3041   -19.8745   -20.1426   -20.3395     1.2655     1.8359     0.2680
168.515151  40.626451  19.0452  17.0146  16.0837  15.6648  15.3328    0.07570000   0.00018343  22703.403    54.990931   0.505906   2.646268     -17.568 0   0.399124   0.310841   0.113862   0.079683   0.064913   -18.9245   -20.8669   -21.6008   -21.9855   -22.3027     1.9423     2.6762     0.3847
168.531938  40.640255  18.3906  17.3326  16.8124  16.3675  16.1964    0.06380000   0.00003264  19140.130     9.785226   0.511811   2.677157   -3580.841 1   0.175643   0.225546   0.125407  -0.009746  -0.099132   -18.9792   -20.0871   -20.5072   -20.8169   -20.8986     1.1079     1.5280     0.3097
167.308595  41.080630  19.6312  17.7079  16.8059  16.3421  15.9766    0.07210000   0.00014434  21619.143    43.272043   0.513835   2.687745   -1101.827 1   0.453627   0.370512   0.143779   0.093359   0.064225   -18.2868   -20.1270   -20.8023   -21.2156   -21.5520     1.8402     2.5155     0.4134
168.562300  40.996946  19.3223  17.4682  16.5924  16.1938  15.8955    0.07490000   0.00016917  22468.246    50.715890   0.516818   2.703348    -252.725 0   0.272014   0.208554   0.078300   0.046798   0.050679   -18.4941   -20.2848   -21.0303   -21.3974   -21.6996     1.7906     2.5362     0.3671
168.220853  40.376905  19.0983  17.2703  16.3408  15.9292  15.5914    0.07600000   0.00016513  22793.191    49.504729   0.521388   2.727250      72.220 0   0.390794   0.308892   0.116850   0.078460   0.061734   -18.8929   -20.6390   -21.3765   -21.7497   -22.0708     1.7461     2.4836     0.3732
168.597906  40.791205  18.1139  16.8895  16.3574  16.0345  15.8703    0.07010000   0.00009212  21013.413    27.616881   0.522620   2.733693   -1707.558 1   0.177700   0.095635   0.080721  -0.007226  -0.081485   -19.4849   -20.6272   -21.1444   -21.3793   -21.4693     1.1423     1.6595     0.2350
168.560450  41.022509  19.3893  17.5715  16.7501  16.3941  16.1164    0.06500000   0.00015053  19496.733    45.127759   0.523715   2.739422   -3224.238 1   0.167834   0.127563   0.053352   0.027809   0.033481   -18.0382   -19.8157   -20.5629   -20.8933   -21.1767     1.7775     2.5247     0.3305
168.576113  40.693832  19.5138  17.7407  16.8773  16.5078  16.1742    0.07560000   0.00016353  22660.982    49.025061   0.525076   2.746543     -59.988 0   0.191448   0.153288   0.056312   0.033313   0.040305   -18.2454   -19.9803   -20.7467   -21.0932   -21.4338     1.7349     2.5014     0.3465
168.176134  40.344619  19.7291  17.6628  16.7350  16.3150  16.0082    0.07360000   0.00015234  22077.676    45.670383   0.536842   2.808088    -643.295 0   0.366598   0.283759   0.103404   0.071146   0.062507   -18.1680   -20.1515   -20.8989   -21.2867   -21.5848     1.9835     2.7309     0.3877
167.343649  40.516015  19.1513  17.8994  17.4091  17.0245  16.8582    0.07420000   0.00008199  22247.239    24.579984   0.538848   2.818579    -473.732 0   0.183619   0.117838   0.092121  -0.014439  -0.096519   -18.5805   -19.7666   -20.2312   -20.5093   -20.5935     1.1861     1.6507     0.2780
168.606332  40.712831  19.8442  17.9229  16.9951  16.5413  16.2004    0.06710000   0.00016817  20108.939    50.416098   0.542189   2.836058   -2612.032 1   0.481463   0.396651   0.153650   0.098170   0.066616   -17.9450   -19.7814   -20.4662   -20.8646   -21.1739     1.8365     2.5213     0.3983
167.846496  40.295058  18.7856  17.0344  16.1390  15.7249  15.4268    0.07910000   0.00015257  23701.772    45.739335   0.549473   2.874156     980.801 1   0.376443   0.304428   0.121935   0.075194   0.055109   -19.2784   -20.9576   -21.6705   -22.0379   -22.3159     1.6792     2.3921     0.3674
167.481495  41.293180  19.0261  17.3197  16.4065  15.9842  15.6595    0.07540000   0.00016161  22612.476    48.449459   0.555414   2.905231    -108.495 0   0.449924   0.382133   0.153943   0.090818   0.058653   -18.9827   -20.6214   -21.3064   -21.6655   -21.9581     1.6386     2.3236     0.3592
167.620943  41.353498  18.8857  17.0872  16.2071  15.8312  15.5566    0.07770000   0.00015525  23284.431    46.542779   0.556033   2.908469     563.460 0   0.291538   0.224507   0.088346   0.050957   0.050450   -19.0545   -20.7860   -21.5299   -21.8684   -22.1425     1.7315     2.4754     0.3385
167.321518  40.501750  19.2876  17.4936  16.6447  16.2684  15.9697    0.07470000   0.00015680  22394.557    47.007457   0.560811   2.933462    -326.414 0   0.239654   0.181492   0.072429   0.038403   0.044047   -18.4937   -20.2295   -20.9693   -21.3116   -21.6160     1.7358     2.4757     0.3423
168.622160  40.661851  19.2531  17.8071  17.0518  16.6387  16.4039    0.08030000   0.00015367  24059.574    46.069107   0.567918   2.970638    1338.603 1   0.306367   0.272998   0.132430   0.048147   0.000799   -18.7525   -20.1651   -20.7798   -21.1087   -21.2961     1.4126     2.0274     0.3288
167.238184  40.579228  18.4407  16.5208  15.5856  15.1333  14.8048    0.07610000   0.00016835  22811.118    50.470060   0.572601   2.995131      90.148 0   0.473223   0.386756   0.149136   0.096993   0.066486   -19.6146   -21.4481   -22.1456   -22.5458   -22.8438     1.8334     2.5310     0.4002
167.986225  40.272214  19.2252  17.4236  16.4765  16.0821  15.7629    0.07700000   0.00015942  23088.276    47.792914   0.573064   2.997556     367.306 0   0.375885   0.293278   0.108590   0.073983   0.062209   -18.7584   -20.4774   -21.2398   -21.5996   -21.9070     1.7190     2.4814     0.3598
168.633242  41.034017  18.2159  17.1994  16.8129  16.4852  16.3718    0.06650000   0.00007450  19927.744    22.334538   0.579438   3.030898   -2793.226 1   0.161408   0.091038   0.095930  -0.069601  -0.067471   -19.2336   -20.1797   -20.5711   -20.7333   -20.8488     0.9461     1.3375     0.1622
168.410101  40.400362  20.0742  18.2549  17.4352  17.0729  16.8383    0.07690000   0.00013836  23065.252    41.479284   0.581639   3.042408     344.282 0   0.215475   0.156742   0.069662   0.030860   0.036183   -17.7674   -19.5280   -20.2606   -20.5841   -20.8240     1.7606     2.4932     0.3235
167.672343  41.398699  19.1415  17.3169  16.3923  15.9892  15.6660    0.07580000   0.00015422  22713.266    46.233993   0.584724   3.058545      -7.705 0   0.368251   0.288863   0.108771   0.072325   0.060328   -18.8215   -20.5667   -21.3112   -21.6778   -21.9890     1.7452     2.4897     0.3667
167.561147  41.365025  19.8482  18.1441  17.2999  16.9452  16.6669    0.07600000   0.00014094  22788.244    42.252749   0.585616   3.063210      67.273 0   0.261228   0.197535   0.084136   0.041455   0.042283   -18.0135   -19.6539   -20.3847   -20.6967   -20.9758     1.6404     2.3712     0.3120
168.238209  40.306951  18.3116  16.3925  15.4490  15.0299  14.7273    0.07550000   0.00020280  22638.138    60.797910   0.590089   3.086611     -82.833 0   0.392459   0.305315   0.111751   0.077956   0.064417   -19.6457   -21.4777   -22.2276   -22.6129   -22.9020     1.8320     2.5819     0.3853
168.186436  40.284898  19.7368  17.8914  16.9857  16.5909  16.2881    0.07250000   0.00016635  21726.919    49.870475   0.595329   3.114016    -994.052 1   0.325393   0.251584   0.093748   0.060462   0.057198   -18.0619   -19.8335   -20.5813   -20.9429   -21.2424     1.7716     2.5195     0.3615
168.571608  40.515038  20.0944  18.3320  17.4625  17.0815  16.7399    0.07310000   0.00015541  21923.643    46.590746   0.597811   3.126999    -797.328 1   0.335221   0.264706   0.105416   0.063582   0.053100   -17.7565   -19.4484   -20.1586   -20.4977   -20.8289     1.6919     2.4021     0.3392
168.592291  40.532584  18.2663  16.1446  15.2452  14.8393  14.5506    0.07300000   0.00018983  21891.445    56.909602   0.601743   3.147569    -829.526 1   0.303949   0.233207   0.083886   0.054983   0.056488   -19.5472   -21.5981   -22.3482   -22.7252   -23.0154     2.0510     2.8010     0.3770
167.119465  40.768794  18.8306  17.4905  16.8699  16.4591  16.2602    0.07380000   0.00004034  22131.938    12.093628   0.602862   3.153418    -589.032 0   0.216435   0.154354   0.093950   0.014852  -0.029914   -18.9010   -20.1791   -20.7393   -21.0710   -21.2251     1.2780     1.8382     0.3317
167.781294  41.437714  18.9712  17.4684  16.6395  16.2319  15.9269    0.07660000   0.00014976  22955.079    44.896919   0.603273   3.155569     234.108 0   0.362047   0.316597   0.141325   0.066781   0.031227   -18.9872   -20.4446   -21.0982   -21.4313   -21.7007     1.4574     2.1110     0.3331
168.477644  40.412194  18.1163  16.1658  15.2662  14.8643  14.5553    0.06370000   0.00018350  19085.897    55.011916   0.607640   3.178414   -3635.073 1   0.320763   0.246339   0.088894   0.059205   0.058353   -19.3988   -21.2749   -22.0170   -22.3892   -22.6974     1.8761     2.6182     0.3722
168.509297  40.436133  18.7752  17.1989  16.4817  16.1186  15.8635    0.07420000   0.00013773  22234.557    41.290415   0.608545   3.183149    -486.413 0   0.139224   0.091339   0.048222   0.020450   0.022130   -18.9122   -20.4406   -21.1147   -21.4501   -21.7068     1.5284     2.2025     0.3353
168.713603  40.806993  18.2484  16.6998  15.9857  15.6249  15.3565    0.07960000   0.00013846  23851.728    41.509264   0.608663   3.183764    1130.757 1   0.100862   0.065585   0.032955   0.016661   0.017395   -19.5538   -21.0671   -21.7486   -22.0931   -22.3622     1.5133     2.1948     0.3445
168.387366  40.347225  21.1370  19.0925  17.9231  17.7777  17.2813    0.07530000   0.00020076  22584.655    60.186334   0.612696   3.204860    -136.316 0   0.445521   0.350905   0.130139   0.091326   0.067764   -16.8676   -18.8175   -19.7661   -19.8727   -20.3455     1.9499     2.8985     0.1066
168.531700  40.444767  20.0859  17.9975  17.0900  16.6774  16.3835    0.07810000   0.00016495  23400.120    49.450766   0.615655   3.220340     679.150 0   0.328103   0.252048   0.090827   0.061072   0.059252   -17.9021   -19.9144   -20.6607   -21.0435   -21.3356     2.0123     2.7586     0.3828
168.503903  41.271688  18.5748  17.4858  17.0635  16.7943  16.6409    0.07500000   0.00009576  22471.963    28.708126   0.621194   3.249311    -249.008 0   0.136277   0.037443   0.065274  -0.010455  -0.060550   -19.1331   -20.1232   -20.5734   -20.7668   -20.8701     0.9902     1.4403     0.1935
167.596605  41.418385  18.1319  16.6662  15.9423  15.5532  15.2788    0.06340000   0.00015837  18998.927    47.478132   0.622987   3.258689   -3722.043 1   0.274402   0.222733   0.113558   0.039394   0.004118   -19.3478   -20.7618   -21.3766   -21.6915   -21.9306     1.4140     2.0288     0.3149
168.732580  40.780058  18.9800  17.0179  16.0611  15.6408  15.2974    0.07930000   0.00017157  23762.869    51.435392   0.625105   3.269768    1041.899 1   0.454650   0.359046   0.133526   0.093361   0.068308   -19.1649   -21.0313   -21.7626   -22.1428   -22.4611     1.8665     2.5978     0.3801
168.458450  40.372383  20.4285  18.4749  17.5715  17.1516  16.8640    0.07330000   0.00015041  21989.687    45.091784   0.626749   3.278368    -731.284 1   0.307768   0.236115   0.084939   0.055922   0.056960   -17.4009   -19.2828   -20.0350   -20.4259   -20.7146     1.8819     2.6342     0.3909
168.545365  40.438008  19.5788  18.2246  17.5780  17.2359  17.0127    0.07820000   0.00014755  23434.567    44.234377   0.627914   3.284462     713.596 1   0.153410   0.084584   0.058803   0.015698  -0.001050   -18.2161   -19.5014   -20.1222   -20.4212   -20.6277     1.2854     1.9062     0.2990
168.297988  40.284886  20.0374  18.1725  17.1670  16.6637  16.2954    0.07590000   0.00016781  22746.993    50.308172   0.629918   3.294945      26.022 0   0.643542   0.514121   0.186624   0.116242   0.086837   -18.2007   -19.9362   -20.6142   -21.0471   -21.3860     1.7355     2.4135     0.4329
168.438137  40.352849  20.0855  18.1130  17.2258  16.8511  16.5572    0.07530000   0.00016475  22560.582    49.390807   0.631706   3.304296    -160.389 0   0.270083   0.207671   0.075736   0.046764   0.051584   -17.7436   -19.6537   -20.4090   -20.7547   -21.0534     1.9101     2.6654     0.3457
168.731463  40.716769  19.1532  17.2691  16.3681  15.9559  15.6188    0.07500000   0.00016143  22487.972    48.395496   0.633721   3.314838    -232.999 0   0.345213   0.265531   0.095656   0.065432   0.061118   -18.7636   -20.5680   -21.2991   -21.6811   -22.0139     1.8044     2.5355     0.3820
167.520248  41.403968  19.6877  17.7933  16.9080  16.5255  16.2319    0.07570000   0.00014161  22703.043    42.453610   0.634409   3.318438     -17.928 0   0.309396   0.239006   0.090703   0.056162   0.054458   -18.1923   -20.0163   -20.7533   -21.1013   -21.3932     1.8240     2.5610     0.3480
167.496551  41.396180  18.8877  16.9229  15.9989  15.5965  15.2942    0.07530000   0.00015846  22582.916    47.505113   0.636154   3.327565    -138.054 0   0.332412   0.255454   0.092094   0.062168   0.059716   -19.0038   -20.8916   -21.6523   -22.0247   -22.3246     1.8878     2.6485     0.3725
167.109668  40.645559  18.5351  16.6450  15.7406  15.2977  14.9616    0.07440000   0.00015985  22312.623    47.921824   0.636942   3.331684    -408.347 0   0.420372   0.338112   0.130220   0.086200   0.062425   -19.4363   -21.2441   -21.9406   -22.3395   -22.6518     1.8078     2.5043     0.3989
167.172065  40.531755  18.9131  17.1030  16.1773  15.7398  15.3680    0.07530000   0.00015525  22562.740    46.542779   0.639131   3.343133    -158.230 0   0.465088   0.381414   0.147994   0.095404   0.065141   -19.1110   -20.8375   -21.5298   -21.9147   -22.2562     1.7264     2.4187     0.3849
167.131134  40.582829  19.3838  18.0445  17.4525  17.0978  16.8708    0.07550000   0.00018511  22644.464    55.494582   0.644139   3.369330     -76.507 0   0.196887   0.128195   0.087598   0.004934  -0.053320   -18.3779   -19.6485   -20.1999   -20.4720   -20.6407     1.2706     1.8220     0.2720
168.439163  40.332106  20.2225  18.3593  17.4636  17.0875  16.8183    0.07780000   0.00014909  23330.629    44.696058   0.648392   3.391577     609.658 0   0.302164   0.233342   0.090047   0.054086   0.052718   -17.7282   -19.5226   -20.2750   -20.6151   -20.8829     1.7944     2.5468     0.3401
168.307398  40.264449  20.3352  18.4294  17.5139  17.0911  16.8188    0.07410000   0.00016621  22226.823    49.828504   0.651328   3.406932    -494.148 0   0.336099   0.258207   0.092878   0.063084   0.060240   -17.5462   -19.3741   -20.1242   -20.5173   -20.7867     1.8279     2.5781     0.3930
168.532620  40.385800  18.2701  17.1612  16.7282  16.4601  16.3256    0.07440000   0.00009703  22300.242    29.088862   0.655788   3.430262    -420.729 0   0.134838   0.039392   0.063653  -0.006763  -0.063219   -19.4157   -20.4292   -20.8865   -21.0841   -21.1622     1.0135     1.4707     0.1977
167.065879  40.680596  18.1834  16.2269  15.3090  14.9004  14.5677    0.07500000   0.00019383  22487.312    58.108772   0.659060   3.447381    -233.658 0   0.361914   0.279242   0.101047   0.069782   0.062514   -19.7501   -21.6239   -22.3636   -22.7410   -23.0664     1.8738     2.6135     0.3773
168.655622  41.189975  19.0022  17.8757  17.4578  17.1645  17.0004    0.06620000   0.00008472  19858.792    25.398417   0.662301   3.464333   -2862.179 1   0.162909   0.051648   0.076965  -0.031355  -0.071558   -18.4568   -19.4720   -19.9153   -20.1002   -20.2241     1.0152     1.4585     0.1850
167.052709  40.679772  19.7873  17.9638  17.0834  16.6889  16.3646    0.07360000   0.00015336  22072.460    45.976171   0.668923   3.498970    -648.511 0   0.299327   0.230359   0.086873   0.053494   0.053737   -18.0425   -19.7971   -20.5340   -20.8951   -21.2196     1.7545     2.4914     0.3611
168.422376  41.388802  19.4739  17.8773  16.9067  16.3508  15.9735    0.07330000   0.00010000  21984.111    29.979246   0.669753   3.503310    -736.860 1   0.642112   0.539273   0.196899   0.115573   0.087326   -18.6898   -20.1836   -20.8118   -21.2864   -21.6354     1.4938     2.1220     0.4746
167.213516  40.428500  20.2627  18.2801  17.3413  16.9533  16.5705    0.07310000   0.00015899  21915.668    47.664003   0.670264   3.505983    -805.303 1   0.384844   0.299002   0.109336   0.075972   0.063845   -17.6378   -19.5346   -20.2837   -20.6383   -21.0090     1.8968     2.6459     0.3546
168.541208  40.369873  18.9670  17.0344  16.1175  15.7217  15.4165    0.07620000   0.00017352  22851.081    52.019987   0.671575   3.512844     130.110 0   0.320514   0.245905   0.088257   0.059122   0.058580   -18.9385   -20.7965   -21.5557   -21.9224   -22.2270     1.8580     2.6172     0.3667
167.089592  40.585375  19.2498  17.3007  16.3087  15.8298  15.4207    0.07510000   0.00018148  22515.703    54.406335   0.672042   3.515285    -205.268 0   0.595603   0.475588   0.175169   0.112936   0.081199   -18.9203   -20.7494   -21.4410   -21.8576   -22.2350     1.8291     2.5207     0.4167
168.741739  40.603166  19.0213  17.3629  16.5201  16.0837  15.7790    0.07580000   0.00016499  22734.311    49.462758   0.672882   3.519677      13.341 0   0.396976   0.345554   0.147763   0.077232   0.043364   -18.9704   -20.5774   -21.2224   -21.5882   -21.8591     1.6070     2.2520     0.3659
168.457826  40.307906  20.3716  18.4818  17.5697  17.1829  16.8855    0.07290000   0.00015313  21860.416    45.907219   0.676159   3.536819    -860.554 1   0.308826   0.237253   0.086576   0.056129   0.056460   -17.4469   -19.2651   -20.0266   -20.3829   -20.6806     1.8182     2.5797     0.3564
168.750855  41.073836  19.3189  18.2899  17.7779  17.4220  17.2837    0.06680000   0.00008123  20018.971    24.352141   0.676625   3.539259   -2701.999 1   0.152358   0.195954   0.117084  -0.030875  -0.097533   -18.1526   -19.2252   -19.6584   -19.8663   -19.9380     1.0726     1.5057     0.2079
168.448160  40.298193  18.7560  16.6369  15.6797  15.2713  14.9572    0.07360000   0.00019619  22074.018    58.816282   0.679459   3.554081    -646.952 0   0.419098   0.327623   0.120445   0.084833   0.066264   -19.1936   -21.2212   -21.9713   -22.3440   -22.6396     2.0276     2.7776     0.3728
168.464722  41.379289  18.6372  17.0165  16.2134  15.8305  15.5596    0.06540000   0.00015213  19609.605    45.607427   0.681253   3.563463   -3111.366 1   0.259303   0.195263   0.087620   0.039307   0.037475   -18.8951   -20.4518   -21.1472   -21.4818   -21.7509     1.5567     2.2521     0.3346
167.294899  40.343620  18.7287  17.7055  17.1754  16.8374  16.6225    0.07630000   0.00007487  22888.794    22.445461   0.682346   3.569180     167.824 0   0.166091   0.187904   0.115624  -0.021599  -0.101616   -19.0464   -20.0914   -20.5493   -20.7500   -20.8849     1.0450     1.5028     0.2008
