166.100845  35.158245  20.4746  18.6040  17.6601  17.2256  16.8406    0.09980000   0.00018061  29914.311    54.145516   0.007610   0.050438      13.311 0   0.452545   0.367579   0.141773   0.093216   0.064809   -18.1508   -19.9365   -20.6546   -21.0405   -21.3971     1.7856     2.5037     0.3859
166.077870  35.147891  19.5332  17.7863  16.9350  16.5599  16.2473    0.10010000   0.00014611  30016.420    43.802676   0.018985   0.125832     115.420 0   0.258972   0.196302   0.080081   0.042055   0.045022   -18.9240   -20.6082   -21.3433   -21.6804   -21.9959     1.6842     2.4193     0.3371
166.108193  35.195649  18.8868  17.5683  16.9770  16.6371  16.4301    0.10080000   0.00016951  30212.784    50.817820   0.045413   0.300999     311.784 0   0.180194   0.101345   0.075449   0.006252  -0.043242   -19.5091   -20.7487   -21.3141   -21.5848   -21.7423     1.2397     1.8051     0.2707
166.155602  35.129380  18.7910  17.4117  16.7236  16.2662  16.0042    0.10010000   0.00009934  30014.022    29.781383   0.049561   0.328490     113.022 0   0.304888   0.273816   0.133083   0.047549  -0.001623   -19.7121   -21.0603   -21.6077   -21.9795   -22.1924     1.3482     1.8956     0.3719
166.174365  35.104001  18.2250  16.9063  16.2203  15.8307  15.5823    0.09940000   0.00015900  29814.030    47.667001   0.076081   0.504264     -86.970 0   0.262275   0.235537   0.123566   0.032173  -0.031606   -20.2014   -21.4934   -22.0674   -22.3656   -22.5502     1.2920     1.8660     0.2982
166.171529  35.075477  17.9876  16.0016  15.0560  14.6432  14.3396    0.09910000   0.00018127  29717.167    54.343379   0.094810   0.628401    -183.833 0   0.382947   0.297556   0.108882   0.075503   0.063637   -20.5717   -22.4723   -23.2292   -23.6086   -23.9004     1.9006     2.6575     0.3794
166.173524  35.058963  20.1963  18.3616  17.4766  17.0920  16.7947    0.09940000   0.00014319  29785.190    42.927282   0.109248   0.724097    -115.810 0   0.304588   0.234632   0.088079   0.054927   0.054555   -18.2724   -20.0372   -20.7756   -21.1271   -21.4240     1.7647     2.5032     0.3514
166.046946  35.270480  19.8478  18.0399  17.1430  16.7306  16.3900    0.09950000   0.00013949  29826.112    41.818050   0.127691   0.846339     -74.888 0   0.375260   0.297106   0.113815   0.074552   0.059473   -18.7149   -20.4446   -21.1582   -21.5314   -21.8569     1.7297     2.4434     0.3731
165.973250  35.021545  19.8505  18.0643  17.2362  16.8627  16.6017    0.10040000   0.00014535  30096.465    43.574834   0.165977   1.100094     195.465 0   0.231440   0.172202   0.072895   0.035193   0.040261   -18.5880   -20.3149   -21.0437   -21.3795   -21.6456     1.7270     2.4558     0.3358
166.263092  35.265139  19.7647  18.0263  17.0918  16.6823  16.3541    0.10610000   0.00014985  31817.873    44.923900   0.175242   1.161504    1916.873 1   0.421684   0.344870   0.136049   0.086519   0.059925   -18.9631   -20.6247   -21.3504   -21.7104   -22.0120     1.6616     2.3873     0.3600
166.183704  35.377276  19.0703  17.6699  16.9343  16.5321  16.3249    0.11210000   0.00014770  33613.030    44.279346   0.236551   1.567859    3712.030 1   0.292076   0.263337   0.130641   0.043089  -0.010300   -19.6476   -21.0193   -21.6222   -21.9369   -22.0907     1.3717     1.9746     0.3146
165.966215  35.413388  20.2169  18.2157  17.2447  16.8230  16.4567    0.09990000   0.00015344  29957.631    46.000155   0.284880   1.888185      56.631 0   0.461001   0.364404   0.135605   0.094740   0.068777   -18.4192   -20.3238   -21.0660   -21.4468   -21.7871     1.9046     2.6468     0.3808
165.787929  35.440354  18.5566  16.5553  15.5944  15.1742  14.8588    0.10180000   0.00018534  30508.379    55.563534   0.386520   2.561860     607.380 1   0.418307   0.326729   0.119955   0.084601   0.066295   -20.0989   -22.0086   -22.7627   -23.1476   -23.4447     1.9097     2.6638     0.3848
165.663517  35.303677  19.9963  18.2279  17.3846  16.9905  16.7244    0.10030000   0.00015034  30057.192    45.070798   0.388952   2.577976     156.192 0   0.276445   0.211501   0.086637   0.046243   0.046357   -18.4639   -20.1674   -20.8858   -21.2395   -21.5057     1.7035     2.4219     0.3537
165.775744  35.442987  18.9303  17.5115  16.8124  16.4423  16.1907    0.09940000   0.00017657  29801.439    52.934354   0.395131   2.618930     -99.561 0   0.240290   0.181500   0.100093   0.026734  -0.006518   -19.4741   -20.8341   -21.4518   -21.7486   -21.9669     1.3600     1.9777     0.2967
165.766343  35.445481  19.8230  18.1961  17.3645  16.9434  16.6228    0.09910000   0.00013673  29704.216    40.990623   0.402167   2.665567    -196.784 0   0.365312   0.313275   0.137879   0.068861   0.036942   -18.7186   -20.2935   -20.9497   -21.3018   -21.5905     1.5749     2.2311     0.3521
165.839206  35.504427  19.7084  17.9332  16.9869  16.5256  16.1934    0.09990000   0.00014036  29945.669    42.078869   0.413441   2.740290      44.669 0   0.502453   0.436067   0.171763   0.098560   0.065371   -18.9691   -20.6779   -21.3599   -21.7480   -22.0470     1.7088     2.3908     0.3881
165.768849  35.483050  20.0697  18.4114  17.5527  17.2020  16.9156    0.09970000   0.00012832  29901.210    38.469368   0.429170   2.844544       0.210 0   0.300239   0.235374   0.101025   0.052454   0.043374   -18.4012   -19.9947   -20.7190   -21.0212   -21.2985     1.5934     2.3178     0.3021
166.197972  35.598542  19.3928  17.6402  16.7688  16.3889  16.0651    0.09960000   0.00014847  29851.984    44.510186   0.454893   3.015037     -49.016 0   0.320907   0.250544   0.098289   0.059290   0.053305   -19.1154   -20.7976   -21.5168   -21.8577   -22.1755     1.6822     2.4014     0.3409
166.203592  35.624091  19.2951  17.5438  16.6139  16.1411  15.7559    0.09950000   0.00016674  29826.322    49.987394   0.480852   3.187089     -74.678 0   0.492572   0.419556   0.165116   0.098230   0.065151   -19.3849   -21.0632   -21.7386   -22.1446   -22.4967     1.6783     2.3537     0.4059
166.004301  34.659026  18.6070  16.6116  15.6615  15.2160  14.8746    0.09910000   0.00015456  29712.790    46.335922   0.497907   3.300131    -188.210 0   0.483923   0.389869   0.147809   0.099296   0.069059   -20.0532   -21.9546   -22.6626   -23.0596   -23.3708     1.9013     2.6094     0.3970
