173.749467  49.081386  17.7725  16.0032  15.2545  14.8680  14.5884    0.03150000   0.00018168   9448.289    54.466294   0.008667   0.020739    -531.802 0   0.095855   0.075739   0.031612   0.019523   0.021149   -18.0043   -19.7535   -20.4581   -20.8325   -21.1137     1.7492     2.4538     0.3744
173.704249  49.081376  19.1542  17.4003  16.6259  16.2219  16.2369    0.03170000   0.00017610   9495.566    52.793452   0.029921   0.071597    -484.525 0   0.231806   0.166035   0.084721   0.028272   0.022100   -16.7653   -18.4535   -19.1466   -19.4941   -19.4729     1.6881     2.3812     0.3476
173.705408  49.077633  15.8533  13.9367  13.1401  12.7061  12.3799    0.03330000   0.00024285   9997.689    72.804598   0.030511   0.073009      17.598 0   0.164742   0.135250   0.050072   0.030332   0.036073   -20.0920   -21.9791   -22.6905   -23.1048   -23.4367     1.8871     2.5985     0.4143
173.761879  49.125495  19.6377  18.0796  17.3777  17.0357  16.7677    0.03350000   0.00014700  10028.058    44.069491   0.036640   0.087674      47.967 0   0.047862   0.030953   0.013152   0.008655   0.008759   -16.2038   -17.7450   -18.4291   -18.7666   -19.0347     1.5412     2.2253     0.3375
173.776491  49.057748  19.1195  17.4065  16.6765  16.3119  16.0404    0.03470000   0.00016074  10417.038    48.188640   0.037260   0.089158     436.948 0   0.078784   0.056933   0.024934   0.015274   0.016105   -16.8510   -18.5422   -19.2402   -19.5951   -19.8674     1.6911     2.3891     0.3549
173.679064  49.090836  17.8072  16.0546  15.3064  14.9199  14.6563    0.03280000   0.00015920   9828.336    47.726959   0.045152   0.108042    -151.755 0   0.157042   0.110977   0.052560   0.024060   0.028270   -18.0975   -19.8040   -20.4938   -20.8518   -21.1196     1.7065     2.3963     0.3580
173.709932  49.050890  18.8088  17.1474  16.4295  16.0578  15.8016    0.03450000   0.00015145  10328.899    45.403568   0.046380   0.110980     348.809 0   0.149541   0.100585   0.051370   0.021864   0.024541   -17.1984   -18.8109   -19.4796   -19.8218   -20.0806     1.6124     2.2811     0.3422
173.806387  49.126979  18.4824  17.4813  17.0519  16.8555  16.6919    0.03880000   0.00007815  11622.294    23.428781   0.053192   0.127281    1642.203 1   0.053654   0.010379   0.016224   0.001280  -0.019209   -17.7063   -18.6641   -19.0994   -19.2808   -19.4239     0.9578     1.3931     0.1815
173.677598  49.053618  20.0938  18.3489  17.6277  17.2735  16.9985    0.03130000   0.00018595   9383.054    55.746408   0.058731   0.140534    -597.037 0   0.055279   0.039896   0.016458   0.011168   0.011349   -15.6286   -17.3581   -18.0559   -18.4048   -18.6799     1.7295     2.4273     0.3489
173.641434  49.087690  18.5841  16.8459  16.0467  15.6409  15.3439    0.03230000   0.00017791   9693.699    53.336076   0.069826   0.167082    -286.392 0   0.207256   0.155915   0.063901   0.032264   0.039106   -17.3588   -19.0456   -19.7528   -20.1270   -20.4308     1.6869     2.3940     0.3742
173.859322  49.087038  17.7303  15.9667  15.2295  14.8535  14.5731    0.03210000   0.00018438   9618.841    55.275733   0.072962   0.174587    -361.250 0   0.046220   0.038846   0.014683   0.011157   0.010653   -18.0096   -19.7658   -20.4789   -20.8513   -21.1312     1.7562     2.4693     0.3725
173.637393  49.101551  17.8782  16.1616  15.4009  15.0173  14.7417    0.03640000   0.00016472  10913.615    49.381814   0.073349   0.175512     933.524 0   0.162957   0.118849   0.053394   0.025724   0.030742   -18.2807   -19.9532   -20.6484   -21.0043   -21.2850     1.6725     2.3677     0.3559
173.634349  49.053317  18.3719  17.4665  17.1811  17.0080  16.8425    0.03200000   0.00008252   9578.969    24.738874   0.082976   0.198549    -401.122 0   0.088294   0.009785   0.038311  -0.013449  -0.006337   -17.4102   -18.2371   -18.5510   -18.6724   -18.8450     0.8269     1.1408     0.1213
173.872352  49.106958  17.2351  15.2293  14.3600  13.9029  13.5795    0.03810000   0.00017863  11410.041    53.551927   0.083181   0.199040    1429.950 0   0.339883   0.261754   0.094921   0.064128   0.060216   -19.2001   -21.1278   -21.8303   -22.2566   -22.5761     1.9277     2.6301     0.4263
173.629180  49.127764  18.0126  16.1782  15.3921  14.9948  14.7118    0.03340000   0.00015586  10026.739    46.725653   0.086491   0.206961      46.648 0   0.168129   0.129059   0.053085   0.028232   0.033976   -17.9360   -19.7313   -20.4414   -20.8139   -21.1026     1.7953     2.5055     0.3724
173.748538  48.988724  19.3318  17.6342  16.8686  16.5176  16.2310    0.03680000   0.00017685  11043.725    53.018296   0.101276   0.242338    1063.634 0   0.087136   0.066806   0.028377   0.017622   0.018805   -16.7476   -18.4248   -19.1520   -19.4923   -19.7800     1.6773     2.4044     0.3402
173.906237  49.072306  19.4447  18.0044  17.3327  17.0276  16.7954    0.03320000   0.00018692   9950.322    56.037206   0.105125   0.251548     -29.769 0   0.040377   0.020624   0.009572   0.005824   0.004055   -16.3911   -17.8117   -18.4723   -18.7737   -19.0041     1.4205     2.0812     0.3014
173.589543  49.125991  18.4389  16.8424  16.1479  15.8074  15.5463    0.03580000   0.00014541  10745.911    43.592821   0.109833   0.262814     765.820 0   0.058426   0.036514   0.016475   0.010062   0.010091   -17.5516   -19.1262   -19.8006   -20.1347   -20.3958     1.5746     2.2490     0.3341
173.916817  49.097968  18.2052  16.4304  15.6849  15.3134  15.0238    0.03350000   0.00017023  10049.883    51.033670   0.110840   0.265223      69.792 0   0.010048   0.009010   0.003178   0.002701   0.002361   -17.5985   -19.3722   -20.1119   -20.4829   -20.7722     1.7738     2.5134     0.3710
173.924961  49.077957  18.4747  16.7278  15.9767  15.5983  15.3129    0.03260000   0.00016205   9769.367    48.581368   0.116511   0.278794    -210.724 0   0.101263   0.078328   0.033414   0.019943   0.021855   -17.3540   -19.0780   -19.7842   -20.1491   -20.4364     1.7240     2.4302     0.3649
173.590774  49.149735  19.0854  18.0331  17.6782  17.4579  17.3641    0.03760000   0.00007588  11265.151    22.748252   0.119036   0.284835    1285.060 0   0.120268   0.018759   0.060966  -0.020957  -0.022407   -17.0800   -18.0308   -18.4279   -18.5663   -18.6587     0.9508     1.3479     0.1384
173.756784  49.213880  18.4403  17.5387  17.2295  17.0487  16.8778    0.03680000   0.00008351  11041.356    25.035668   0.124014   0.296745    1061.265 0   0.098764   0.011403   0.045997  -0.016935  -0.007793   -17.6507   -18.4649   -18.8087   -18.9266   -19.1066     0.8142     1.1580     0.1179
173.944830  49.105442  18.2459  17.1479  16.8643  16.7252  16.6553    0.02900000   0.00007944   8704.294    23.815513   0.129820   0.310640   -1275.797 0   0.069109   0.007438   0.025721  -0.008549  -0.005096   -17.3241   -18.3604   -18.6623   -18.7671   -18.8405     1.0363     1.3382     0.1048
173.567821  49.033926  19.0133  17.2386  16.4747  16.0984  15.8390    0.03230000   0.00016369   9690.222    49.073027   0.130641   0.312603    -289.869 0   0.157042   0.111635   0.052395   0.024262   0.028587   -16.8793   -18.6086   -19.3133   -19.6615   -19.9252     1.7293     2.4340     0.3482
173.560588  49.043173  16.4212  14.5376  13.7594  13.3753  13.0728    0.03170000   0.00019629   9500.153    58.846262   0.131361   0.314326    -479.938 0   0.056646   0.055607   0.019944   0.015648   0.014724   -19.3232   -21.2057   -21.9483   -22.3281   -22.6297     1.8826     2.6251     0.3798
173.933195  49.037634  17.6448  15.9694  15.1168  14.6764  14.2985    0.02960000   0.00017474   8888.607    52.385734   0.132101   0.316098   -1091.484 0   0.400067   0.336098   0.139428   0.080061   0.051176   -18.2793   -19.8907   -20.5466   -20.9277   -21.2767     1.6114     2.2674     0.3810
173.544058  49.105892  17.9723  17.1012  16.8556  16.6847  16.6539    0.03410000   0.00007418  10214.409    22.238605   0.134498   0.321833     234.318 0   0.094489   0.010744   0.042741  -0.015299  -0.007257   -17.9694   -18.7567   -19.0343   -19.1472   -19.1860     0.7874     1.0650     0.1129
173.940972  49.150880  17.8986  16.0497  15.3029  14.9378  14.6517    0.03340000   0.00015898  10009.111    47.661005   0.140272   0.335650      29.020 0   0.006108   0.006085   0.002110   0.001842   0.001530   -17.8879   -19.7368   -20.4796   -20.8445   -21.1303     1.8489     2.5917     0.3648
173.932155  49.166621  17.2044  15.6225  14.8705  14.4809  14.2054    0.03530000   0.00008413  10589.809    25.221539   0.142880   0.341889     609.718 0   0.204764   0.142503   0.069722   0.026312   0.029250   -18.9017   -20.4213   -21.1005   -21.4467   -21.7252     1.5196     2.1989     0.3462
173.718442  49.234444  18.7138  17.0235  16.3101  15.9380  15.6428    0.02970000   0.00017869   8892.414    53.569914   0.145735   0.348722   -1087.677 0   0.000439   0.000369   0.000132   0.000110   0.000100   -16.8105   -18.5007   -19.2139   -19.5860   -19.8812     1.6902     2.4034     0.3721
173.567517  49.003994  17.9310  16.1063  15.2907  14.9217  14.6092    0.03520000   0.00017081  10565.106    51.207550   0.146174   0.349771     585.015 0   0.122731   0.103554   0.039846   0.025030   0.028199   -18.0932   -19.8987   -20.6506   -21.0048   -21.3204     1.8055     2.5574     0.3542
173.648104  49.222500  18.6995  17.0861  16.3543  15.9844  15.6836    0.03160000   0.00017952   9484.864    53.818742   0.147770   0.353590    -495.227 0   0.092805   0.068896   0.030246   0.017900   0.019339   -17.0812   -18.6707   -19.3638   -19.7214   -20.0236     1.5895     2.2826     0.3576
173.616634  48.963423  18.2386  16.4643  15.6521  15.2833  14.9682    0.03400000   0.00017387  10188.417    52.124915   0.153045   0.366213     208.326 0   0.113764   0.096969   0.037335   0.023895   0.026502   -17.7225   -19.4800   -20.2326   -20.5879   -20.9056     1.7575     2.5101     0.3554
173.702731  49.241721  19.0700  17.6238  16.9180  16.5607  16.2896    0.02970000   0.00020515   8918.796    61.502423   0.154590   0.369910   -1061.295 0   0.124349   0.077567   0.042975   0.018204   0.018056   -16.5782   -17.9776   -18.6489   -18.9814   -19.2523     1.3994     2.0706     0.3325
173.621298  48.951004  17.0867  16.2280  15.9359  15.7828  15.6382    0.02820000   0.00008118   8442.965    24.337152   0.161878   0.387350   -1537.126 0   0.054633   0.005481   0.017640  -0.006254  -0.003177   -18.3786   -19.1881   -19.4924   -19.6216   -19.7693     0.8095     1.1138     0.1292
173.972390  49.158615  19.3712  17.8554  17.1607  16.8159  16.4948    0.03520000   0.00008863  10552.665    26.570606   0.162177   0.388065     572.574 0   0.006888   0.004949   0.001828   0.001444   0.001410   -16.5371   -18.0510   -18.7426   -19.0870   -19.4081     1.5139     2.2054     0.3444
173.515159  49.033176  18.7887  17.0367  16.2853  15.9147  15.7117    0.03370000   0.00017478  10096.350    52.397726   0.162725   0.389376     116.260 0   0.100721   0.075834   0.033154   0.019329   0.021178   -17.1400   -18.8672   -19.5759   -19.9326   -20.1375     1.7271     2.4358     0.3568
173.910043  48.964860  18.7746  16.9907  16.2198  15.8589  15.5755    0.03470000   0.00016349  10407.925    49.013069   0.164076   0.392608     427.834 0   0.090751   0.074022   0.030023   0.019309   0.020621   -17.2079   -18.9750   -19.7019   -20.0521   -20.3368     1.7672     2.4941     0.3502
173.496803  49.062066  15.7492  13.8635  13.0746  12.6628  12.4074    0.03170000   0.00020904   9490.080    62.668615   0.166857   0.399263    -490.011 0   0.165402   0.130843   0.051431   0.029041   0.034748   -20.1039   -21.9551   -22.6646   -23.0540   -23.3151     1.8511     2.5606     0.3894
173.507413  49.148062  18.8288  17.5918  16.9962  16.6819  16.4867    0.03070000   0.00010682   9212.023    32.023830   0.167912   0.401788    -768.068 0   0.126227   0.059724   0.049204   0.013478  -0.018533   -16.9224   -18.0929   -18.6779   -18.9565   -19.1197     1.1705     1.7556     0.2786
173.508982  49.152149  18.0375  16.2236  15.4452  15.0623  14.7653    0.03460000   0.00017460  10361.937    52.343763   0.168413   0.402986     381.846 0   0.104880   0.087428   0.034726   0.022017   0.024107   -17.9249   -19.7214   -20.4471   -20.8173   -21.1164     1.7964     2.5221     0.3702
173.883220  48.944032  18.1703  16.6313  15.9938  15.6906  15.4983    0.03020000   0.00013889   9053.582    41.638174   0.170728   0.408527    -926.509 0   0.052329   0.025075   0.013248   0.007232   0.002418   -17.4497   -18.9615   -19.5872   -19.8844   -20.0718     1.5117     2.1374     0.2972
173.878833  49.246042  20.7763  18.4349  17.6718  17.4288  17.1805    0.03580000   0.00017909  10718.180    53.689831   0.178017   0.425967     738.089 0   0.058788   0.037097   0.016671   0.010223   0.010302   -15.2145   -17.5342   -18.2769   -18.5135   -18.7618     2.3197     3.0624     0.2366
173.480602  49.026834  19.0677  17.3248  16.5426  16.1634  15.8806    0.03070000   0.00017221   9210.134    51.627259   0.186156   0.445442    -769.957 0   0.158422   0.116908   0.051758   0.025691   0.030623   -16.7157   -18.4170   -19.1341   -19.4872   -19.7750     1.7014     2.4184     0.3531
173.914947  48.924371  18.0483  16.2624  15.4699  15.1143  14.8163    0.03550000   0.00017327  10632.889    51.945039   0.198459   0.474882     652.798 0   0.093656   0.077751   0.031098   0.020125   0.021568   -17.9804   -19.7504   -20.4963   -20.8409   -21.1404     1.7700     2.5158     0.3446
173.785916  49.288477  17.5286  15.7285  14.9692  14.5808  14.2859    0.03290000   0.00016366   9848.872    49.064034   0.200024   0.478627    -131.219 0   0.046923   0.044162   0.016014   0.012734   0.011696   -18.2658   -20.0631   -20.7943   -21.1794   -21.4733     1.7973     2.5285     0.3851
173.537554  49.254563  18.5650  16.8708  16.2030  15.8123  15.4912    0.03720000   0.00004196  11161.453    12.579292   0.214648   0.513621    1181.362 0   0.001264   0.001000   0.000362   0.000296   0.000277   -17.4735   -19.1675   -19.8346   -20.2253   -20.5464     1.6939     2.3611     0.3906
174.068042  49.153960  19.3206  17.5980  16.8595  16.4782  16.1528    0.03790000   0.00009117  11359.166    27.332078   0.219129   0.524342    1379.075 0   0.006456   0.006341   0.002204   0.001917   0.001603   -16.7698   -18.4922   -19.2266   -19.6076   -19.9327     1.7225     2.4568     0.3810
173.414131  49.060063  18.0190  17.2557  17.1040  16.9958  16.8974    0.03200000   0.00007257   9596.087    21.755939   0.220682   0.528057    -384.004 0   0.006164   0.000517   0.001366  -0.000616  -0.000159   -17.6810   -18.4386   -18.5912   -18.6974   -18.7963     0.7577     0.9102     0.1062
174.022126  48.955033  19.1892  17.6129  16.8789  16.5150  16.2664    0.03450000   0.00015884  10344.309    47.619034   0.224594   0.537420     364.218 0   0.146327   0.097648   0.050439   0.021408   0.023763   -16.8148   -18.3424   -19.0292   -19.3641   -19.6151     1.5276     2.2144     0.3349
173.410024  49.049203  19.0839  17.6078  16.9718  16.6309  16.3376    0.03320000   0.00019321   9964.951    57.922901   0.225060   0.538533     -15.140 0   0.001016   0.000575   0.000228   0.000163   0.000155   -16.7126   -18.1882   -18.8239   -19.1647   -19.4580     1.4757     2.1113     0.3408
174.094676  49.055811  19.2965  17.6064  16.8364  16.4686  16.2039    0.03330000   0.00015540   9977.633    46.587748   0.229589   0.549370      -2.458 0   0.131696   0.095625   0.043951   0.022372   0.025697   -16.6158   -18.2698   -18.9881   -19.3343   -19.6024     1.6540     2.3724     0.3462
174.127287  49.131349  16.1424  14.3765  13.5848  13.2113  12.9395    0.03710000   0.00020239  11126.497    60.674996   0.251803   0.602526    1146.406 0   0.175181   0.128902   0.056476   0.027262   0.032981   -20.0702   -21.7898   -22.5091   -22.8534   -23.1309     1.7196     2.4389     0.3443
174.142517  49.077665  19.9587  18.3888  17.6871  17.3724  17.0932    0.03560000   0.00016522  10684.124    49.531710   0.258653   0.618917     704.033 0   0.040580   0.024641   0.010442   0.006902   0.006827   -16.0294   -17.5833   -18.2708   -18.5820   -18.8611     1.5540     2.2415     0.3112
174.152726  49.063067  16.7376  14.8596  14.0178  13.6034  13.3184    0.03230000   0.00020792   9693.220    62.332848   0.266409   0.637475    -286.871 0   0.227459   0.175181   0.066490   0.037367   0.044427   -19.2255   -21.0512   -21.7843   -22.1696   -22.4616     1.8257     2.5588     0.3853
173.345938  49.038067  18.1321  16.5879  15.8454  15.4216  15.1222    0.03140000   0.00009785   9404.879    29.334692   0.268372   0.642174    -575.212 0   0.307461   0.255964   0.122052   0.050981   0.019519   -17.8423   -19.3350   -19.9436   -20.2963   -20.5643     1.4927     2.1013     0.3527
173.940682  48.850726  18.1674  16.4201  15.6760  15.3054  15.0215    0.03050000   0.00015793   9129.700    47.346223   0.270507   0.647283    -850.391 0   0.069190   0.054793   0.022201   0.015047   0.015398   -17.4838   -19.2167   -19.9282   -20.2916   -20.5759     1.7329     2.4444     0.3634
174.149837  49.202280  18.4157  17.4168  17.1373  17.0013  16.8991    0.02960000   0.00007778   8864.383    23.317857   0.286105   0.684605   -1115.708 0   0.059844   0.006052   0.020376  -0.007202  -0.003440   -17.1682   -18.1133   -18.4071   -18.5155   -18.6215     0.9451     1.2389     0.1084
173.306255  49.101936  17.3654  15.4131  14.5936  14.1573  13.7724    0.03230000   0.00021250   9697.057    63.705897   0.289533   0.692808    -283.034 0   0.233631   0.181921   0.066148   0.039409   0.046675   -18.6038   -20.5044   -21.2081   -21.6177   -22.0099     1.9006     2.6043     0.4096
173.342472  48.960873  18.7200  16.9833  16.2432  15.8825  15.6154    0.03390000   0.00016056  10148.694    48.134677   0.295298   0.706602     168.603 0   0.101097   0.073235   0.033200   0.018639   0.020387   -17.2220   -18.9308   -19.6309   -19.9770   -20.2459     1.7088     2.4089     0.3461
173.484415  49.331592  17.4412  16.3240  15.9257  15.6800  15.4743    0.03190000   0.00017473   9575.641    52.382736   0.296921   0.710487    -404.450 0   0.125605   0.030591   0.060290  -0.009148  -0.050937   -18.3644   -19.3866   -19.8146   -19.9909   -20.1548     1.0222     1.4502     0.1763
174.215898  49.091450  19.7607  18.1552  17.4152  17.0588  16.8262    0.03320000   0.00015613   9938.630    46.806596   0.306417   0.733209     -41.461 0   0.162158   0.106705   0.056404   0.021843   0.023766   -16.1969   -17.7470   -18.4367   -18.7585   -18.9930     1.5500     2.2397     0.3218
173.921124  48.803694  17.4308  15.6613  15.0450  14.7262  14.4930    0.03670000   0.00015169  11006.490    45.475518   0.307937   0.736845    1026.399 0   0.002436   0.001233   0.000514   0.000353   0.000257   -18.5640   -20.3323   -20.9479   -21.2665   -21.4996     1.7683     2.3839     0.3186
173.595618  48.798344  17.7896  16.7103  16.2615  16.0272  15.7998    0.03030000   0.00008776   9091.686    26.309786   0.308256   0.737609    -888.405 0   0.102200   0.027690   0.043048   0.003290  -0.047713   -17.8802   -18.8850   -19.3491   -19.5437   -19.7201     1.0048     1.4689     0.1945
173.739685  48.774656  19.1772  17.8935  17.3522  17.0612  16.7931    0.03130000   0.00010113   9386.832    30.318011   0.315391   0.754683    -593.259 0   0.128156   0.053649   0.053555   0.010457  -0.044264   -16.6181   -17.8272   -18.3685   -18.6164   -18.8297     1.2092     1.7504     0.2479
174.157481  49.278155  19.1435  17.8936  17.3895  17.1256  16.9178    0.03080000   0.00021820   9238.554    65.414714   0.327584   0.783857    -741.537 0   0.096296   0.033717   0.036646   0.010035  -0.041739   -16.5776   -17.7649   -18.2719   -18.5092   -18.6653     1.1873     1.6944     0.2373
174.236964  49.177216  18.5779  16.8259  16.0815  15.7298  15.4637    0.03800000   0.00016988  11377.364    50.928743   0.331874   0.794124    1397.273 0   0.074961   0.055514   0.023717   0.015023   0.015722   -17.5808   -19.3134   -20.0260   -20.3690   -20.6358     1.7326     2.4452     0.3430
174.141310  48.864148  17.6606  15.9095  15.1232  14.7317  14.4533    0.03340000   0.00016427  10010.640    49.246907   0.342564   0.819703      30.549 0   0.203784   0.150802   0.064184   0.030706   0.037222   -18.3236   -20.0217   -20.7214   -21.0794   -21.3644     1.6981     2.3978     0.3580
174.266178  49.139371  19.2672  17.7290  16.9964  16.6703  16.4252    0.03230000   0.00014832   9673.943    44.465217   0.342913   0.820539    -306.148 0   0.065022   0.042222   0.019104   0.011560   0.011807   -16.5334   -18.0488   -18.7583   -19.0769   -19.3222     1.5154     2.2249     0.3186
174.042098  49.378887  18.1819  16.5143  15.7875  15.4252  15.1355    0.03030000   0.00017279   9090.577    51.801139   0.347202   0.830801    -889.514 0   0.075023   0.055035   0.023664   0.014888   0.015592   -17.4607   -19.1083   -19.8037   -20.1573   -20.4477     1.6476     2.3430     0.3535
173.207450  49.100424  17.8367  16.3365  15.6057  15.2205  14.8804    0.03670000   0.00011877  10994.798    35.606350   0.354145   0.847414    1014.708 0   0.034055   0.030204   0.010978   0.008864   0.008061   -18.1897   -19.6861   -20.3976   -20.7807   -21.1200     1.4963     2.2079     0.3831
173.652877  48.735611  18.8565  17.1704  16.4712  16.1382  15.8198    0.03040000   0.00008892   9101.969    26.657545   0.359822   0.860998    -878.122 0   0.004099   0.002941   0.001087   0.000858   0.000839   -16.7224   -18.4073   -19.1047   -19.4374   -19.7558     1.6849     2.3823     0.3328
174.213699  49.332908  19.8958  18.3853  17.6686  17.3075  17.0273    0.03290000   0.00020796   9848.392    62.344840   0.389888   0.932943    -131.699 0   0.130636   0.086183   0.044803   0.019902   0.021572   -15.9823   -17.4484   -18.1237   -18.4599   -18.7417     1.4660     2.1414     0.3362
173.511931  48.728319  19.8464  18.3400  17.6929  17.3563  17.0706    0.03310000   0.00019436   9936.531    58.267662   0.393336   0.941192     -43.560 0   0.008002   0.004665   0.001829   0.001324   0.001293   -15.9438   -17.4468   -18.0911   -18.4272   -18.7129     1.5031     2.1473     0.3361
173.145043  49.109658  16.8780  15.1513  14.3787  14.0227  13.7289    0.03400000   0.00018540  10206.524    55.581522   0.395349   0.946009     226.433 0   0.110785   0.085954   0.036616   0.021333   0.023787   -19.0801   -20.7820   -21.5052   -21.8460   -22.1422     1.7019     2.4251     0.3407
173.216037  48.892700  18.9533  17.3519  16.6116  16.2548  15.9661    0.03340000   0.00009956  10027.638    29.847337   0.400360   0.957999      47.547 0   0.062131   0.045540   0.019015   0.012618   0.012937   -16.8893   -18.4741   -19.1878   -19.5382   -19.8273     1.5848     2.2986     0.3504
174.015789  49.450651  16.5566  15.1675  14.6110  14.2935  14.0387    0.03160000   0.00015233   9480.067    45.667385   0.401028   0.959598    -500.024 0   0.143119   0.066870   0.059137   0.011072  -0.035719   -19.2744   -20.5873   -21.1360   -21.4055   -21.6135     1.3129     1.8616     0.2694
174.346466  49.178184  18.1091  16.8647  16.2564  15.9667  15.7244    0.03110000   0.00009716   9328.492    29.127835   0.401717   0.961247    -651.599 0   0.005607   0.002482   0.001126   0.000767   0.000018   -17.5210   -18.7623   -19.3693   -19.6586   -19.9001     1.2413     1.8482     0.2893
173.476311  48.720381  18.1089  16.9618  16.5499  16.3002  16.0825    0.03460000   0.00008031  10386.280    24.076332   0.410213   0.981576     406.189 0   0.129013   0.031943   0.062374  -0.010285  -0.052782   -17.8777   -18.9277   -19.3700   -19.5471   -19.7223     1.0500     1.4924     0.1770
174.382381  49.147638  19.8405  18.2299  17.6250  17.3093  17.0936    0.03350000   0.00014357  10047.724    43.041203   0.419418   1.003603      67.633 0   0.095956   0.046015   0.031881   0.012630  -0.002614   -16.0491   -17.6097   -18.2005   -18.4970   -18.6974     1.5607     2.1514     0.2964
173.228764  49.340038  18.4297  16.5557  15.6169  15.1247  14.6768    0.03110000   0.00008298   9320.847    24.876778   0.422069   1.009945    -659.244 0   0.531598   0.428626   0.161023   0.106281   0.073964   -17.7264   -19.4975   -20.1687   -20.6061   -21.0217     1.7710     2.4422     0.4375
173.150791  49.258804  19.6263  18.2752  17.6618  17.3478  17.1782    0.03360000   0.00015242  10065.142    45.694366   0.425970   1.019281      85.051 0   0.071986   0.032853   0.020837   0.009759  -0.002239   -16.2392   -17.5511   -18.1525   -18.4554   -18.6130     1.3120     1.9134     0.3029
174.360423  48.938944  17.7795  16.6246  16.2683  16.0192  15.9506    0.03120000   0.00009675   9343.781    29.004920   0.428563   1.025485    -636.309 0   0.127081   0.023463   0.064221  -0.020296  -0.032932   -17.9791   -19.0304   -19.4275   -19.5920   -19.6480     1.0513     1.4483     0.1646
173.089168  49.144960  19.0693  17.4544  16.7541  16.4420  16.1732    0.03290000   0.00015503   9855.887    46.476825   0.434938   1.040739    -124.204 0   0.047637   0.028032   0.012507   0.007786   0.007495   -16.7258   -18.3211   -19.0059   -19.3133   -19.5818     1.5953     2.2801     0.3074
174.044571  49.485640  19.1903  17.4867  16.8599  16.5230  16.2672    0.02980000   0.00014854   8926.710    44.531172   0.440739   1.054620   -1053.381 0   0.006141   0.003366   0.001351   0.000954   0.000868   -16.3685   -18.0694   -18.6941   -19.0306   -19.2864     1.7008     2.3256     0.3365
173.043289  49.102274  20.0756  18.5401  17.8111  17.4936  17.2168    0.03150000   0.00017775   9449.818    53.288109   0.461659   1.104680    -530.273 0   0.073947   0.047805   0.022343   0.012914   0.013221   -15.6793   -17.1887   -17.8922   -18.2003   -18.4774     1.5094     2.2129     0.3081
174.161659  49.468648  18.8889  17.9018  17.6442  17.5034  17.3468    0.03100000   0.00009428   9287.061    28.264433   0.465573   1.114044    -693.030 0   0.087941   0.009902   0.038010  -0.013083  -0.006852   -16.8165   -17.7256   -18.0113   -18.1010   -18.2638     0.9091     1.1948     0.0897
173.039075  49.010345  16.6126  14.9880  14.2677  13.9050  13.6116    0.03190000   0.00017123   9572.793    51.333463   0.471040   1.127125    -407.298 0   0.059923   0.043934   0.018237   0.012215   0.012480   -19.1274   -20.7360   -21.4306   -21.7872   -22.0809     1.6086     2.3032     0.3567
173.043115  48.994675  17.4562  15.6167  14.7923  14.3948  14.0593    0.03230000   0.00019243   9693.220    57.689063   0.471350   1.127868    -286.871 0   0.170488   0.139619   0.051298   0.031092   0.037136   -18.4499   -20.2585   -20.9946   -21.3719   -21.7134     1.8086     2.5447     0.3773
173.044347  49.211966  19.1505  17.6188  16.9069  16.5704  16.2141    0.03290000   0.00010514   9860.833    31.520179   0.476671   1.140600    -119.257 0   0.003745   0.002774   0.001018   0.000813   0.000784   -16.6007   -18.1314   -18.8416   -19.1779   -19.5342     1.5307     2.2409     0.3363
173.013816  49.173870  17.9821  16.1008  15.3266  14.9666  14.6538    0.03220000   0.00016161   9667.887    48.449459   0.488058   1.167847    -312.204 0   0.024583   0.024837   0.008665   0.007419   0.006286   -17.7713   -19.6529   -20.4109   -20.7697   -21.0813     1.8816     2.6396     0.3588
173.357694  49.505834  18.1175  16.8768  16.3837  16.0998  15.8936    0.03270000   0.00009287   9808.969    27.841726   0.488108   1.167967    -171.122 0   0.127327   0.046902   0.055706   0.006413  -0.058713   -17.7508   -18.9111   -19.4130   -19.6476   -19.7886     1.1603     1.6622     0.2346
173.066905  48.885182  18.8179  17.7265  17.3371  17.1199  16.9673    0.04630000   0.00008855  13873.795    26.546622   0.490809   1.174430    3893.704 1   0.109562   0.022083   0.050751  -0.007963  -0.036123   -17.8118   -18.8157   -19.2338   -19.3923   -19.5167     1.0039     1.4220     0.1585
172.989290  49.041075  19.6857  18.3732  17.8303  17.5931  17.4373    0.03290000   0.00021468   9863.831    64.359445   0.499262   1.194656    -116.260 0   0.038530   0.012650   0.009224   0.005358  -0.014768   -16.1003   -17.3869   -17.9264   -18.1597   -18.2954     1.2866     1.8261     0.2333
174.464816  48.917187  20.1030  18.4860  17.8391  17.5406  17.3487    0.03270000   0.00020009   9803.393    59.985473   0.500223   1.196956    -176.698 0   0.037043   0.018228   0.008453   0.005220   0.002962   -15.6750   -17.2732   -17.9103   -18.2056   -18.3952     1.5982     2.2353     0.2953
174.499082  48.930041  17.7357  15.9354  15.1358  14.7570  14.4485    0.03340000   0.00018126  10022.901    54.340381   0.517219   1.237626      42.810 0   0.109627   0.093863   0.036138   0.023343   0.025690   -18.1544   -19.9389   -20.6808   -21.0468   -21.3576     1.7845     2.5264     0.3660
172.934223  49.086624  17.7883  16.1177  15.3415  14.9852  14.6942    0.03280000   0.00016638   9836.670    49.879469   0.532931   1.275222    -143.421 0   0.123615   0.091622   0.041099   0.021971   0.025002   -18.0829   -19.7215   -20.4472   -20.7844   -21.0784     1.6386     2.3643     0.3372
173.574936  48.551570  18.3702  17.1190  16.6175  16.3521  16.1874    0.03490000   0.00008396  10463.776    25.170575   0.550228   1.316611     483.685 0   0.107588   0.036957   0.044072   0.008603  -0.049769   -17.6416   -18.8222   -19.3308   -19.5607   -19.6671     1.1806     1.6892     0.2299
174.585141  49.011965  18.9309  17.4770  16.7448  16.3746  16.0274    0.03050000   0.00020677   9129.070    61.988087   0.553747   1.325030    -851.021 0   0.043266   0.034755   0.013296   0.009984   0.009649   -16.6943   -18.1397   -18.8505   -19.2173   -19.5642     1.4454     2.1561     0.3669
174.309265  48.671310  18.8819  17.3662  16.7900  16.5072  16.2307    0.03250000   0.00008472   9738.788    25.398417   0.557135   1.333139    -241.303 0   0.100933   0.043885   0.036006   0.012526  -0.018349   -16.9466   -18.4053   -18.9736   -19.2329   -19.4786     1.4587     2.0270     0.2593
172.902665  49.001455  19.7600  18.2141  17.4832  17.1416  16.9697    0.03410000   0.00014787  10210.152    44.330311   0.560624   1.341486     230.061 0   0.126293   0.079881   0.043613   0.018626   0.018964   -16.2135   -17.7130   -18.4076   -18.7242   -18.8965     1.4995     2.1941     0.3166
174.498482  48.815164  18.8858  17.1682  16.4202  16.0953  15.7729    0.03600000   0.00015213  10800.803    45.607427   0.563097   1.347403     820.712 0   0.033285   0.025534   0.009629   0.007410   0.007146   -17.0917   -18.8016   -19.5336   -19.8563   -20.1785     1.7098     2.4419     0.3227
172.887886  49.020806  19.1305  17.7241  17.0122  16.6910  16.4089    0.03360000   0.00015884  10066.371    47.619034   0.567499   1.357938      86.280 0   0.054280   0.033761   0.014948   0.009359   0.009362   -16.7173   -18.1031   -18.7962   -19.1118   -19.3939     1.3859     2.0790     0.3156
173.305797  48.601713  19.4623  17.9639  17.3391  17.0056  16.6940    0.03090000   0.00019478   9265.026    58.393575   0.567701   1.358422    -715.065 0   0.003799   0.002059   0.000831   0.000584   0.000520   -16.1519   -17.6486   -18.2722   -18.6054   -18.9170     1.4967     2.1202     0.3333
172.929055  49.283218  19.4452  17.8613  17.1923  16.8576  16.6202    0.03360000   0.00015876  10071.737    47.595051   0.570049   1.364040      91.647 0   0.077935   0.045087   0.023343   0.012096   0.010899   -16.4262   -17.9773   -18.6245   -18.9480   -19.1842     1.5511     2.1983     0.3235
174.263912  49.549972  19.0052  17.3715  16.7670  16.4426  16.2308    0.03320000   0.00015821   9960.425    47.430165   0.570720   1.365646     -19.666 0   0.092851   0.046584   0.029897   0.012611   0.002869   -16.8831   -18.4705   -19.0584   -19.3655   -19.5675     1.5874     2.1752     0.3071
172.967270  48.826228  17.1836  15.2549  14.3788  13.9505  13.5941    0.03590000   0.00017307  10773.851    51.885081   0.575310   1.376628     793.760 0   0.339360   0.261183   0.094520   0.063969   0.060278   -19.1001   -20.9506   -21.6601   -22.0578   -22.4105     1.8505     2.5600     0.3977
172.958307  49.367738  19.7661  18.1514  17.4778  17.1476  16.8832    0.03280000   0.00017149   9835.501    51.411409   0.587010   1.404624    -144.590 0   0.009041   0.005586   0.002148   0.001594   0.001596   -15.9906   -17.6018   -18.2720   -18.6016   -18.8660     1.6112     2.2814     0.3296
172.795480  48.882761  17.5302  15.6684  14.8528  14.4703  14.1597    0.03260000   0.00018887   9769.097    56.621802   0.657304   1.572828    -210.994 0   0.111958   0.099571   0.036721   0.024594   0.027057   -18.3092   -20.1586   -20.9114   -21.2818   -21.5948     1.8494     2.6022     0.3704
173.929654  49.737846  16.4165  14.9961  14.3645  14.0031  13.7471    0.03280000   0.00015922   9831.814    47.732955   0.658678   1.576114    -148.277 0   0.194434   0.121045   0.078077   0.013300  -0.015784   -19.5255   -20.8726   -21.4612   -21.7578   -21.9847     1.3470     1.9356     0.2966
172.768359  49.293270  19.1119  17.5010  16.7318  16.3055  15.9716    0.03240000   0.00015482   9710.278    46.413868   0.672973   1.610321    -269.813 0   0.289618   0.226699   0.102112   0.048364   0.036750   -16.9132   -18.4612   -19.1058   -19.4783   -19.8006     1.5480     2.1926     0.3726
174.815491  49.109517  18.3413  17.2529  16.8207  16.5968  16.3391    0.03400000   0.00007169  10194.742    21.492121   0.699343   1.673420     214.651 0   0.099550   0.023384   0.042445  -0.000233  -0.041381   -17.6056   -18.6178   -19.0691   -19.2503   -19.4668     1.0122     1.4635     0.1812
172.636098  49.167817  17.2981  15.4883  14.7126  14.3096  14.0202    0.03280000   0.00017251   9843.865    51.717197   0.732300   1.752282    -136.226 0   0.143574   0.114228   0.046029   0.026368   0.030805   -18.5931   -20.3735   -21.0810   -21.4644   -21.7582     1.7805     2.4880     0.3833
173.332423  49.837434  18.5601  16.8460  16.1140  15.7523  15.4940    0.03260000   0.00016378   9784.476    49.100009   0.795439   1.903364    -195.615 0   0.105431   0.072557   0.034774   0.018255   0.019820   -17.2728   -18.9540   -19.6482   -19.9934   -20.2533     1.6812     2.3754     0.3452
173.426218  48.318640  18.0842  17.1230  16.5220  16.2910  16.1231    0.02350000   0.00007992   7056.005    23.959413   0.799626   1.913383   -2924.086 1   0.037381   0.010940   0.009021   0.004788  -0.016840   -16.9653   -17.9001   -18.4991   -18.7259   -18.8722     0.9348     1.5338     0.2268
174.839927  49.459842  18.3747  17.5671  17.3211  17.1467  17.0993    0.04650000   0.00008316  13945.476    24.930741   0.805054   1.926371    3965.385 1   0.083889   0.009504   0.035190  -0.011778  -0.006948   -18.2387   -18.9719   -19.2436   -19.3711   -19.4233     0.7332     1.0049     0.1274
173.379749  48.318450  18.3175  17.1405  16.6514  16.3546  16.1556    0.04590000   0.00008207  13771.476    24.603967   0.808360   1.934280    3791.385 1   0.148829   0.057052   0.066769  -0.002048  -0.072356   -18.3326   -19.4178   -19.9166   -20.1446   -20.2733     1.0852     1.5840     0.2280
173.134079  48.364520  18.4757  17.4818  17.1362  16.8920  16.7429    0.03450000   0.00007553  10336.064    22.643324   0.829432   1.984703     355.974 1   0.134367   0.021440   0.070643  -0.030587  -0.023658   -17.5164   -18.3973   -18.7921   -18.9351   -19.0911     0.8810     1.2758     0.1430
174.824971  49.572021  19.8665  18.1966  17.5147  17.1846  16.9424    0.03230000   0.00014377   9697.327    43.101162   0.854262   2.044117    -282.764 0   0.029642   0.017865   0.007286   0.005039   0.004981   -15.8987   -17.5569   -18.2282   -18.5560   -18.7982     1.6581     2.3294     0.3279
172.867178  49.725907  18.1118  16.9623  16.6171  16.3698  16.2305    0.04490000   0.00007926  13473.572    23.761550   0.858549   2.054376    3493.482 1   0.130652   0.025227   0.066234  -0.021016  -0.036216   -18.4721   -19.5161   -19.9024   -20.0624   -20.1865     1.0441     1.4303     0.1600
175.033292  49.263516  18.3842  17.5344  17.2178  17.0486  16.9101    0.03450000   0.00007762  10356.720    23.269891   0.859402   2.056416     376.629 1   0.080632   0.008831   0.033041  -0.011301  -0.005846   -17.5541   -18.3321   -18.6729   -18.7978   -18.9417     0.7780     1.1188     0.1249
172.440351  48.995602  19.8141  18.0059  17.2232  16.8750  16.5451    0.04650000   0.00016198  13946.795    48.560382   0.861531   2.061510    3966.704 1   0.069511   0.060306   0.023182   0.016532   0.016598   -16.7850   -18.5839   -19.3295   -19.6711   -20.0010     1.7990     2.5446     0.3416
172.426406  48.970206  18.4084  16.7997  15.9959  15.5787  15.2472    0.04610000   0.00017165  13826.818    51.459375   0.873727   2.090693    3846.727 1   0.333406   0.275623   0.123274   0.061000   0.035773   -18.4357   -19.9866   -20.6381   -20.9930   -21.2993     1.5509     2.2024     0.3549
173.292206  48.232877  18.5264  17.7054  17.4823  17.2512  17.2011    0.04610000   0.00008132  13828.856    24.379123   0.907609   2.171768    3848.766 1   0.115301   0.014663   0.058526  -0.023588  -0.011745   -18.0996   -18.8200   -19.0869   -19.2359   -19.2979     0.7204     0.9873     0.1490
175.193170  49.143982  17.8453  16.5086  15.9239  15.5978  15.3201    0.03270000   0.00015298   9808.760    45.862250   0.947941   2.268276    -171.331 0   0.151447   0.076679   0.060938   0.012560  -0.022723   -18.0471   -19.3090   -19.8780   -20.1557   -20.3981     1.2619     1.8309     0.2777
172.941564  48.287818  18.5657  17.4552  16.9972  16.7412  16.6045    0.04570000   0.00007920  13701.535    23.743563   0.960416   2.298127    3721.444 1   0.095702   0.026640   0.038565   0.004988  -0.045389   -18.0168   -19.0582   -19.5282   -19.7506   -19.8369     1.0414     1.5114     0.2224
175.030926  48.624216  17.4457  15.7197  14.9006  14.5394  14.2705    0.04570000   0.00016679  13707.051    50.002384   0.960631   2.298643    3726.960 1   0.226055   0.166686   0.072216   0.033497   0.038482   -19.2672   -20.9338   -21.6584   -21.9809   -22.2548     1.6666     2.3913     0.3225
173.444840  48.116085  18.5736  16.7424  15.8036  15.3216  14.9276    0.04270000   0.00015990  12790.915    47.936814   0.993945   2.378356    2810.824 1   0.524117   0.433020   0.165480   0.104151   0.071656   -18.2943   -20.0344   -20.7056   -21.1263   -21.4878     1.7401     2.4114     0.4207
173.690486  50.100912  17.1236  16.6785  16.9058  17.0997  17.1417    0.02600000   0.00002748   7797.062     8.238297   1.011614   2.420636   -2183.029 1   0.007454   0.000656   0.001648  -0.000694  -0.000305   -18.1384   -18.5767   -18.3504   -18.1542   -18.1126     0.4383     0.2120    -0.1962
173.082022  48.092268  19.2230  17.5503  16.8079  16.4690  16.2151    0.03290000   0.00016550   9853.668    49.615652   1.088889   2.605543    -126.422 0   0.080558   0.056089   0.025336   0.014980   0.015790   -16.6050   -18.2533   -18.9649   -19.2935   -19.5482     1.6482     2.3599     0.3285
175.284745  49.518165  18.4430  17.4273  16.9723  16.7312  16.5496    0.02410000   0.00008882   7233.572    26.627566   1.093669   2.616980   -2746.519 1   0.099187   0.026652   0.041141   0.003537  -0.046170   -16.7234   -17.6666   -18.1361   -18.3396   -18.4715     0.9432     1.4127     0.2035
172.735745  49.980204  18.8215  17.6773  17.2494  17.0196  16.9738    0.03230000   0.00010293   9688.693    30.857638   1.109909   2.655840    -291.398 0   0.079196   0.016858   0.029793   0.000962  -0.030519   -16.9933   -18.0752   -18.5160   -18.7170   -18.7313     1.0819     1.5227     0.2010
172.980240  50.086720  19.1848  17.9024  17.6480  17.4218  17.6029    0.02620000   0.00010227   7855.342    30.659775   1.116353   2.671260   -2124.749 1   0.139282   0.020300   0.074203  -0.038446  -0.017570   -16.2258   -17.3892   -17.6975   -17.8111   -17.6509     1.1634     1.4717     0.1136
172.944500  48.097434  19.6116  18.0565  17.3150  16.9376  16.6612    0.03300000   0.00016148   9896.029    48.410486   1.123416   2.688161     -84.062 0   0.222904   0.157473   0.078678   0.027919   0.026376   -16.3936   -17.8833   -18.5460   -18.8726   -19.1475     1.4897     2.1524     0.3266
175.257070  48.530874  18.3827  17.1319  16.5608  16.1894  15.9264    0.04300000   0.00008114  12889.667    24.325160   1.135455   2.716969    2909.576 1   0.208543   0.169145   0.105647   0.007872  -0.076322   -18.1796   -19.3910   -19.8986   -20.1723   -20.3511     1.2114     1.7190     0.2736
175.474522  48.933206  18.6847  17.5857  17.2578  17.0067  16.8132    0.03300000   0.00007533   9882.838    22.583366   1.141472   2.731366     -97.253 0   0.150610   0.029829   0.076460  -0.038657  -0.036504   -17.2482   -18.2264   -18.6010   -18.7369   -18.9326     0.9782     1.3528     0.1360
172.223313  48.530233  16.8881  15.2423  14.5246  14.2013  13.8515    0.03220000   0.00010666   9660.572    31.975864   1.144680   2.739044    -319.519 1   0.001438   0.001094   0.000399   0.000322   0.000307   -18.8422   -20.4876   -21.2046   -21.5279   -21.8776     1.6455     2.3625     0.3232
174.714509  48.087687  18.0512  16.2480  15.3393  14.8764  14.5118    0.02670000   0.00017582   7997.354    52.709510   1.185431   2.836553   -1982.737 1   0.481027   0.400110   0.156156   0.097575   0.065658   -17.7508   -19.4731   -20.1378   -20.5421   -20.8748     1.7223     2.3870     0.4043
175.512669  49.356861  18.7984  17.8500  17.7078  17.6388  17.5604    0.02440000   0.00008416   7310.379    25.230533   1.186046   2.838024   -2669.712 1   0.001651   0.000145   0.000366  -0.000155  -0.000065   -16.3281   -17.2750   -17.4174   -17.4859   -17.5644     0.9469     1.0893     0.0685
175.562235  49.373535  19.1075  17.9266  17.6133  17.4503  17.4441    0.02470000   0.00009451   7408.022    28.333385   1.221457   2.922758   -2572.069 1   0.086989   0.009622   0.037414  -0.013085  -0.006250   -16.1220   -17.2255   -17.5666   -17.6791   -17.6921     1.1035     1.4446     0.1125
172.488621  49.994601  17.9709  16.0608  15.2033  14.7791  14.4692    0.04650000   0.00017780  13929.527    53.303099   1.224127   2.929148    3949.436 1   0.266928   0.205551   0.074277   0.046144   0.051497   -18.8256   -20.6743   -21.4005   -21.7966   -22.1118     1.8487     2.5749     0.3961
172.619181  48.110751  16.7732  16.0615  15.8141  15.6897  15.6248    0.02790000   0.00007507   8361.332    22.505420   1.226945   2.935890   -1618.759 1   0.008565   0.000745   0.001894  -0.000810  -0.000320   -18.6306   -19.3345   -19.5830   -19.7047   -19.7701     0.7039     0.9524     0.1217
175.593585  48.823732  19.1995  18.0004  17.6005  17.3919  17.1766    0.03290000   0.00008018   9861.883    24.037359   1.237606   2.961401    -118.208 0   0.101918   0.021349   0.044914  -0.003999  -0.036522   -16.6499   -17.7684   -18.1919   -18.3516   -18.5343     1.1185     1.5420     0.1597
172.663549  50.114965  19.2166  17.9452  17.5938  17.3371  17.2917    0.03270000   0.00010098   9788.703    30.273042   1.246958   2.983778    -191.388 0   0.142466   0.029751   0.072048  -0.027417  -0.041871   -16.6668   -17.8255   -18.2192   -18.3764   -18.4074     1.1587     1.5524     0.1572
171.831937  48.934173  17.7420  16.5324  16.0065  15.6987  15.4922    0.03320000   0.00016265   9958.746    48.761243   1.264416   3.025554     -21.345 0   0.152481   0.065219   0.066477   0.002395  -0.065796   -18.2059   -19.3283   -19.8554   -20.0992   -20.2375     1.1223     1.6495     0.2437
174.155747  47.833703  17.8509  16.6960  16.2321  15.9879  15.9051    0.02390000   0.00011057   7163.871    33.148052   1.284361   3.073277   -2816.220 1   0.077853   0.020672   0.027947   0.005525  -0.036376   -17.2975   -18.3952   -18.8663   -19.0881   -19.1290     1.0977     1.5689     0.2218
174.128097  47.817193  16.8403  14.9886  14.1611  13.7624  13.4949    0.03390000   0.00018370  10152.592    55.071875   1.296918   3.103324     172.501 0   0.225867   0.171915   0.067604   0.036146   0.042958   -19.2265   -21.0242   -21.7474   -22.1147   -22.3890     1.7977     2.5209     0.3672
174.115954  47.806172  18.9841  17.3198  16.5443  16.2056  15.9573    0.03430000   0.00015825  10290.496    47.442156   1.306246   3.125644     310.405 0   0.128246   0.091182   0.043033   0.021478   0.024411   -16.9827   -18.6099   -19.3373   -19.6544   -19.9056     1.6272     2.3546     0.3171
173.521334  50.406008  18.8859  17.8939  17.5020  17.2540  17.1100    0.03060000   0.00007805   9182.073    23.398801   1.324352   3.168971    -798.018 1   0.126303   0.027293   0.062076  -0.014102  -0.043390   -16.8510   -17.7440   -18.1706   -18.3425   -18.4572     0.8930     1.3197     0.1718
172.046999  49.876560  17.4385  16.2695  15.8432  15.6048  15.4763    0.03280000   0.00008891   9845.454    26.654547   1.363648   3.263000    -134.637 0   0.103110   0.025118   0.044571   0.000058  -0.044251   -18.4122   -19.5032   -19.9490   -20.1429   -20.2271     1.0910     1.5368     0.1939
173.777045  47.697251  17.9108  16.8294  16.4295  16.1787  16.0466    0.03280000   0.00008689   9833.762    26.048967   1.392879   3.332945    -146.329 0   0.128556   0.028865   0.063186  -0.013946  -0.046328   -17.9654   -18.9471   -19.3813   -19.5550   -19.6547     0.9817     1.4159     0.1737
175.900908  49.270013  18.7189  17.8295  17.5774  17.4024  17.4174    0.02470000   0.00008981   7408.651    26.924361   1.421326   3.401015   -2571.440 1   0.006522   0.000544   0.001445  -0.000656  -0.000158   -16.4301   -17.3135   -17.5665   -17.7394   -17.7249     0.8834     1.1364     0.1729
173.394136  50.493139  19.1756  18.0473  17.5523  17.3100  17.1015    0.03330000   0.00009512   9976.314    28.516259   1.422147   3.402978      -3.777 0   0.118300   0.037802   0.052164   0.004180  -0.057737   -16.7233   -17.7711   -18.2804   -18.4748   -18.6213     1.0478     1.5572     0.1943
172.831482  47.760779  18.2818  17.4114  17.0689  16.9019  16.8357    0.02790000   0.00007386   8370.685    22.142671   1.458448   3.489841   -1609.406 1   0.049422   0.004782   0.015284  -0.005692  -0.002390   -17.1628   -17.9886   -18.3416   -18.4876   -18.5571     0.8258     1.1788     0.1460
