229.991541  51.313059  17.8593  15.7342  14.7834  14.3523  14.1011    0.07520000   0.00022059  22529.853    66.131218   0.007385   0.038582    -409.966 0   0.391204   0.303794   0.110815   0.077522   0.064552   -20.1093   -22.1470   -22.9048   -23.3026   -23.5408     2.0377     2.7955     0.3978
229.991147  51.319276  18.3515  16.3539  15.4270  14.9770  14.6907    0.07760000   0.00019032  23252.683    57.056501   0.012991   0.067868     312.863 0   0.379724   0.294440   0.107328   0.074560   0.063626   -19.6529   -21.5652   -22.3050   -22.7222   -22.9976     1.9123     2.6521     0.4172
229.958821  51.332815  20.1363  18.4934  17.6801  17.2915  17.0000    0.07730000   0.00014531  23184.690    43.562842   0.030777   0.160782     244.870 0   0.283251   0.218737   0.095261   0.046719   0.041237   -17.7814   -19.3598   -20.0496   -20.3897   -20.6757     1.5784     2.2682     0.3401
230.039323  51.287625  19.5807  17.6225  16.7531  16.3474  16.0014    0.07600000   0.00017684  22784.077    53.015298   0.038905   0.203239    -155.742 0   0.270941   0.208615   0.074935   0.047134   0.052252   -18.2907   -20.1866   -20.9223   -21.3002   -21.6513     1.8959     2.6316     0.3779
229.927090  51.329378  19.3956  17.7689  16.9391  16.5520  16.2324    0.07540000   0.00013733  22601.084    41.170498   0.042757   0.223364    -338.735 0   0.318564   0.255427   0.111223   0.058081   0.041601   -18.4819   -20.0454   -20.7310   -21.0650   -21.3681     1.5636     2.2492     0.3340
229.972149  51.367811  20.2070  18.3069  17.4324  17.0418  16.6878    0.07410000   0.00015452  22224.484    46.323931   0.061526   0.321415    -715.335 0   0.259548   0.200307   0.072203   0.044560   0.050579   -17.5978   -19.4387   -20.1851   -20.5480   -20.9080     1.8409     2.5873     0.3630
229.974310  51.241962  19.7739  17.9415  16.9563  16.5176  16.1797    0.07690000   0.00014806  23052.241    44.387271   0.065222   0.340721     112.422 0   0.519879   0.429762   0.164548   0.103608   0.071087   -18.3721   -20.1144   -20.8344   -21.2121   -21.5175     1.7423     2.4623     0.3778
229.839298  51.311621  18.8570  17.7028  17.2368  16.9512  16.8430    0.07700000   0.00009676  23085.428    29.007918   0.091336   0.477140     145.609 0   0.145345   0.049854   0.066855  -0.005743  -0.071922   -18.8961   -19.9548   -20.4378   -20.6508   -20.6928     1.0587     1.5417     0.2130
229.910409  51.219358  19.6671  17.8995  17.0250  16.6344  16.3344    0.07680000   0.00015730  23028.887    47.157354   0.099182   0.518127      89.068 0   0.313960   0.244215   0.095702   0.057241   0.052812   -18.2459   -19.9438   -20.6698   -21.0219   -21.3175     1.6979     2.4238     0.3521
229.917415  51.183259  17.9029  16.1736  15.4037  15.0129  14.7382    0.07940000   0.00015541  23806.099    46.590746   0.130633   0.682427     866.280 0   0.182704   0.133356   0.058921   0.027636   0.033523   -19.9544   -21.6344   -22.3299   -22.6894   -22.9700     1.6800     2.3754     0.3595
229.867159  51.164262  19.8781  18.2539  17.4900  17.1242  16.8084    0.07890000   0.00014853  23656.533    44.528174   0.160532   0.838622     716.714 0   0.088880   0.072814   0.029412   0.019084   0.020285   -17.8716   -19.4798   -20.2003   -20.5557   -20.8727     1.6081     2.3286     0.3555
229.727525  51.296730  18.8730  17.8947  17.4317  17.1874  16.9524    0.08010000   0.00009588  24004.442    28.744101   0.161401   0.843162    1064.623 1   0.104668   0.029337   0.044410   0.003672  -0.049644   -18.9466   -19.8496   -20.3277   -20.5312   -20.7129     0.9030     1.3810     0.2036
229.789177  51.147508  18.5373  17.2345  16.6396  16.2312  15.9331    0.06760000   0.00010374  20265.730    31.100470   0.200997   1.050010   -2674.089 1   0.230101   0.198700   0.113599   0.018991  -0.056754   -19.0346   -20.3060   -20.8158   -21.1296   -21.3519     1.2714     1.7812     0.3138
229.693705  51.403327  19.2648  17.4956  16.6395  16.2434  15.9340    0.08010000   0.00015203  24011.427    45.577447   0.206201   1.077199    1071.608 1   0.296158   0.228676   0.090350   0.052189   0.050620   -18.7463   -20.4480   -21.1658   -21.5238   -21.8316     1.7017     2.4195     0.3579
229.693470  51.126431  19.1157  17.1860  16.3164  15.8764  15.5626    0.07920000   0.00017349  23734.209    52.010994   0.256521   1.340072     794.390 0   0.276390   0.212603   0.076268   0.048398   0.053033   -18.8510   -20.7169   -21.4502   -21.8623   -22.1808     1.8659     2.5992     0.4121
230.179241  51.541502  18.2291  16.9322  16.2781  15.9032  15.6299    0.06920000   0.00020063  20759.459    60.147361   0.264172   1.380038   -2180.361 1   0.241036   0.212480   0.117420   0.023885  -0.048171   -19.4081   -20.6764   -21.2355   -21.5168   -21.7181     1.2683     1.8274     0.2814
229.703417  51.085950  18.3725  16.3136  15.2927  14.8074  14.4319    0.07530000   0.00017834  22567.477    53.464987   0.282521   1.475894    -372.342 0   0.610745   0.489724   0.179811   0.113782   0.082914   -19.7973   -21.7352   -22.4462   -22.8654   -23.2101     1.9379     2.6489     0.4193
229.698545  51.083805  18.9740  17.6133  16.9266  16.4542  16.1677    0.07640000   0.00013418  22908.611    40.226152   0.286099   1.494586     -31.208 0   0.304398   0.274028   0.133267   0.047358  -0.002374   -18.9393   -20.2696   -20.8156   -21.2021   -21.4388     1.3303     1.8763     0.3865
230.135271  51.034795  18.4014  16.6126  15.7116  15.2984  14.9735    0.07510000   0.00017118  22515.433    51.318473   0.287756   1.503245    -424.386 0   0.365200   0.287640   0.109655   0.071732   0.059107   -19.5383   -21.2495   -21.9725   -22.3478   -22.6601     1.7112     2.4343     0.3753
230.363980  51.101030  19.4312  17.7175  16.9369  16.5695  16.2600    0.07900000   0.00014671  23681.056    43.982552   0.313727   1.638918     741.237 0   0.094263   0.078615   0.031323   0.020316   0.021785   -18.3479   -20.0459   -20.7793   -21.1356   -21.4466     1.6981     2.4314     0.3564
230.351297  51.082066  19.8132  17.9742  17.0934  16.6693  16.3124    0.07930000   0.00014470  23785.504    43.379969   0.320777   1.675744     845.685 0   0.311412   0.238881   0.085916   0.056817   0.057420   -18.1884   -19.9549   -20.6827   -21.0777   -21.4352     1.7665     2.4943     0.3950
229.565362  51.027302  19.2374  17.3916  16.4573  16.0101  15.6888    0.07890000   0.00017279  23659.441    51.801139   0.383433   2.003060     719.622 0   0.479850   0.406004   0.160358   0.096575   0.063792   -18.9033   -20.6753   -21.3639   -21.7473   -22.0359     1.7720     2.4606     0.3834
230.041249  51.703862  18.4771  16.6036  15.8045  15.4150  15.1238    0.07670000   0.00015568  23008.202    46.671690   0.398577   2.082172      68.383 0   0.132018   0.106982   0.042698   0.025318   0.029067   -19.2541   -21.1026   -21.8374   -22.2095   -22.5045     1.8485     2.5833     0.3721
230.182138  51.693261  18.7352  17.2549  16.5233  16.1629  15.8835    0.08740000   0.00015688  26195.385    47.031441   0.405571   2.118711    3255.566 1   0.158686   0.105070   0.055001   0.021941   0.024192   -19.3073   -20.7340   -21.4156   -21.7429   -22.0246     1.4267     2.1082     0.3273
229.509456  51.583012  19.8361  18.3326  17.4888  16.9790  16.6371    0.08070000   0.00008361  24187.675    25.065647   0.405870   2.120273    1247.856 1   0.444632   0.408648   0.169415   0.086452   0.048755   -18.3157   -19.7832   -20.3878   -20.8147   -21.1189     1.4675     2.0721     0.4268
229.773412  51.710569  19.8745  18.1489  17.3988  16.9805  16.6136    0.07820000   0.00009409  23455.492    28.207472   0.424895   2.219660     515.673 0   0.072546   0.069162   0.025152   0.018725   0.018639   -17.8395   -19.5617   -20.2678   -20.6797   -21.0465     1.7222     2.4283     0.4119
230.536152  51.034706  18.7504  17.7083  17.2356  16.8905  16.8250    0.08260000   0.00009098  24751.465    27.275118   0.438954   2.293106    1811.646 1   0.156556   0.145432   0.105944  -0.046391  -0.092825   -19.1669   -20.1979   -20.6311   -20.8239   -20.8429     1.0310     1.4642     0.1928
230.632296  51.126037  18.8990  17.6484  17.1014  16.7245  16.5274    0.07380000   0.00014636  22111.852    43.877624   0.443094   2.314731    -827.967 0   0.193363   0.130769   0.092545  -0.001998  -0.078924   -18.8096   -19.9976   -20.5063   -20.7887   -20.9089     1.1880     1.6968     0.2824
229.420931  51.648352  20.2517  18.3353  17.4352  17.0121  16.6856    0.08130000   0.00017013  24368.990    51.003691   0.490991   2.564948    1429.171 1   0.332558   0.255763   0.092520   0.062225   0.059563   -17.8282   -19.6678   -20.4047   -20.7975   -21.1213     1.8396     2.5765     0.3928
229.296647  51.585962  18.6967  17.1899  16.4091  15.9576  15.6387    0.07560000   0.00018855  22655.826    56.525868   0.513032   2.680087    -283.993 0   0.360253   0.315888   0.141471   0.066126   0.029955   -19.2313   -20.6937   -21.3001   -21.6763   -21.9590     1.4624     2.0688     0.3762
229.884078  50.778518  19.5106  17.7962  16.9449  16.5551  16.2423    0.07480000   0.00015991  22416.232    47.939812   0.532079   2.779588    -523.588 0   0.306656   0.239036   0.096898   0.054914   0.049534   -18.3406   -19.9874   -20.6965   -21.0444   -21.3518     1.6468     2.3559     0.3478
230.900179  51.376152  19.0151  17.3854  16.6319  16.2315  15.9564    0.07320000   0.00016184  21957.579    48.518411   0.576185   3.010002    -982.240 1   0.205372   0.145671   0.068242   0.027903   0.032369   -18.6877   -20.2577   -20.9337   -21.2938   -21.5734     1.5700     2.2461     0.3601
230.362583  50.776573  19.2146  17.2451  16.3838  15.9828  15.7000    0.07600000   0.00019959  22788.274    59.835577   0.580370   3.031864    -151.545 0   0.233265   0.181826   0.065942   0.039415   0.046704   -18.6191   -20.5372   -21.2826   -21.6571   -21.9472     1.9181     2.6635     0.3745
230.886310  51.500423  18.8958  17.0907  16.2649  15.8555  15.5484    0.06800000   0.00017303  20391.193    51.873089   0.595666   3.111772   -2548.626 1   0.209417   0.162097   0.062099   0.034379   0.041671   -18.6504   -20.4081   -21.1339   -21.5156   -21.8300     1.7578     2.4836     0.3817
229.476215  50.801152  19.6228  17.6522  16.8192  16.4246  16.1214    0.07600000   0.00015127  22778.261    45.349605   0.597456   3.121124    -161.558 0   0.167430   0.137555   0.050583   0.030758   0.036645   -18.1451   -20.0858   -20.8318   -21.2066   -21.5157     1.9407     2.6868     0.3748
229.470565  50.793461  18.2588  16.2583  15.3226  14.8832  14.5313    0.07460000   0.00018024  22357.622    54.034593   0.605847   3.164958    -582.197 0   0.433830   0.339689   0.125012   0.088364   0.067409   -19.7350   -21.6413   -22.3623   -22.7651   -23.0960     1.9064     2.6274     0.4028
230.943422  51.436010  19.6230  18.2037  17.5350  17.1625  16.8802    0.08470000   0.00012910  25395.689    38.703206   0.612803   3.201297    2455.870 1   0.232753   0.174442   0.099327   0.023101  -0.016370   -18.4252   -19.7862   -20.3798   -20.6761   -20.9189     1.3610     1.9546     0.2963
228.995119  51.363839  19.3782  17.9832  17.4041  17.0258  16.7471    0.07520000   0.00007833  22534.470    23.482743   0.621568   3.247085    -405.349 0   0.205118   0.143697   0.093596   0.007532  -0.054122   -18.4043   -19.7379   -20.2669   -20.5591   -20.7762     1.3336     1.8626     0.2922
