178.943390  12.714468  19.6950  17.8747  16.9293  16.4978  16.1179    0.08300000   0.00019425  24894.376    58.234685   0.016529   0.092270     221.756 0   0.463883   0.377026   0.145007   0.095491   0.065995   -18.5402   -20.2736   -20.9870   -21.3690   -21.7194     1.7334     2.4468     0.3820
178.913466  12.730944  18.1108  16.2243  15.2568  14.8214  14.4713    0.08100000   0.00020531  24287.506    61.550390   0.017847   0.099628    -385.113 0   0.506879   0.413865   0.157850   0.102455   0.070418   -20.1354   -21.9289   -22.6404   -23.0204   -23.3384     1.7935     2.5050     0.3800
178.952567  12.757067  20.1136  18.2790  17.3982  16.9762  16.7119    0.08350000   0.00015158  25031.801    45.442541   0.037797   0.210993     359.181 0   0.314564   0.243668   0.093163   0.057514   0.054542   -17.9853   -19.7490   -20.4793   -20.8657   -21.1270     1.7637     2.4940     0.3864
178.971924  12.692665  19.1124  17.2460  16.3461  15.9426  15.6241    0.08180000   0.00015957  24510.282    47.837883   0.051847   0.289427    -162.338 0   0.325089   0.249559   0.089706   0.060293   0.059030   -18.9734   -20.7643   -21.5043   -21.8784   -22.1957     1.7909     2.5309     0.3741
178.883023  12.754035  18.6333  17.6990  17.4178  17.1795  17.1552    0.08370000   0.00004543  25081.716    13.619571   0.054672   0.305195     409.097 1   0.139605   0.020969   0.074082  -0.037736  -0.019306   -19.3171   -20.1327   -20.4671   -20.5935   -20.6363     0.8157     1.1500     0.1265
179.032919  12.740696  18.0940  16.6195  15.9466  15.6206  15.3801    0.08270000   0.00015438  24802.550    46.281960   0.100586   0.561500     129.930 0   0.062519   0.035522   0.017405   0.009727   0.008735   -19.7291   -21.1766   -21.8314   -22.1497   -22.3893     1.4475     2.1023     0.3183
178.826493  12.681930  18.9602  17.3957  16.6000  16.2569  15.9961    0.08150000   0.00014662  24443.218    43.955570   0.110897   0.619059    -229.401 0   0.145330   0.106058   0.048211   0.023974   0.028079   -18.9167   -20.4419   -21.1798   -21.4986   -21.7635     1.5252     2.2631     0.3189
178.814286  12.719715  20.4940  18.6335  17.7554  17.3746  17.0810    0.08120000   0.00011972  24342.398    35.891153   0.113959   0.636155    -330.221 0   0.291599   0.224309   0.086687   0.051223   0.051547   -17.5183   -19.3115   -20.0520   -20.3973   -20.6912     1.7932     2.5337     0.3453
179.008135  12.843400  19.7810  17.6829  16.7294  16.3007  15.9518    0.08060000   0.00015820  24164.501    47.427167   0.139721   0.779967    -508.118 1   0.438548   0.343782   0.126693   0.089526   0.067687   -18.3649   -20.3682   -21.1046   -21.4962   -21.8232     2.0033     2.7397     0.3915
178.949919  12.585934  19.9159  18.1475  17.3752  16.8902  16.6336    0.08430000   0.00008547  25257.724    25.623261   0.140981   0.787001     585.105 1   0.233292   0.177770   0.069429   0.037690   0.044161   -18.1226   -19.8354   -20.4994   -20.9527   -21.2157     1.7129     2.3768     0.4533
178.796006  12.792730  18.7808  17.6736  17.0016  16.6585  16.5053    0.08430000   0.00008001  25275.952    23.986395   0.147719   0.824612     603.332 1   0.199386   0.286414   0.142908   0.021577  -0.086296   -19.2237   -20.4180   -20.9465   -21.1682   -21.2136     1.1942     1.7227     0.2218
179.084383  12.760882  19.8483  18.3345  17.4899  17.0687  16.7135    0.07990000   0.00015224  23951.439    45.640404   0.153740   0.858227    -721.181 1   0.387162   0.338086   0.146322   0.074398   0.039949   -18.2272   -19.6919   -20.3447   -20.6940   -21.0148     1.4647     2.1176     0.3493
178.783810  12.636456  19.5789  17.8973  17.0706  16.6146  16.2833    0.08030000   0.00014264  24069.917    42.762396   0.169010   0.943468    -602.703 1   0.385818   0.332487   0.143112   0.074551   0.042228   -18.5061   -20.1344   -20.7717   -21.1592   -21.4581     1.6283     2.2656     0.3874
178.763060  12.646641  18.9115  16.9321  15.9648  15.5175  15.1868    0.07890000   0.00022472  23666.006    67.369361   0.181852   1.015155   -1006.613 1   0.508512   0.413675   0.157278   0.102869   0.070869   -19.2579   -21.1424   -21.8533   -22.2462   -22.5449     1.8846     2.5955     0.3929
179.117254  12.676854  18.2117  17.1651  16.8233  16.5783  16.5244    0.08330000   0.00004950  24974.780    14.839727   0.188173   1.050438     302.161 0   0.137133   0.023342   0.071470  -0.030920  -0.027493   -19.7258   -20.6586   -21.0485   -21.1911   -21.2484     0.9328     1.3227     0.1426
179.137008  12.689100  19.3589  17.5915  16.6849  16.1647  15.8235    0.08290000   0.00016369  24854.803    49.073027   0.204297   1.140451     182.184 0   0.535799   0.469955   0.181818   0.102542   0.070571   -18.9456   -20.6471   -21.2656   -21.7065   -22.0157     1.7016     2.3200     0.4409
178.718991  12.662464  19.5832  17.5365  16.6380  16.2450  15.8948    0.08100000   0.00017718  24292.693    53.117228   0.216210   1.206949    -379.927 0   0.315245   0.241879   0.087052   0.057783   0.057846   -18.4714   -20.4447   -21.1884   -21.5521   -21.9024     1.9733     2.7170     0.3637
178.706866  12.720240  19.2561  17.8729  17.1927  16.8216  16.6268    0.08260000   0.00015919  24762.617    47.723961   0.218651   1.220579      89.998 0   0.224854   0.162127   0.094014   0.019677  -0.013666   -18.7295   -20.0500   -20.6621   -20.9588   -21.1203     1.3205     1.9326     0.2968
179.178506  12.793726  18.6888  16.8206  15.9237  15.5239  15.2272    0.08090000   0.00017031  24253.480    51.057654   0.250871   1.400439    -419.140 1   0.316244   0.243529   0.089581   0.058065   0.056898   -19.3641   -21.1595   -21.9025   -22.2708   -22.5663     1.7955     2.5384     0.3683
179.206138  12.873110  18.2650  16.8259  16.1592  15.8291  15.6259    0.08360000   0.00018240  25061.690    54.682144   0.306239   1.709523     389.071 0   0.066582   0.035249   0.018647   0.009701   0.006879   -19.5858   -20.9936   -21.6437   -21.9648   -22.1652     1.4078     2.0579     0.3212
178.849081  13.035760  20.0561  18.4585  17.6315  17.2839  17.0737    0.07960000   0.00018625  23851.368    55.836345   0.320184   1.787365    -821.251 1   0.254535   0.190407   0.088367   0.036924   0.033641   -17.8998   -19.4332   -20.1582   -20.4543   -20.6613     1.5335     2.2584     0.2962
178.603736  12.785212  18.0816  16.2156  15.2987  14.8812  14.5715    0.08070000   0.00017555  24183.088    52.628566   0.324682   1.812474    -489.531 1   0.359782   0.279217   0.102759   0.069562   0.061259   -19.9854   -21.7708   -22.5113   -22.8956   -23.1970     1.7854     2.5259     0.3843
178.608784  12.641972  19.3198  17.5495  16.6500  16.2061  15.8790    0.07880000   0.00016670  23621.907    49.975403   0.325218   1.815468   -1050.713 1   0.434452   0.374168   0.153764   0.086926   0.053874   -18.7911   -20.5011   -21.1802   -21.5572   -21.8513     1.7100     2.3891     0.3771
178.669295  12.971091  18.6113  17.1696  16.5246  16.2044  16.0098    0.08240000   0.00017039  24702.269    51.081637   0.354065   1.976498      29.649 0   0.064278   0.032431   0.017676   0.009071   0.004753   -19.2084   -20.6183   -21.2485   -21.5601   -21.7504     1.4099     2.0401     0.3116
178.576855  12.630276  19.9934  18.2089  17.3423  16.9174  16.6362    0.08090000   0.00015326  24256.687    45.946192   0.358339   2.000360    -415.932 1   0.308537   0.239113   0.093003   0.055759   0.052843   -18.0518   -19.7668   -20.4873   -20.8750   -21.1533     1.7151     2.4356     0.3877
179.303194  12.674021  19.5337  17.7995  16.8992  16.4924  16.1746    0.08380000   0.00014922  25110.556    44.735031   0.366755   2.047337     437.937 1   0.372915   0.298544   0.117472   0.074236   0.056785   -18.6314   -20.2912   -21.0105   -21.3740   -21.6744     1.6598     2.3791     0.3636
178.561179  12.817225  18.7512  17.5963  17.0923  16.7812  16.6412    0.08050000   0.00008938  24122.201    26.795450   0.372124   2.077310    -550.419 1   0.165151   0.072452   0.073918  -0.008982  -0.081185   -19.1398   -20.2020   -20.7074   -20.9356   -21.0034     1.0622     1.5677     0.2282
178.549367  12.644060  18.2307  17.0548  16.5161  16.1632  15.9751    0.08290000   0.00018812  24847.099    56.396957   0.381061   2.127199     174.479 0   0.187001   0.141690   0.100556  -0.010273  -0.099927   -19.7250   -20.8556   -21.3531   -21.5952   -21.6936     1.1306     1.6282     0.2421
178.528554  12.813554  20.0968  18.5590  17.6794  17.1482  16.8366    0.07960000   0.00011074  23871.454    33.199017   0.402228   2.245361    -801.165 1   0.510599   0.461059   0.181717   0.098661   0.064806   -18.1151   -19.6034   -20.2036   -20.6518   -20.9295     1.4883     2.0885     0.4481
178.513768  12.784867  18.5909  16.6040  15.7044  15.2698  14.9408    0.08070000   0.00019059  24207.941    57.137445   0.411218   2.295546    -464.678 1   0.366460   0.283412   0.103057   0.071060   0.062633   -19.4828   -21.3866   -22.1059   -22.5085   -22.8290     1.9039     2.6231     0.4026
179.357690  12.712525  19.0318  17.5835  16.7660  16.3296  15.9981    0.08320000   0.00017289  24946.150    51.831118   0.416462   2.324817     273.531 0   0.388807   0.347555   0.151264   0.074610   0.036295   -19.1335   -20.5406   -21.1618   -21.5215   -21.8147     1.4070     2.0283     0.3597
178.554749  12.526600  19.8367  18.1080  17.2530  16.9670  16.5584    0.08010000   0.00014998  23999.855    44.962873   0.417495   2.330585    -672.764 1   0.274648   0.209932   0.085376   0.045968   0.046694   -18.1529   -19.8169   -20.5473   -20.7939   -21.2033     1.6640     2.3944     0.2466
178.570166  12.963198  18.6896  17.4522  16.8311  16.4855  16.3151    0.07970000   0.00017519  23888.842    52.520641   0.424569   2.370075    -783.777 1   0.210852   0.182484   0.110447   0.008533  -0.079464   -19.2224   -20.4315   -20.9805   -21.2242   -21.3066     1.2090     1.7581     0.2437
178.488834  12.742816  20.0408  18.4022  17.5291  17.1500  16.8816    0.08300000   0.00014889  24883.703    44.636099   0.431599   2.409320     211.084 0   0.307825   0.241009   0.099545   0.055172   0.047883   -18.0383   -19.6101   -20.3417   -20.6765   -20.9376     1.5718     2.3034     0.3347
178.569720  12.469958  19.3450  17.4366  16.5417  16.1025  15.8073    0.08220000   0.00016133  24632.897    48.365517   0.435385   2.430455     -39.723 0   0.346939   0.267206   0.096615   0.065927   0.061086   -18.7493   -20.5780   -21.3023   -21.7108   -22.0012     1.8287     2.5530     0.4085
179.361777  12.849076  19.2904  18.0430  17.4393  17.0886  16.8836    0.08760000   0.00016858  26272.882    50.539013   0.437977   2.444926    1600.262 1   0.207966   0.163230   0.103188   0.008432  -0.072891   -18.8064   -20.0091   -20.5527   -20.8087   -20.9323     1.2027     1.7463     0.2559
179.381185  12.715888  19.4522  17.7735  16.8900  16.4540  16.1255    0.08430000   0.00014735  25266.658    44.174419   0.439281   2.452201     594.039 1   0.416531   0.354851   0.146910   0.083241   0.051951   -18.7695   -20.3865   -21.0621   -21.4344   -21.7316     1.6170     2.2926     0.3723
179.362864  12.870734  18.8541  17.8321  17.3237  16.7996  16.6705    0.08260000   0.00077670  24776.707   232.848802   0.445567   2.487291     104.088 0   0.189288   0.243429   0.130465   0.000594  -0.094671   -19.0959   -20.1721   -20.5675   -20.9618   -20.9956     1.0761     1.4716     0.3942
178.543420  12.419370  18.3232  16.5991  15.7205  15.2340  14.8868    0.08120000   0.00023953  24345.096    71.809287   0.486550   2.716072    -327.523 0   0.476419   0.414891   0.166287   0.094550   0.060546   -19.8739   -21.5365   -22.1665   -22.5812   -22.8944     1.6626     2.2926     0.4148
178.600093  12.338795  18.1298  16.9830  16.4103  15.9801  15.7504    0.07260000   0.00007851  21750.992    23.536706   0.503835   2.812562   -2921.627 1   0.220190   0.221456   0.122839   0.014275  -0.077847   -19.5698   -20.7179   -21.1920   -21.5136   -21.6512     1.1481     1.6221     0.3216
178.508369  13.023932  18.5108  16.8290  16.0593  15.6868  15.4502    0.08320000   0.00015454  24929.062    46.329926   0.508780   2.840168     256.442 0   0.203822   0.141913   0.069253   0.026322   0.029453   -19.4696   -21.0894   -21.7865   -22.1161   -22.3558     1.6199     2.3169     0.3296
178.466943  12.488648  20.0287  18.1481  17.2708  16.8647  16.5685    0.08110000   0.00017721  24313.018    53.126221   0.510931   2.852175    -359.601 0   0.293575   0.225406   0.082132   0.052353   0.054651   -17.9857   -19.7981   -20.5321   -20.9085   -21.2070     1.8124     2.5465     0.3763
179.454611  12.756372  19.5352  17.8964  17.1477  16.7707  16.4962    0.08030000   0.00014851  24079.000    44.522178   0.511714   2.856547    -593.619 1   0.156329   0.108061   0.052946   0.023250   0.026923   -18.3203   -19.9109   -20.6045   -20.9518   -21.2299     1.5905     2.2841     0.3473
178.518483  12.398176  18.3259  16.5721  15.6774  15.1876  14.8592    0.08340000   0.00019134  25004.790    57.362289   0.518793   2.896061     332.170 0   0.487701   0.428571   0.170927   0.095772   0.061863   -19.9436   -21.6382   -22.2753   -22.6899   -22.9844     1.6947     2.3317     0.4146
179.305110  13.099037  18.9269  18.1168  17.9441  17.6719  17.7087    0.08540000   0.00004303  25591.363    12.900069   0.522095   2.914496     918.744 1   0.117126   0.015183   0.059861  -0.024222  -0.012634   -19.0448   -19.7530   -19.9703   -20.1585   -20.1332     0.7082     0.9255     0.1881
178.471574  12.997865  19.5282  17.9234  17.0930  16.6844  16.4128    0.08150000   0.00013988  24431.826    41.934969   0.524276   2.926673    -240.793 0   0.345662   0.285475   0.124455   0.065244   0.041008   -18.5490   -20.0936   -20.7630   -21.1124   -21.3597     1.5446     2.2140     0.3494
178.936930  12.198682  20.1138  18.4845  17.6213  17.1945  16.8308    0.08240000   0.00014714  24717.019    44.111462   0.527046   2.942133      44.399 0   0.393707   0.330677   0.138008   0.078412   0.049854   -18.0354   -19.6016   -20.2722   -20.6394   -20.9745     1.5663     2.2368     0.3672
178.522334  12.372471  19.3682  17.3928  16.4197  15.9676  15.5976    0.09290000   0.00017414  27842.535    52.205859   0.532575   2.972997    3169.916 1   0.524192   0.422111   0.158684   0.105424   0.073256   -19.1728   -21.0462   -21.7558   -22.1547   -22.4925     1.8733     2.5830     0.3988
179.167985  13.212276  19.0756  17.8225  17.0567  16.7229  16.7293    0.08450000   0.00010428  25345.654    31.262358   0.538719   3.007294     673.034 1   0.194151   0.369259   0.165043   0.017482  -0.079285   -18.9501   -20.3783   -20.9398   -21.1261   -21.0229     1.4282     1.9898     0.1862
178.409263  12.906747  19.1751  17.4334  16.5166  16.0864  15.7796    0.08060000   0.00017239  24149.811    51.681222   0.540125   3.015143    -522.808 1   0.437712   0.374577   0.152950   0.087900   0.055440   -18.9700   -20.6485   -21.3437   -21.7088   -21.9832     1.6786     2.3737     0.3651
178.423903  12.946271  19.1933  18.0775  17.7203  17.4568  17.3921    0.08330000   0.00008949  24972.802    26.828427   0.541551   3.023107     300.182 0   0.158340   0.034138   0.078850  -0.045543  -0.040717   -18.7654   -19.7570   -20.1589   -20.2980   -20.3675     0.9916     1.3935     0.1391
179.476089  12.839440  18.6106  17.0969  16.3408  15.9256  15.6235    0.08390000   0.00017917  25139.636    53.713815   0.543774   3.035512     467.017 1   0.298568   0.245288   0.118190   0.048378   0.018726   -19.4828   -20.9432   -21.5722   -21.9176   -22.1900     1.4604     2.0894     0.3454
178.373861  12.646568  19.4152  17.4927  16.5657  16.1238  15.7885    0.08090000   0.00017861  24246.854    53.545931   0.549139   3.065466    -425.765 1   0.460308   0.378078   0.147202   0.094461   0.064370   -18.7817   -20.6220   -21.3181   -21.7073   -22.0125     1.8403     2.5364     0.3892
178.385143  12.567696  18.5686  16.9641  15.8981  15.4752  15.4448    0.09400000   0.00015445  28189.245    46.302945   0.555354   3.100156    3516.625 1   0.516961   0.612882   0.240769   0.112904   0.065401   -20.0120   -21.7124   -22.4063   -22.7013   -22.6842     1.7004     2.3943     0.2950
178.402012  12.951625  19.9410  18.4123  17.6139  17.2114  16.9405    0.08360000   0.00017946  25070.954    53.800755   0.563247   3.144220     398.334 0   0.321208   0.269932   0.125903   0.055553   0.024151   -18.1644   -19.6419   -20.2962   -20.6284   -20.8679     1.4774     2.1318     0.3321
178.667766  12.211749  19.8232  17.9782  17.0665  16.6899  16.3645    0.08100000   0.00015219  24287.146    45.625414   0.574498   3.207028    -385.473 0   0.324241   0.250971   0.094157   0.060156   0.056684   -18.2404   -20.0121   -20.7670   -21.1096   -21.4315     1.7717     2.5266     0.3426
178.363252  12.891308  19.7406  18.0961  17.2896  16.9287  16.7010    0.08440000   0.00014140  25294.719    42.390654   0.577991   3.226527     622.099 1   0.233168   0.170069   0.078152   0.032893   0.034715   -18.3003   -19.8817   -20.5963   -20.9119   -21.1415     1.5814     2.2960     0.3156
178.771068  12.165663  18.7609  17.6445  17.1211  16.8414  16.6625    0.09110000   0.00014572  27300.091    43.685757   0.581343   3.245236    2627.471 1   0.106408   0.038666   0.042476   0.010086  -0.045389   -19.3197   -20.3684   -20.8956   -21.1429   -21.2663     1.0487     1.5759     0.2473
179.220160  12.216024  18.2039  17.2795  16.9567  16.7507  16.6624    0.08170000   0.00007561  24485.549    22.667308   0.582535   3.251889    -187.070 0   0.107088   0.012961   0.052214  -0.019634  -0.009737   -19.6373   -20.4675   -20.8296   -20.9637   -21.0619     0.8303     1.1923     0.1342
178.676108  13.253543  19.0762  17.9435  17.4394  17.0566  16.8652    0.08180000   0.00008313  24535.884    24.921747   0.583452   3.257012    -136.735 0   0.181501   0.158172   0.107070  -0.016053  -0.103847   -18.8660   -19.9754   -20.4284   -20.6881   -20.7917     1.1094     1.5624     0.2597
178.409594  13.017135  18.7417  17.6214  17.1999  16.9425  16.9975    0.09190000   0.00005745  27539.685    17.223077   0.586142   3.272027    2867.065 1   0.005798   0.001246   0.001234   0.000465  -0.002467   -19.2760   -20.3917   -20.8132   -21.0698   -21.0119     1.1157     1.5372     0.2566
178.390912  12.988950  19.3283  17.3988  16.5484  16.1428  15.8745    0.08260000   0.00014314  24775.838    42.912292   0.588893   3.287385     103.219 0   0.246822   0.189143   0.071802   0.041017   0.046999   -18.6793   -20.5511   -21.2842   -21.6590   -21.9333     1.8718     2.6049     0.3748
179.486753  12.975253  17.9065  16.7490  16.1656  15.7995  15.6245    0.08230000   0.00008990  24667.823    26.951342   0.596826   3.331668      -4.797 0   0.194988   0.190492   0.115064  -0.002487  -0.097282   -20.0413   -21.1943   -21.7023   -21.9508   -22.0310     1.1530     1.6610     0.2485
178.762167  12.138835  19.6355  18.1391  17.3112  16.8889  16.5176    0.09100000   0.00016047  27275.388    48.107696   0.609518   3.402517    2602.768 1   0.378677   0.323810   0.139801   0.073024   0.041875   -18.7361   -20.1777   -20.8216   -21.1771   -21.5172     1.4415     2.0854     0.3555
178.354693  12.974567  19.7356  17.8512  17.0046  16.6233  16.3722    0.07770000   0.00015445  23308.264    46.302945   0.614736   3.431646   -1364.355 1   0.248607   0.188612   0.074915   0.040325   0.045314   -18.1617   -19.9861   -20.7190   -21.0657   -21.3218     1.8244     2.5573     0.3467
179.347233  13.187838  18.3108  17.3643  16.9306  16.5770  16.5172    0.08450000   0.00006609  25334.861    19.813284   0.615186   3.434160     662.242 1   0.115600   0.162579   0.105523  -0.071301  -0.071890   -19.6363   -20.6298   -21.0064   -21.1832   -21.2424     0.9935     1.3701     0.1768
178.314783  12.858563  18.9878  17.1040  16.2006  15.7947  15.4784    0.08390000   0.00017443  25146.951    52.292798   0.615547   3.436171     474.332 1   0.313015   0.240105   0.086371   0.057209   0.057611   -19.1200   -20.9309   -21.6806   -22.0573   -22.3740     1.8109     2.5606     0.3767
179.570131  12.641614  18.5958  17.1396  16.3924  15.9560  15.6971    0.08240000   0.00009676  24700.080    29.007918   0.629120   3.511945      27.461 0   0.318411   0.280161   0.133314   0.052451   0.010249   -19.4781   -20.8960   -21.4964   -21.8519   -22.0686     1.4179     2.0183     0.3555
178.341397  12.990810  20.0854  18.0436  17.1491  16.7404  16.5019    0.08080000   0.00015239  24226.378    45.685373   0.633243   3.534960    -446.241 1   0.287238   0.220484   0.080091   0.050789   0.053987   -17.9358   -19.9108   -20.6649   -21.0443   -21.2860     1.9750     2.7292     0.3794
178.356762  13.030747  18.3320  16.5590  15.7359  15.2870  14.9875    0.08050000   0.00015805  24136.770    47.382198   0.637773   3.560247    -535.849 1   0.208394   0.165034   0.060072   0.035573   0.043033   -19.6022   -21.3319   -22.0500   -22.4744   -22.7814     1.7296     2.4478     0.4244
178.382795  13.075302  19.5052  17.5668  16.6884  16.2798  15.9887    0.08440000   0.00016282  25304.972    48.812208   0.638844   3.566225     632.352 1   0.276978   0.212780   0.077610   0.048349   0.052490   -18.5795   -20.4537   -21.1970   -21.5763   -21.8715     1.8742     2.6174     0.3793
178.847437  12.091782  19.0479  17.8226  17.2945  16.9764  16.7994    0.08150000   0.00011093  24425.620    33.255977   0.639127   3.567806    -246.999 0   0.164376   0.076719   0.071379  -0.000885  -0.069352   -18.8480   -19.9857   -20.5084   -20.7543   -20.8628     1.1376     1.6604     0.2458
