197.329997  -1.619121  17.6951  18.2025  17.2297  16.4589  16.3993    0.08680000   0.00038582  26033.347   115.665926   0.011329   0.064557    1071.728 0   0.181770   0.997551   0.723547   0.270145   0.050875   -20.3767   -20.6851   -21.3839   -21.7013   -21.5416     0.3084     1.0072     0.3174
197.309470  -1.609943  20.2267  18.2050  17.2921  16.8311  16.4796    0.08260000   0.00017767  24763.007    53.264126   0.011610   0.066159    -198.613 0   0.428595   0.336214   0.124166   0.087247   0.066713   -17.9627   -19.8920   -20.5928   -21.0169   -21.3479     1.9293     2.6302     0.4241
197.329568  -1.622533  17.6143  15.4623  14.4871  14.0832  13.7571    0.08330000   0.00020278  24973.012    60.791915   0.013322   0.075912      11.392 0   0.444761   0.349635   0.129319   0.091101   0.067906   -20.6308   -22.6877   -23.4425   -23.8082   -24.1111     2.0569     2.8118     0.3657
197.334722  -1.604729  19.3548  17.5690  16.6312  16.2004  15.8501    0.07860000   0.00020016  23577.028    60.006458   0.015939   0.090826   -1384.591 1   0.446899   0.366659   0.143400   0.091879   0.062809   -18.7659   -20.4714   -21.1860   -21.5652   -21.8865     1.7056     2.4201     0.3793
197.337952  -1.632537  19.3438  17.6542  16.7197  16.2969  15.9997    0.08150000   0.00013325  24436.863    39.947345   0.026371   0.150269    -524.757 0   0.457460   0.396158   0.160494   0.091463   0.057623   -18.8452   -20.4735   -21.1723   -21.5261   -21.7895     1.6283     2.3271     0.3538
197.318632  -1.576091  20.4219  18.3705  17.4280  16.9994  16.6558    0.08180000   0.00016674  24524.282    49.987394   0.036473   0.207834    -437.337 0   0.409492   0.319813   0.117549   0.082437   0.065502   -17.7483   -19.7101   -20.4503   -20.8438   -21.1704     1.9617     2.7020     0.3935
197.283714  -1.621813  20.0019  18.1463  17.2603  16.8256  16.5119    0.08220000   0.00015755  24657.180    47.232302   0.038223   0.217805    -304.439 0   0.313330   0.240395   0.086579   0.057292   0.057593   -18.0588   -19.8415   -20.5737   -20.9791   -21.2931     1.7827     2.5148     0.4054
197.282829  -1.595720  18.1256  17.1025  16.6794  16.3457  16.2248    0.08390000   0.00009973  25157.534    29.898302   0.041500   0.236476     195.914 0   0.157611   0.112650   0.099718  -0.061099  -0.078964   -19.8268   -20.8049   -21.2151   -21.3880   -21.4910     0.9781     1.3883     0.1729
197.384316  -1.576422  20.3801  18.4114  17.4855  17.0282  16.7262    0.08430000   0.00015706  25263.001    47.085403   0.073025   0.416115     301.381 0   0.469747   0.390843   0.153369   0.095649   0.064090   -17.8948   -19.7846   -20.4730   -20.8726   -21.1431     1.8898     2.5782     0.3996
197.364248  -1.547589  20.1485  18.1987  17.2656  16.8097  16.5212    0.08400000   0.00018874  25194.738    56.582829   0.078101   0.445038     233.119 0   0.477597   0.396085   0.154477   0.097168   0.065485   -18.1477   -20.0159   -20.7074   -21.1060   -21.3628     1.8683     2.5598     0.3986
197.293672  -1.538138  19.0365  17.2558  16.3275  15.8703  15.5548    0.08500000   0.00017683  25490.633    53.012300   0.079152   0.451027     529.014 0   0.494524   0.437110   0.173716   0.096497   0.062790   -19.3024   -21.0257   -21.6906   -22.0705   -22.3523     1.7233     2.3882     0.3800
197.422449  -1.608097  19.4816  17.6658  16.7799  16.3432  16.0351    0.08070000   0.00016122  24204.434    48.332540   0.101704   0.579535    -757.186 0   0.349607   0.271407   0.100545   0.066962   0.059895   -18.5752   -20.3128   -21.0278   -21.4310   -21.7320     1.7376     2.4526     0.4031
197.298922  -1.725651  18.9916  17.0977  16.2126  15.7716  15.4700    0.08230000   0.00017642  24668.422    52.889385   0.115245   0.656697    -293.197 0   0.314357   0.241332   0.087213   0.057562   0.057552   -19.0756   -20.8965   -21.6274   -22.0388   -22.3404     1.8209     2.5519     0.4113
197.207623  -1.568199  20.0842  18.0181  17.1012  16.6758  16.3616    0.08530000   0.00015470  25565.371    46.377893   0.121497   0.692320     603.752 0   0.355922   0.274916   0.099972   0.068336   0.061641   -18.1026   -20.0877   -20.8296   -21.2234   -21.5309     1.9851     2.7271     0.3938
197.217216  -1.681605  19.2926  17.4599  16.5607  16.1508  15.8235    0.08530000   0.00015546  25574.755    46.605736   0.124485   0.709349     613.136 0   0.345537   0.269134   0.101073   0.066034   0.058621   -18.8838   -20.6401   -21.3712   -21.7461   -22.0660     1.7563     2.4874     0.3749
197.381718  -1.501327  20.0541  18.0971  17.2302  16.8212  16.5650    0.08280000   0.00013952  24835.827    41.827044   0.126758   0.722297    -125.793 0   0.268061   0.205441   0.077438   0.045822   0.050011   -18.0012   -19.8956   -20.6344   -21.0118   -21.2722     1.8944     2.6333     0.3774
197.437956  -1.663390  20.2310  18.2543  17.3376  16.9041  16.6164    0.08210000   0.00015567  24599.170    46.668692   0.127689   0.727604    -362.449 0   0.368233   0.284570   0.103224   0.071461   0.062948   -17.8848   -19.7778   -20.5131   -20.9149   -21.1941     1.8930     2.6284     0.4017
197.194535  -1.679315  20.0485  18.1542  17.2664  16.8522  16.5506    0.08070000   0.00016416  24203.115    49.213930   0.142810   0.813766    -758.505 0   0.274496   0.211078   0.076372   0.047873   0.052465   -17.9332   -19.7641   -20.5172   -20.9029   -21.2091     1.8309     2.5840     0.3857
197.442602  -1.523607  19.6020  17.8210  16.9070  16.4393  16.1175    0.08140000   0.00015297  24396.750    45.859252   0.150751   0.859018    -564.869 0   0.475280   0.418189   0.168225   0.093774   0.059439   -18.6233   -20.3472   -21.0113   -21.4045   -21.6920     1.7239     2.3879     0.3932
197.441738  -1.715200  20.0764  18.3770  17.4826  17.0684  16.7753    0.08380000   0.00016438  25126.265    49.279884   0.158625   0.903883     164.646 0   0.397189   0.331579   0.136925   0.079697   0.051928   -18.1130   -19.7468   -20.4465   -20.8035   -21.0688     1.6338     2.3335     0.3570
197.257320  -1.458384  19.1916  17.2381  16.2716  15.8215  15.4855    0.08270000   0.00017038  24803.359    51.078639   0.166668   0.949716    -158.260 0   0.518275   0.419518   0.158515   0.104419   0.072294   -19.0873   -20.9420   -21.6475   -22.0435   -22.3474     1.8547     2.5602     0.3960
197.138208  -1.656630  19.8377  18.2588  17.4729  17.0876  16.8138    0.08360000   0.00014327  25071.643    42.951265   0.187779   1.070010     110.024 0   0.275929   0.212815   0.097867   0.043335   0.034064   -18.2225   -19.7383   -20.4092   -20.7400   -21.0045     1.5158     2.1867     0.3308
197.145597  -1.748912  18.4984  16.6289  15.7312  15.3064  14.9795    0.08380000   0.00018586  25135.349    55.719426   0.221990   1.264957     173.730 0   0.327255   0.251318   0.090451   0.060850   0.059217   -19.6211   -21.4146   -22.1515   -22.5467   -22.8719     1.7936     2.5304     0.3952
197.340191  -1.844704  19.8435  18.1995  17.2975  16.8866  16.5951    0.08110000   0.00016887  24301.956    50.625952   0.233012   1.327758    -659.663 0   0.419119   0.365788   0.153327   0.082927   0.048487   -18.2964   -19.8871   -20.5766   -20.9171   -21.1742     1.5907     2.2802     0.3405
197.100428  -1.690410  19.7123  18.0273  17.2029  16.8245  16.5697    0.08380000   0.00016969  25120.479    50.871782   0.233656   1.331433     158.860 0   0.279839   0.215025   0.091936   0.046200   0.043028   -18.3597   -19.9799   -20.6812   -21.0139   -21.2655     1.6202     2.3215     0.3327
197.257670  -1.358424  19.9720  18.2197  17.3367  16.8653  16.5390    0.08540000   0.00013782  25615.647    41.317397   0.261796   1.491778     654.027 0   0.451294   0.390581   0.158889   0.090285   0.056524   -18.3339   -20.0255   -20.6768   -21.0796   -21.3721     1.6916     2.3429     0.4028
197.253051  -1.904998  19.9183  18.1694  17.2353  16.8220  16.5229    0.08130000   0.00015766  24358.857    47.265279   0.300235   1.710815    -602.763 0   0.425538   0.350996   0.139672   0.087084   0.059116   -18.2546   -19.9290   -20.6517   -21.0125   -21.2836     1.6744     2.3971     0.3607
197.404283  -1.903422  19.1303  17.7451  17.0663  16.6876  16.4442    0.08400000   0.00009613  25179.629    28.819049   0.302654   1.724598     218.009 0   0.240913   0.188540   0.105426   0.026756  -0.020494   -18.9292   -20.2620   -20.8577   -21.1577   -21.3539     1.3328     1.9285     0.3000
197.038211  -1.722929  19.6462  18.2736  17.4361  17.0367  16.7244    0.08240000   0.00014852  24714.680    44.525176   0.303295   1.728249    -246.939 0   0.378271   0.389746   0.170220   0.077764   0.017897   -18.4875   -19.8716   -20.4896   -20.7965   -21.0490     1.3841     2.0020     0.3069
197.512711  -1.847799  18.4922  17.3832  16.8422  16.4659  16.2985    0.07450000   0.00008845  22331.390    26.516643   0.303589   1.729926   -2630.229 1   0.180906   0.186633   0.114967  -0.012533  -0.102634   -19.2457   -20.3604   -20.8298   -21.0786   -21.1559     1.1147     1.5841     0.2488
197.601159  -1.480498  19.2033  17.5762  16.7482  16.3102  16.0355    0.08580000   0.00017959  25731.337    53.839728   0.309779   1.765200     769.717 0   0.365306   0.316245   0.139941   0.068290   0.034722   -19.0268   -20.6048   -21.2565   -21.6229   -21.8640     1.5780     2.2297     0.3663
197.109276  -1.381475  19.6046  17.7592  16.8849  16.4837  16.1612    0.08280000   0.00015105  24827.882    45.283651   0.313177   1.784561    -133.737 0   0.263212   0.202805   0.073342   0.045276   0.050967   -18.4458   -20.2308   -20.9757   -21.3488   -21.6770     1.7850     2.5298     0.3731
197.088652  -1.839928  19.8807  18.2597  17.3825  17.0145  16.7706    0.08410000   0.00014547  25203.072    43.610809   0.324921   1.851481     241.453 0   0.302306   0.236502   0.099506   0.053295   0.045706   -18.2400   -19.7952   -20.5354   -20.8572   -21.0935     1.5552     2.2954     0.3218
197.103273  -1.360216  19.1474  18.0871  17.5628  17.2203  17.0339    0.08720000   0.00009603  26135.127    28.789070   0.333058   1.897849    1173.508 1   0.166620   0.173443   0.112102  -0.026278  -0.101880   -18.9193   -19.9864   -20.4493   -20.6535   -20.7643     1.0671     1.5301     0.2041
197.143638  -1.326419  18.0225  16.7837  16.1794  15.7971  15.5666    0.08550000   0.00018300  25621.493    54.862020   0.336458   1.917223     659.873 0   0.219551   0.191674   0.112540   0.013519  -0.070121   -20.0542   -21.2651   -21.7903   -22.0735   -22.2204     1.2109     1.7361     0.2833
197.153277  -1.310101  20.2281  18.4545  17.5712  17.1958  16.9010    0.08080000   0.00015305  24235.912    45.883236   0.345669   1.969706    -725.708 0   0.313344   0.244120   0.096589   0.057038   0.052029   -17.8192   -19.5236   -20.2593   -20.5952   -20.8850     1.7044     2.4401     0.3358
196.987561  -1.725591  20.0579  18.1351  17.3049  16.8799  16.5956    0.08150000   0.00013333  24426.310    39.971328   0.351781   2.004538    -535.309 0   0.214823   0.167967   0.062338   0.035999   0.043390   -17.8885   -19.7644   -20.4890   -20.8876   -21.1793     1.8759     2.6005     0.3987
197.336210  -1.967611  20.1448  18.3673  17.4524  17.0688  16.7867    0.08110000   0.00015094  24314.607    45.250674   0.355445   2.025412    -647.012 0   0.336867   0.263675   0.101667   0.063854   0.055967   -17.9129   -19.6172   -20.3701   -20.7159   -20.9901     1.7043     2.4572     0.3458
196.984884  -1.464800  20.0379  18.2101  17.2958  16.8656  16.5723    0.08170000   0.00015193  24483.361    45.547468   0.366831   2.090297    -478.259 0   0.389559   0.309508   0.118387   0.078371   0.060675   -18.0857   -19.8335   -20.5567   -20.9468   -21.2224     1.7477     2.4709     0.3902
197.302471  -1.987957  19.2620  18.1053  17.4495  17.0901  16.8456    0.08470000   0.00020053  25380.040    60.117382   0.375904   2.141992     418.420 0   0.223379   0.236886   0.127631   0.018072  -0.076397   -18.7769   -19.9471   -20.4936   -20.7435   -20.8935     1.1702     1.7168     0.2498
197.124705  -1.286717  19.1622  18.0511  17.5264  17.2133  17.0715    0.08630000   0.00010504  25861.896    31.490200   0.380207   2.166517     900.277 1   0.179544   0.123857   0.097081  -0.020880  -0.102244   -18.8948   -19.9502   -20.4481   -20.6433   -20.7037     1.0554     1.5533     0.1951
197.586266  -1.321331  18.5417  16.8659  15.9931  15.5705  15.2499    0.08500000   0.00015604  25488.355    46.779615   0.393949   2.244819     526.735 0   0.396440   0.334092   0.139561   0.078923   0.049714   -19.6991   -21.3125   -21.9908   -22.3528   -22.6442     1.6135     2.2917     0.3620
197.077013  -1.268956  20.2308  18.2280  17.3676  16.8824  16.5513    0.08470000   0.00018113  25384.926    54.301408   0.421198   2.400090     423.307 0   0.327151   0.251207   0.090358   0.060820   0.059233   -17.9118   -19.8387   -20.5382   -20.9939   -21.3234     1.9269     2.6264     0.4557
197.052262  -1.282303  18.4725  16.5497  15.6479  15.2603  14.9616    0.08540000   0.00017987  25592.892    53.923669   0.425542   2.424843     631.273 0   0.304571   0.234076   0.085969   0.055039   0.055649   -19.6867   -21.5390   -22.2926   -22.6493   -22.9486     1.8523     2.6060     0.3567
197.395854  -1.163777  19.5259  18.0867  17.3847  17.0142  16.7450    0.08570000   0.00016269  25685.438    48.773235   0.454952   2.592429     723.819 0   0.242795   0.182865   0.099274   0.027967  -0.000598   -18.5580   -19.9372   -20.5556   -20.8548   -21.0955     1.3793     1.9977     0.2992
197.047864  -1.246588  18.8665  17.7134  17.1231  16.7752  16.6074    0.08510000   0.00009348  25502.175    28.024599   0.456428   2.600840     540.556 0   0.194610   0.187396   0.114159  -0.002951  -0.097562   -19.1723   -20.3182   -20.8353   -21.0661   -21.1392     1.1459     1.6629     0.2308
197.309677  -1.154971  19.6476  18.2519  17.5957  17.2415  17.0321    0.08180000   0.00020019  24522.244    60.015452   0.457664   2.607885    -439.376 0   0.183925   0.110323   0.071051   0.014835  -0.004467   -18.2971   -19.6192   -20.2361   -20.5341   -20.7242     1.3221     1.9390     0.2980
197.180345  -2.050998  19.3326  17.4687  16.5941  16.2082  15.8895    0.08530000   0.00015312  25573.586    45.904221   0.460426   2.623623     611.966 0   0.274539   0.210651   0.078311   0.047532   0.051414   -18.7728   -20.5728   -21.3151   -21.6702   -21.9928     1.8000     2.5423     0.3551
197.330566  -1.151644  20.2708  18.4091  17.5149  17.1216  16.8118    0.08120000   0.00016418  24334.813    49.219926   0.460959   2.626661    -626.806 0   0.311363   0.240026   0.089457   0.056761   0.055676   -17.7612   -19.5516   -20.2952   -20.6558   -20.9645     1.7904     2.5340     0.3606
197.139256  -2.043455  19.5881  17.5610  16.6190  16.1899  15.8460    0.07610000   0.00017831  22828.596    53.455993   0.467605   2.664529   -2133.023 1   0.406273   0.316413   0.115763   0.081450   0.065586   -18.4003   -20.3375   -21.0789   -21.4737   -21.8017     1.9372     2.6786     0.3948
197.678312  -1.916795  18.8072  16.9091  16.0050  15.5740  15.2694    0.08100000   0.00018765  24294.641    56.256055   0.469371   2.674595    -666.978 0   0.335528   0.258138   0.093435   0.062983   0.059864   -19.2676   -21.0883   -21.8277   -22.2283   -22.5298     1.8207     2.5601     0.4005
196.845826  -1.640055  19.5285  18.3890  17.5384  17.3873  16.9564    0.08000000   0.00016517  23991.491    49.516720   0.475585   2.710002    -970.128 1   0.152018   0.512648   0.185521   0.068073  -0.124297   -18.3358   -19.8359   -20.3594   -20.3930   -20.6316     1.5001     2.0236     0.0337
197.555102  -1.193588  19.7200  17.9813  17.0948  16.7143  16.4380    0.08510000   0.00014265  25509.100    42.765394   0.479939   2.734810     547.481 0   0.302688   0.234127   0.091418   0.054122   0.052023   -18.4269   -20.0970   -20.8408   -21.1840   -21.4582     1.6701     2.4139     0.3432
196.840675  -1.632796  17.8333  15.9144  15.0437  14.6309  14.3085    0.07980000   0.00017132  23935.430    51.360444   0.480364   2.737232   -1026.190 1   0.257283   0.198763   0.071587   0.044132   0.050294   -20.1096   -21.9700   -22.7135   -23.0988   -23.4274     1.8604     2.6039     0.3853
196.989262  -1.967371  19.1129  17.4464  16.5872  16.2027  15.9283    0.08430000   0.00015328  25262.281    45.952188   0.485555   2.766812     300.662 0   0.314075   0.248000   0.104047   0.057060   0.046527   -19.0063   -20.6068   -21.3220   -21.6595   -21.9234     1.6004     2.3157     0.3375
197.680702  -1.965218  19.3563  17.4973  16.6429  16.2471  15.9764    0.08170000   0.00014912  24501.738    44.705051   0.503822   2.870904    -459.882 0   0.273027   0.208794   0.081470   0.046375   0.048985   -18.6508   -20.4456   -21.1726   -21.5333   -21.8067     1.7948     2.5218     0.3607
197.637490  -1.214262  19.1837  17.4580  16.6419  16.2630  15.9423    0.08460000   0.00013912  25376.892    41.707127   0.508731   2.898873     415.273 0   0.135056   0.112374   0.043135   0.026483   0.030420   -18.7827   -20.4857   -21.2326   -21.5948   -21.9195     1.7030     2.4499     0.3622
196.835400  -1.435356  18.6378  17.5494  17.1790  16.8919  16.7572    0.08030000   0.00008332  24063.441    24.978708   0.516533   2.943334    -898.178 1   0.163067   0.043385   0.078812  -0.042410  -0.056605   -19.2245   -20.1932   -20.5990   -20.7649   -20.8854     0.9687     1.3745     0.1659
196.822376  -1.467364  19.5534  17.7245  16.8650  16.4268  16.1098    0.08010000   0.00017468  24024.558    52.367747   0.518935   2.957024    -937.061 1   0.251001   0.194180   0.070304   0.042806   0.049246   -18.4126   -20.1847   -20.9203   -21.3310   -21.6544     1.7721     2.5077     0.4107
197.735797  -1.948564  18.8698  17.7940  17.1020  16.7258  16.4774    0.08140000   0.00018741  24405.714    56.184105   0.533878   3.042167    -555.905 0   0.230977   0.321279   0.153682   0.032547  -0.069153   -19.1112   -20.2773   -20.8017   -21.0568   -21.2035     1.1661     1.6905     0.2551
197.854758  -1.633112  19.8363  18.1472  17.3440  16.9189  16.5908    0.08400000   0.00013056  25167.847    39.140903   0.534144   3.043687     206.227 0   0.217139   0.166233   0.064871   0.035066   0.042105   -18.1994   -19.8376   -20.5394   -20.9347   -21.2699     1.6382     2.3400     0.3953
197.856993  -1.520723  19.5930  17.9146  17.0196  16.5743  16.2882    0.08210000   0.00013813  24602.768    41.410332   0.543782   3.098603    -358.852 0   0.452864   0.408957   0.168127   0.088674   0.052339   -18.6074   -20.2419   -20.8960   -21.2619   -21.5117     1.6345     2.2887     0.3658
197.614984  -2.070888  19.5964  17.7832  16.9535  16.4866  16.1275    0.07470000   0.00016016  22385.293    48.014760   0.544606   3.103301   -2576.326 1   0.264977   0.204142   0.073705   0.045703   0.051264   -18.2102   -19.9626   -20.6618   -21.1007   -21.4654     1.7524     2.4516     0.4389
197.353187  -1.065902  18.3028  17.5227  17.2927  17.0575  17.0229    0.07520000   0.00007341  22538.697    22.007764   0.547556   3.120112   -2422.923 1   0.118985   0.015535   0.061301  -0.025158  -0.012985   -19.3936   -20.0702   -20.3460   -20.4947   -20.5415     0.6767     0.9524     0.1487
197.364700  -1.061420  18.1329  16.5488  15.7576  15.3111  15.0068    0.07480000   0.00003766  22413.743    11.290184   0.552825   3.150132   -2547.876 1   0.367988   0.316637   0.139152   0.069461   0.037060   -19.7796   -21.3124   -21.9261   -22.3029   -22.5748     1.5327     2.1465     0.3768
196.770221  -1.471788  18.8149  17.5690  17.0655  16.7414  16.6465    0.08430000   0.00018568  25264.979    55.665464   0.568065   3.236974     303.360 0   0.168226   0.076179   0.075660  -0.010709  -0.083383   -19.1585   -20.3123   -20.8153   -21.0531   -21.0753     1.1539     1.6568     0.2377
196.838452  -1.296905  19.5537  17.7860  16.9112  16.5149  16.1854    0.08240000   0.00015281  24688.928    45.811286   0.576260   3.283672    -272.691 0   0.339748   0.268028   0.105604   0.064860   0.054387   -18.5415   -20.2375   -20.9499   -21.3054   -21.6245     1.6960     2.4084     0.3556
197.826844  -1.311044  19.9431  18.0194  17.1486  16.6783  16.3806    0.08230000   0.00014225  24674.268    42.645477   0.588858   3.355459    -287.351 0   0.346931   0.267456   0.097011   0.065969   0.060907   -18.1567   -20.0009   -20.7012   -21.1405   -21.4331     1.8442     2.5446     0.4393
197.827611  -1.294655  19.3166  17.9619  17.3332  16.9460  16.7646    0.08390000   0.00013908  25142.544    41.695135   0.598063   3.407912     180.925 0   0.206431   0.138209   0.087046   0.012614  -0.026460   -18.6846   -19.9711   -20.5486   -20.8614   -21.0037     1.2865     1.8640     0.3128
196.733703  -1.476496  18.6825  17.5810  17.1152  16.7397  16.5627    0.07990000   0.00008936  23957.914    26.789454   0.602418   3.432728   -1003.705 1   0.170010   0.141982   0.104432  -0.031962  -0.101140   -19.1758   -20.2493   -20.6776   -20.9167   -21.0245     1.0735     1.5017     0.2391
197.062672  -2.161006  18.9742  17.7064  17.1070  16.7228  16.4576    0.08220000   0.00009243  24647.407    27.709817   0.606165   3.454080    -314.212 0   0.214951   0.173081   0.105797   0.012117  -0.065906   -18.9881   -20.2141   -20.7462   -21.0367   -21.2239     1.2259     1.7580     0.2905
197.780684  -2.009038  19.0983  17.4238  16.5710  16.1061  15.8005    0.08190000   0.00016223  24552.643    48.635330   0.607098   3.459398    -408.977 0   0.434738   0.380745   0.157664   0.086395   0.051618   -19.0998   -20.7203   -21.3501   -21.7437   -22.0145     1.6205     2.2502     0.3936
197.931472  -1.644257  19.2009  17.6083  16.8946  16.5927  16.3819    0.08250000   0.00013330  24742.831    39.962335   0.611256   3.483090    -218.789 0   0.049345   0.028354   0.012921   0.007860   0.007349   -18.6277   -20.1994   -20.8976   -21.1945   -21.4047     1.5716     2.2699     0.2968
197.502599  -2.203798  19.5411  17.7471  16.8728  16.4442  16.1114    0.08100000   0.00016392  24285.977    49.141980   0.618594   3.524903    -675.642 0   0.352324   0.276560   0.105649   0.068157   0.057931   -18.5505   -20.2688   -20.9722   -21.3633   -21.6858     1.7182     2.4216     0.3911
197.945812  -1.610887  18.3172  16.6812  15.8124  15.3526  15.0256    0.08310000   0.00016681  24900.012    50.008380   0.624767   3.560077     -61.607 0   0.433032   0.375405   0.155017   0.086400   0.052593   -19.8870   -21.4654   -22.1138   -22.5050   -22.7981     1.5784     2.2268     0.3912
