225.755473  35.888574  19.1143  17.1510  16.1871  15.7660  15.4273    0.09520000   0.00016837  28552.623    50.476056   0.008020   0.051807    -155.802 0   0.450431   0.353985   0.130810   0.092295   0.068454   -19.4062   -21.2731   -22.0138   -22.3964   -22.7113     1.8669     2.6076     0.3826
225.701439  35.904497  19.6267  17.6441  16.6768  16.2447  15.9217    0.09440000   0.00015601  28286.288    46.770621   0.041070   0.265298    -422.138 0   0.480585   0.381750   0.142622   0.098673   0.070083   -18.9056   -20.7894   -21.5176   -21.9057   -22.2001     1.8838     2.6119     0.3882
225.800395  35.894712  20.1983  18.1594  17.2571  16.7513  16.3580    0.09510000   0.00020491  28514.910    61.430473   0.044752   0.289084    -193.516 0   0.526198   0.445245   0.171789   0.103043   0.070587   -18.4168   -20.3748   -21.0036   -21.4407   -21.8015     1.9579     2.5868     0.4371
225.782439  35.944442  20.0698  18.4215  17.5968  17.1601  16.8386    0.09680000   0.00017399  29015.353    52.160890   0.065834   0.425268     306.928 0   0.369367   0.312586   0.135362   0.071031   0.041639   -18.4271   -20.0186   -20.6661   -21.0385   -21.3306     1.5915     2.2390     0.3724
225.843541  35.939998  18.9405  16.9011  15.8983  15.5165  15.2070    0.09620000   0.00015784  28847.469    47.319242   0.095786   0.618751     139.044 0   0.452015   0.355756   0.131720   0.092683   0.068438   -19.6020   -21.5451   -22.3239   -22.6667   -22.9519     1.9431     2.7219     0.3428
225.603971  35.880466  19.8701  18.3309  17.5123  17.1301  16.8494    0.09540000   0.00015154  28609.494    45.430549   0.115464   0.745866     -98.932 0   0.305278   0.244665   0.111092   0.053188   0.034550   -18.5310   -20.0096   -20.6946   -21.0189   -21.2809     1.4786     2.1636     0.3243
225.682251  35.996862  19.7189  17.9283  16.9321  16.5074  16.1752    0.09730000   0.00014652  29174.183    43.925591   0.122917   0.794010     465.758 0   0.506884   0.428140   0.166636   0.100728   0.067908   -18.9267   -20.6386   -21.3733   -21.7321   -22.0314     1.7119     2.4466     0.3588
225.577207  35.934248  20.4897  18.5150  17.4616  16.9626  16.5256    0.09540000   0.00017008  28605.057    50.988701   0.145468   0.939679    -103.368 0   0.690188   0.550634   0.196568   0.119612   0.092626   -18.2963   -20.1314   -20.8308   -21.2528   -21.6628     1.8351     2.5345     0.4220
225.590103  35.974001  20.7091  18.2049  17.1800  16.6713  16.2707    0.09590000   0.00012813  28748.268    38.412408   0.154486   0.997935      39.842 0   0.665148   0.533528   0.192311   0.117654   0.089580   -18.0632   -20.4358   -21.1195   -21.5535   -21.9261     2.3726     3.0563     0.4340
225.561928  35.958033  19.5711  18.1024  17.3614  16.9861  16.7160    0.09620000   0.00013852  28841.354    41.527251   0.166113   1.073042     132.928 0   0.270637   0.215804   0.109955   0.038965   0.007934   -18.7900   -20.2039   -20.8390   -21.1433   -21.3824     1.4139     2.0490     0.3043
225.546172  35.970866  18.3786  16.3039  15.3253  14.8951  14.5589    0.09570000   0.00017651  28702.759    52.916367   0.183300   1.184065      -5.666 0   0.459775   0.363454   0.135276   0.094483   0.068663   -20.1603   -22.1387   -22.8891   -23.2785   -23.5889     1.9784     2.7288     0.3894
225.580623  36.028646  19.7475  17.5232  16.3785  15.8368  15.4174    0.09560000   0.00015138  28651.855    45.382582   0.196298   1.268026     -56.571 0   0.912262   0.723123   0.243039   0.144954   0.118432   -19.2440   -21.2792   -21.9438   -22.3874   -22.7803     2.0352     2.6998     0.4436
225.483599  35.750111  18.3556  17.1414  16.5169  16.1599  15.9878    0.09620000   0.00016328  28844.831    48.950113   0.252263   1.629546     136.406 0   0.211566   0.197021   0.115497   0.008511  -0.082965   -19.9464   -21.1461   -21.6891   -21.9391   -22.0197     1.1997     1.7426     0.2500
225.445517  36.096123  18.3969  17.2861  16.8481  16.4773  16.3133    0.09490000   0.00005369  28451.264    16.095857   0.322160   2.081059    -257.162 0   0.171306   0.147941   0.105696  -0.029025  -0.102351   -19.8376   -20.9251   -21.3208   -21.5569   -21.6476     1.0874     1.4832     0.2361
225.423484  36.104231  19.2789  18.5027  18.1519  17.8079  17.7263    0.10780000   0.00003974  32320.325    11.913752   0.341012   2.202841    3611.900 1   0.134089   0.111290   0.098272  -0.090200  -0.056059   -19.2170   -19.9704   -20.3082   -20.4637   -20.5795     0.7534     1.0912     0.1555
226.123958  36.166171  18.7503  17.6029  17.0432  16.6822  16.4398    0.09630000   0.00018255  28881.766    54.727113   0.415205   2.682106     173.340 0   0.195316   0.164169   0.106560  -0.002665  -0.095279   -19.5613   -20.6775   -21.1796   -21.4314   -21.5812     1.1163     1.6183     0.2518
226.198625  35.629147  19.1407  17.7410  17.0417  16.6462  16.4389    0.09740000   0.00015684  29196.548    47.019449   0.447172   2.888600     488.122 1   0.246883   0.186009   0.098681   0.029960   0.006424   -19.2261   -20.5649   -21.1769   -21.5036   -21.6874     1.3388     1.9508     0.3268
226.303975  35.911733  19.5024  18.1883  17.6868  17.3528  17.1407    0.09760000   0.00021692  29258.005    65.030980   0.452544   2.923302     549.580 1   0.175522   0.090571   0.080282  -0.010424  -0.085589   -18.7975   -20.0266   -20.5178   -20.7611   -20.8981     1.2291     1.7204     0.2433
226.133554  35.548400  19.3274  18.0862  17.4972  17.1694  16.9520    0.10100000   0.00018038  30266.747    54.076564   0.460455   2.974404    1558.321 1   0.175862   0.095382   0.073858   0.005274  -0.047368   -19.0685   -20.2292   -20.7967   -21.0559   -21.2206     1.1607     1.7282     0.2592
226.343688  35.874903  18.6919  17.4064  16.7748  16.4240  16.1994    0.09920000   0.00015590  29737.763    46.737644   0.484070   3.126953    1029.337 1   0.220779   0.182393   0.108540   0.014858  -0.061634   -19.7097   -20.9568   -21.5146   -21.7717   -21.9198     1.2471     1.8049     0.2571
226.174378  35.534718  19.5723  18.3043  17.7790  17.3852  17.2183    0.10010000   0.00004896  30005.927    14.677839   0.493228   3.186113    1297.502 1   0.190195   0.125951   0.091771  -0.005238  -0.084242   -18.8161   -20.0199   -20.5110   -20.8078   -20.8957     1.2038     1.6949     0.2968
225.153157  35.771666  19.2965  18.2954  17.6408  17.3026  17.1360    0.09530000   0.00008949  28577.776    26.828427   0.493889   3.190380    -130.650 0   0.176673   0.268232   0.137057   0.009317  -0.093725   -18.9501   -20.0428   -20.5662   -20.7767   -20.8402     1.0927     1.6161     0.2105
226.141298  35.498387  18.9600  17.9411  17.5584  17.2722  17.2366    0.09960000   0.00008600  29853.363    25.782151   0.502205   3.244099    1144.937 1   0.170215   0.049898   0.084152  -0.060731  -0.053695   -19.3975   -20.2961   -20.7130   -20.8543   -20.8970     0.8986     1.3155     0.1413
226.234022  35.554120  19.9212  18.3183  17.5741  17.2318  17.0125    0.09430000   0.00016578  28281.911    49.699594   0.515647   3.330929    -426.515 0   0.109115   0.072964   0.036237   0.018117   0.019464   -18.2560   -19.8228   -20.5302   -20.8544   -21.0751     1.5667     2.2742     0.3242
226.372209  35.767641  19.0616  17.3515  16.5052  16.1589  15.8789    0.09420000   0.00014576  28255.199    43.697749   0.520570   3.362730    -453.226 1   0.245452   0.183673   0.078032   0.037941   0.041282   -19.2521   -20.9004   -21.6411   -21.9473   -22.2306     1.6483     2.3890     0.3062
226.104269  35.447568  18.6335  16.6315  15.6661  15.2433  14.9594    0.09740000   0.00017758  29198.706    53.237145   0.525199   3.392634     490.281 1   0.407442   0.317414   0.116170   0.081759   0.065655   -19.8938   -21.8058   -22.5699   -22.9583   -23.2261     1.9120     2.6761     0.3884
225.849477  36.406360  18.8040  18.1463  17.9435  17.6034  17.6490    0.09300000   0.00004054  27870.716    12.153586   0.527561   3.407895    -837.710 1   0.142575   0.021311   0.075714  -0.040831  -0.018656   -19.3578   -19.8942   -20.1514   -20.3749   -20.3515     0.5364     0.7936     0.2236
226.096097  35.432183  20.3605  18.3319  17.3974  16.9981  16.7220    0.09660000   0.00013782  28945.861    41.317397   0.534555   3.453070     237.436 0   0.341790   0.263205   0.095334   0.064613   0.060474   -18.0832   -20.0332   -20.7998   -21.1684   -21.4404     1.9500     2.7166     0.3686
