219.990598  37.130170  19.9071  18.1073  17.2715  16.9165  16.6224    0.09660000   0.00015523  28947.180    46.536783   0.020901   0.138015    -502.332 0   0.139186   0.114491   0.044345   0.026757   0.030950   -18.3340   -20.1091   -20.8748   -21.2122   -21.5105     1.7751     2.5408     0.3374
220.002695  37.096622  20.1097  18.3308  17.4092  17.0159  16.7026    0.09510000   0.00014705  28514.070    44.084481   0.024444   0.161411    -935.442 0   0.365690   0.287216   0.108677   0.071722   0.059745   -18.3449   -20.0454   -20.7884   -21.1448   -21.4461     1.7004     2.4435     0.3563
220.014363  37.124281  18.3650  16.3954  15.3922  14.9648  14.6361    0.09760000   0.00018942  29272.515    56.786687   0.031273   0.206507    -176.997 0   0.523969   0.421999   0.158668   0.105389   0.073223   -20.2833   -22.1509   -22.8908   -23.2649   -23.5615     1.8676     2.6075     0.3741
220.022504  37.099995  20.4797  18.4842  17.5158  17.1139  16.7859    0.10110000   0.00016743  30311.716    50.194251   0.036970   0.244123     862.203 0   0.427065   0.335328   0.124051   0.086939   0.066455   -18.1672   -20.0710   -20.8281   -21.1929   -21.5004     1.9038     2.6609     0.3648
219.997649  37.064933  20.3857  18.5602  17.5679  17.1187  16.7245    0.09540000   0.00015505  28606.796    46.482821   0.049129   0.324415    -842.717 0   0.539376   0.433045   0.161957   0.107401   0.075016   -18.2495   -19.9686   -20.6898   -21.0845   -21.4463     1.7192     2.4404     0.3946
219.960985  37.060132  19.9783  18.2870  17.3582  16.9187  16.5734    0.10040000   0.00014118  30114.152    42.324699   0.053358   0.352339     664.640 0   0.461714   0.389728   0.155214   0.093423   0.061322   -18.6904   -20.3098   -21.0040   -21.3818   -21.6950     1.6193     2.3136     0.3777
219.990003  37.047556  18.7972  17.8252  17.4617  17.1655  17.0397    0.09760000   0.00008112  29254.797    24.319164   0.064727   0.427412    -194.715 0   0.161805   0.079585   0.094401  -0.077843  -0.056587   -19.4889   -20.3787   -20.7570   -20.8810   -21.0281     0.8898     1.2681     0.1240
220.065612  37.084381  19.9384  17.7573  16.7680  16.3448  15.9614    0.10150000   0.00014751  30425.937    44.222385   0.074621   0.492749     976.424 1   0.498588   0.396079   0.147740   0.101991   0.071698   -18.7699   -20.8484   -21.5894   -21.9669   -22.3200     2.0786     2.8196     0.3775
220.085844  37.096515  20.0575  18.3459  17.4485  17.0655  16.7394    0.09740000   0.00016240  29199.875    48.686295   0.086927   0.574008    -249.637 0   0.338115   0.268309   0.107979   0.064501   0.052262   -18.4005   -20.0423   -20.7793   -21.1189   -21.4327     1.6418     2.3789     0.3395
220.058750  37.027411  18.6725  16.7238  15.7663  15.3357  14.9727    0.10070000   0.00018001  30188.201    53.965640   0.105774   0.698461     738.689 0   0.471780   0.376772   0.141792   0.097056   0.068729   -19.9917   -21.8454   -22.5679   -22.9538   -23.2885     1.8537     2.5762     0.3859
220.026219  37.012191  19.8375  17.9583  17.0466  16.6572  16.3290    0.09740000   0.00015559  29197.867    46.644709   0.106471   0.703064    -251.646 0   0.340520   0.262874   0.096112   0.064385   0.059815   -18.6229   -20.4244   -21.1694   -21.5271   -21.8507     1.8016     2.5465     0.3577
220.084804  37.219060  19.7477  17.9969  17.1129  16.7518  16.4459    0.09840000   0.00014693  29499.608    44.048506   0.136850   0.903666      50.095 0   0.294423   0.227638   0.091996   0.051397   0.048845   -18.6888   -20.3729   -21.1212   -21.4417   -21.7451     1.6840     2.4324     0.3205
219.963610  37.258203  19.6769  17.8385  16.9186  16.5336  16.2314    0.09640000   0.00014475  28902.901    43.394958   0.147054   0.971048    -546.612 0   0.341560   0.263843   0.096619   0.064678   0.059824   -18.7832   -20.5439   -21.2965   -21.6496   -21.9469     1.7607     2.5134     0.3531
220.002133  36.963251  20.5731  18.6542  17.6339  17.2302  16.8814    0.10010000   0.00018472  30004.129    55.377663   0.149570   0.987660     554.616 0   0.508296   0.402503   0.149523   0.103531   0.072859   -18.1334   -19.9465   -20.7138   -21.0715   -21.3897     1.8131     2.5804     0.3577
219.802194  37.049310  20.4423  18.5202  17.6243  17.2706  16.9158    0.09810000   0.00014379  29408.621    43.107158   0.153789   1.015520     -40.892 0   0.287945   0.221119   0.082584   0.050743   0.052869   -18.0022   -19.8575   -20.6149   -20.9367   -21.2936     1.8553     2.6126     0.3219
220.117615  37.228162  19.4576  17.4687  16.4817  16.0811  15.7431    0.09590000   0.00015296  28749.947    45.856254   0.160895   1.062445    -699.566 0   0.457663   0.360136   0.133254   0.093871   0.068960   -19.1072   -20.9986   -21.7587   -22.1200   -22.4330     1.8914     2.6515     0.3612
220.123842  36.997790  20.1345  18.4127  17.5586  17.1656  16.8831    0.09960000   0.00012428  29863.526    37.258207   0.162460   1.072776     414.013 0   0.294337   0.227929   0.093522   0.051126   0.047624   -18.3471   -20.0025   -20.7222   -21.0728   -21.3518     1.6554     2.3751     0.3506
220.180720  37.014994  18.6795  16.8721  15.9971  15.6320  15.3105    0.09560000   0.00017016  28662.198    51.012685   0.188000   1.241427    -787.315 0   0.259979   0.198252   0.077424   0.043299   0.047437   -19.6597   -21.4054   -22.1596   -22.4905   -22.8162     1.7457     2.4998     0.3310
220.245129  36.983705  19.1148  18.0375  17.6584  17.3404  17.2182    0.09630000   0.00006421  28869.414    19.249674   0.248142   1.638563    -580.098 0   0.171178   0.062686   0.087552  -0.065160  -0.062857   -19.1726   -20.1414   -20.5454   -20.7107   -20.8352     0.9688     1.3728     0.1653
219.717731  36.888065  19.2048  17.5073  16.5954  16.2017  15.8810    0.09970000   0.00014260  29879.535    42.750405   0.305328   2.016181     430.022 0   0.400696   0.327443   0.130805   0.081409   0.056978   -19.3666   -20.9908   -21.7061   -22.0504   -22.3467     1.6242     2.3395     0.3443
219.805796  37.439836  19.4383  18.0646  17.2685  16.7874  16.4987    0.08790000   0.00009690  26361.590    29.049889   0.355933   2.350341   -3087.922 1   0.386988   0.369285   0.161444   0.072987   0.027244   -18.8450   -20.2010   -20.7892   -21.1819   -21.4248     1.3560     1.9443     0.3926
219.887037  37.516669  19.0252  16.8643  16.0770  15.6404  15.2918    0.09810000   0.00016470  29407.212    49.375818   0.411555   2.717629     -42.301 0   0.158034   0.130484   0.048510   0.029559   0.034909   -19.2894   -21.4228   -22.1281   -22.5457   -22.8997     2.1334     2.8387     0.4176
219.877025  36.647781  19.8697  17.9694  17.0244  16.5986  16.2181    0.09750000   0.00015376  29230.574    46.096088   0.470854   3.109204    -218.938 0   0.435815   0.342159   0.126420   0.088977   0.067265   -18.6882   -20.4949   -21.2241   -21.6125   -21.9713     1.8066     2.5359     0.3884
219.724200  36.674535  19.7567  18.3690  17.6157  17.2212  16.8980    0.09940000   0.00016281  29804.467    48.809210   0.481847   3.181795     354.954 0   0.313932   0.284681   0.136367   0.050826   0.001790   -18.7214   -20.0798   -20.6848   -20.9938   -21.2679     1.3584     1.9634     0.3090
220.528132  36.890287  19.9908  18.1908  17.2976  16.8972  16.5432    0.09780000   0.00017227  29310.649    51.645247   0.491028   3.242418    -138.864 0   0.368302   0.292362   0.113302   0.072824   0.057929   -18.5274   -20.2515   -20.9656   -21.3255   -21.6646     1.7241     2.4382     0.3599
220.129626  36.630934  19.4237  17.4545  16.4672  16.0243  15.6882    0.09880000   0.00018779  29614.548    56.298026   0.495573   3.272429     165.036 0   0.524915   0.422312   0.158632   0.105558   0.073387   -19.2522   -21.1188   -21.8424   -22.2322   -22.5361     1.8666     2.5902     0.3898
219.984994  37.613799  19.2378  17.6610  16.8664  16.4752  16.2117    0.09700000   0.00017451  29081.217    52.316782   0.502197   3.316172    -368.295 0   0.279057   0.216692   0.100646   0.044258   0.032218   -19.1522   -20.6666   -21.3452   -21.6800   -21.9314     1.5144     2.1930     0.3348
219.404251  36.849755  20.2513  18.2438  17.3112  16.9278  16.5890    0.09730000   0.00015863  29181.978    47.556078   0.527530   3.483455    -267.535 0   0.374026   0.289659   0.105438   0.073050   0.063228   -18.2615   -20.1846   -20.9330   -21.2840   -21.6130     1.9231     2.6715     0.3510
219.353084  37.284052  19.6483  17.6312  16.6716  16.2231  15.8827    0.09840000   0.00014948  29499.908    44.812977   0.527709   3.484634      50.395 0   0.491341   0.391840   0.146850   0.100712   0.070702   -18.9852   -20.9028   -21.6174   -22.0197   -22.3301     1.9176     2.6322     0.4024
219.701269  37.597096  19.0771  17.3224  16.3937  15.9549  15.6259    0.09890000   0.00014980  29657.748    44.908910   0.533437   3.522459     208.236 0   0.463841   0.394234   0.157541   0.093529   0.060833   -19.5399   -21.2250   -21.9170   -22.2918   -22.5881     1.6851     2.3771     0.3748
