  0.999233   0.530714  20.3635  18.4899  17.6026  17.1853  16.8987    0.08690000   0.00015768  26044.350    47.271275   0.025529   0.148794     441.474 0   0.299080   0.229722   0.084011   0.053702   0.055173   -17.8281   -19.6323   -20.3739   -20.7609   -21.0490     1.8042     2.5458     0.3870
  1.010899   0.476368  19.0761  17.0500  16.1287  15.6799  15.3462    0.08240000   0.00018452  24695.733    55.317704   0.031695   0.184733    -907.142 0   0.407287   0.318167   0.117040   0.081908   0.065263   -19.0867   -21.0236   -21.7438   -22.1575   -22.4745     1.9370     2.6572     0.4137
  0.988629   0.475607  19.5455  17.7183  16.7779  16.3250  16.0130    0.08500000   0.00016591  25472.106    49.738567   0.039423   0.229776    -130.769 0   0.487042   0.419357   0.166319   0.096875   0.063345   -18.7859   -20.5454   -21.2328   -21.6162   -21.8947     1.7595     2.4469     0.3835
  1.026738   0.551013  18.7937  16.7197  15.7472  15.3115  14.9835    0.08570000   0.00016700  25698.120    50.065340   0.045740   0.266588      95.244 0   0.457767   0.361609   0.134488   0.094032   0.068559   -19.5051   -21.4830   -22.2283   -22.6236   -22.9261     1.9778     2.7232     0.3952
  1.059860   0.475867  20.0975  18.3437  17.4570  17.0500  16.7378    0.08500000   0.00017532  25492.012    52.559614   0.058505   0.340990    -110.863 0   0.350961   0.278273   0.109545   0.068144   0.055247   -18.0978   -19.7789   -20.4969   -20.8625   -21.1618     1.6811     2.3991     0.3656
  1.013607   0.645675  19.2073  17.8973  17.2231  16.7878  16.5245    0.08360000   0.00008216  25050.718    24.630948   0.137636   0.802199    -552.158 0   0.272432   0.248398   0.127338   0.035930  -0.025945   -18.8494   -20.1353   -20.6885   -21.0324   -21.2338     1.2860     1.8391     0.3439
  0.891350   0.614296  19.3738  18.0612  17.3878  16.9838  16.7967    0.08440000   0.00017944  25303.563    53.794759   0.160009   0.932595    -299.313 0   0.256408   0.243968   0.127521   0.029924  -0.043843   -18.6903   -19.9905   -20.5475   -20.8539   -20.9672     1.3002     1.8571     0.3064
  1.204944   0.466970  19.2107  17.3219  16.3489  15.9314  15.6026    0.09510000   0.00016668  28510.173    49.969407   0.198233   1.155382    2907.297 1   0.438959   0.344493   0.127167   0.089686   0.067590   -19.3172   -21.1115   -21.8672   -22.2472   -22.5539     1.7943     2.5500     0.3800
  1.204077   0.559340  18.8553  17.0143  16.0707  15.6768  15.3468    0.09550000   0.00015711  28644.120    47.100393   0.199754   1.164248    3041.245 1   0.396133   0.309133   0.113761   0.079074   0.064331   -19.6389   -21.3929   -22.1411   -22.5004   -22.8156     1.7540     2.5022     0.3592
  1.032186   0.736533  19.1931  18.0096  17.3133  16.9234  16.7018    0.09510000   0.00017407  28500.729    52.184873   0.229449   1.337322    2897.854 1   0.248851   0.301491   0.147282   0.034837  -0.059263   -19.1447   -20.3808   -20.9229   -21.2004   -21.3279     1.2361     1.7782     0.2775
  1.250179   0.423681  19.1904  17.3435  16.1627  15.5789  15.1166    0.09460000   0.00013643  28352.812    40.900685   0.253610   1.478143    2749.936 1   0.649557   1.266900   0.621174   0.321762   0.133933   -19.5366   -22.0009   -22.5359   -22.8203   -23.0948     2.4642     2.9993     0.2844
  1.272728   0.462658  19.3391  17.8311  17.0918  16.6875  16.4156    0.08670000   0.00019111  26001.839    57.293337   0.265618   1.548129     398.964 0   0.288064   0.233326   0.114187   0.045130   0.016745   -18.8153   -20.2686   -20.8887   -21.2240   -21.4675     1.4533     2.0734     0.3352
  1.056656   0.779579  18.7316  16.8700  15.9369  15.5189  15.2182    0.09430000   0.00015877  28259.636    47.598049   0.275326   1.604712    2656.761 1   0.394370   0.307915   0.113480   0.078669   0.064078   -19.7309   -21.5060   -22.2447   -22.6279   -22.9140     1.7751     2.5138     0.3832
  1.293062   0.468099  18.0893  16.0862  15.1114  14.6838  14.3630    0.08510000   0.00018514  25500.197    55.503576   0.284859   1.660274    -102.679 0   0.480175   0.378965   0.140545   0.098521   0.070638   -20.2351   -22.1370   -22.8734   -23.2589   -23.5518     1.9019     2.6383     0.3856
  1.268261   0.382917  19.7266  17.7675  17.0203  16.6553  16.3710    0.09480000   0.00013233  28411.181    39.671536   0.286067   1.667316    2808.306 1   0.032073   0.028383   0.010271   0.008362   0.007560   -18.3640   -20.3194   -21.0485   -21.4116   -21.6951     1.9554     2.6845     0.3631
  1.250135   0.348661  19.7777  17.7793  16.8169  16.4244  16.0784    0.09430000   0.00015839  28257.208    47.484127   0.287377   1.674950    2654.332 1   0.418691   0.327547   0.120577   0.084777   0.066132   -18.7091   -20.6163   -21.3718   -21.7285   -22.0558     1.9073     2.6627     0.3567
  0.814648   0.279280  20.2185  18.2946  17.3743  16.9622  16.5958    0.07890000   0.00017502  23650.057    52.469676   0.301490   1.757202   -1952.818 1   0.381263   0.296605   0.108880   0.075160   0.063273   -17.8236   -19.6629   -20.3954   -20.7738   -21.1283     1.8392     2.5718     0.3784
  1.229228   0.296877  18.7729  17.0443  16.2285  15.8331  15.5207    0.08390000   0.00014213  25140.176    42.609502   0.303670   1.769909    -462.700 0   0.189495   0.146315   0.057888   0.031236   0.037987   -19.2114   -20.8968   -21.6242   -21.9929   -22.3121     1.6854     2.4128     0.3687
  0.715528   0.429342  19.6448  17.7052  16.7898  16.3700  16.0638    0.07990000   0.00015271  23941.696    45.781306   0.305777   1.782189   -1661.180 1   0.340942   0.262496   0.095045   0.064388   0.060408   -18.3845   -20.2456   -20.9936   -21.3827   -21.6849     1.8612     2.6091     0.3891
  0.943632   0.198117  19.4271  17.9145  17.2514  16.9234  16.8320    0.08610000   0.00015825  25816.628    47.442156   0.317185   1.848680     213.752 0   0.069227   0.035164   0.019580   0.009783   0.005142   -18.4933   -19.9719   -20.6194   -20.9376   -21.0243     1.4785     2.1261     0.3182
  1.260382   0.305532  18.9250  17.8126  17.3398  17.0084  16.8595    0.08450000   0.00008548  25318.043    25.626259   0.321249   1.872367    -284.833 0   0.174037   0.108289   0.094944  -0.034415  -0.097585   -19.0805   -20.1272   -20.5866   -20.7887   -20.8744     1.0467     1.5061     0.2020
  0.679527   0.571989  19.0352  17.0411  16.1086  15.6829  15.3766    0.07830000   0.00016480  23482.324    49.405797   0.337577   1.967535   -2120.552 1   0.391297   0.304175   0.111184   0.077615   0.064415   -18.9974   -20.9044   -21.6439   -22.0360   -22.3291     1.9070     2.6465     0.3921
  0.651506   0.495718  19.7987  17.9417  17.0281  16.6192  16.3090    0.07880000   0.00013521  23618.429    40.534938   0.359700   2.096478   -1984.446 1   0.343527   0.264567   0.095782   0.065059   0.060674   -18.2212   -19.9993   -20.7441   -21.1223   -21.4281     1.7780     2.5229     0.3782
  0.661266   0.386078  18.6422  16.7395  15.8143  15.3569  14.9969    0.08780000   0.00016727  26331.191    50.146284   0.370393   2.158799     728.316 0   0.488944   0.414016   0.162781   0.097961   0.065110   -19.7617   -21.5895   -22.2635   -22.6560   -22.9832     1.8278     2.5017     0.3926
  0.650843   0.421190  19.3252  17.3551  16.4178  15.9907  15.6885    0.08750000   0.00016520  26239.245    49.525714   0.370481   2.159310     636.369 0   0.394774   0.307027   0.112254   0.078510   0.064687   -18.9533   -20.8356   -21.5782   -21.9715   -22.2599     1.8824     2.6249     0.3934
  0.983143   0.884181  19.2020  17.9567  17.4254  17.1417  16.9426    0.09460000   0.00018269  28353.621    54.769084   0.377149   2.198174    2750.746 1   0.108025   0.041600   0.042559   0.011060  -0.040652   -18.9835   -20.1624   -20.6946   -20.9468   -21.0942     1.1789     1.7111     0.2522
  1.327832   0.295779  19.7185  17.8742  16.9716  16.5769  16.2627    0.09430000   0.00017002  28276.724    50.970714   0.381357   2.222704    2673.849 1   0.327313   0.252788   0.093523   0.060958   0.057805   -18.6769   -20.4467   -21.1900   -21.5521   -21.8632     1.7698     2.5131     0.3621
  0.735938   0.772644  19.5897  17.6671  16.7701  16.3490  16.0239    0.08680000   0.00015653  26026.272    46.926513   0.381656   2.224444     423.397 0   0.351847   0.271037   0.097891   0.067175   0.061636   -18.6522   -20.4939   -21.2178   -21.6082   -21.9277     1.8418     2.5656     0.3904
  0.704453   0.751336  18.8834  16.9862  16.0088  15.4178  15.1557    0.08650000   0.00137267  25939.273   411.516113   0.391345   2.280918     336.397 0   0.654116   0.543317   0.197223   0.116561   0.088820   -19.6505   -21.4369   -22.0682   -22.5786   -22.8129     1.7864     2.4177     0.5103
  0.910524   0.886926  19.8801  18.2611  17.4123  17.0123  16.7423    0.09630000   0.00013796  28861.110    41.359368   0.391961   2.284506    3258.234 1   0.327799   0.261637   0.109608   0.061381   0.047216   -18.5639   -20.1168   -20.8135   -21.1653   -21.4212     1.5528     2.2496     0.3518
  1.226328   0.179701  20.1321  19.2065  18.8775  18.5976  18.6058    0.09470000   0.00008264  28397.811    24.774849   0.392658   2.288571    2794.935 1   0.168801   0.037051   0.084362  -0.070662  -0.032107   -18.0953   -18.8892   -19.2655   -19.3904   -19.4207     0.7939     1.1702     0.1249
  0.884465   0.882846  19.3190  17.3632  16.4485  16.0180  15.7001    0.09540000   0.00016227  28599.001    48.647322   0.395568   2.305529    2996.126 1   0.360063   0.277560   0.100225   0.069270   0.062457   -19.1369   -21.0102   -21.7475   -22.1471   -22.4581     1.8733     2.6107     0.3995
  0.868174   0.895805  19.1129  17.4310  16.5711  16.1828  15.8697    0.09600000   0.00015603  28784.453    46.776617   0.413212   2.408363    3181.577 1   0.320211   0.254083   0.106518   0.058996   0.046854   -19.3168   -20.9325   -21.6449   -21.9856   -22.2866     1.6158     2.3281     0.3408
  0.899098   0.909211  20.3627  18.5189  17.6115  17.2121  16.8468    0.09640000   0.00016755  28910.546    50.230226   0.416465   2.427324    3307.670 1   0.361332   0.284802   0.109120   0.070740   0.058394   -18.1171   -19.8844   -20.6161   -20.9772   -21.3301     1.7673     2.4990     0.3610
  1.257084   0.850760  19.6975  18.1762  17.5634  17.2014  16.9260    0.09850000   0.00023389  29514.717    70.118458   0.421888   2.458935    3911.842 1   0.189062   0.114301   0.075751   0.012340  -0.017694   -18.6359   -20.0824   -20.6567   -20.9553   -21.2006     1.4465     2.0208     0.2986
  1.407118   0.360139  20.2705  19.2611  18.9543  18.6823  18.6200    0.09440000   0.00004852  28304.755    14.545930   0.422814   2.464329    2701.880 1   0.156953   0.026973   0.080594  -0.053348  -0.024294   -17.9382   -18.8176   -19.1780   -19.3161   -19.4074     0.8794     1.2398     0.1381
  0.953244   0.946151  20.6208  18.2559  17.2509  16.8016  16.4472    0.08050000   0.00017267  24129.575    51.765164   0.441880   2.575453   -1473.300 1   0.572205   0.458119   0.169859   0.110865   0.078609   -17.6772   -19.9280   -20.6448   -21.0351   -21.3572     2.2508     2.9676     0.3903
  0.593106   0.661075  19.7447  18.0069  17.0673  16.6359  16.3220    0.08770000   0.00013396  26299.293    40.160198   0.445019   2.593751     696.418 0   0.474031   0.408358   0.163267   0.094703   0.061130   -18.6418   -20.3139   -21.0085   -21.3713   -21.6516     1.6721     2.3666     0.3628
  0.568428   0.434671  18.8204  17.1655  16.3366  15.9164  15.6587    0.07990000   0.00015535  23950.270    46.572758   0.448608   2.614667   -1652.606 1   0.301736   0.235644   0.098479   0.053167   0.046378   -19.1697   -20.7585   -21.4502   -21.8251   -22.0760     1.5888     2.2805     0.3749
  0.861095   0.931584  19.0225  17.0880  16.1548  15.7209  15.4237    0.08550000   0.00016191  25619.934    48.539397   0.449269   2.618518      17.058 0   0.393722   0.306724   0.112551   0.078362   0.064341   -19.2284   -21.0759   -21.8149   -22.2146   -22.4978     1.8475     2.5865     0.3997
  0.744129   0.142003  18.2631  17.1942  16.5864  16.1899  16.0172    0.08970000   0.00003696  26901.427    11.080329   0.453011   2.640332    1298.551 1   0.201764   0.268427   0.137691   0.013461  -0.087561   -19.8791   -21.0147   -21.4918   -21.7640   -21.8357     1.1356     1.6126     0.2723
  0.537974   0.553244  20.2735  18.2907  17.3430  16.9421  16.6308    0.09170000   0.00016713  27482.334    50.104314   0.475170   2.769479    1879.459 1   0.388924   0.302623   0.110904   0.077090   0.064033   -18.1039   -20.0004   -20.7564   -21.1235   -21.4217     1.8965     2.6525     0.3671
  1.244139   0.962088  18.2446  16.4630  15.5438  15.1534  14.8469    0.09530000   0.00016053  28576.757    48.125683   0.510377   2.974680    2973.881 1   0.362742   0.283258   0.105799   0.070657   0.060482   -20.1881   -21.8902   -22.6320   -22.9872   -23.2836     1.7021     2.4439     0.3553
  0.515060   0.631848  18.5718  16.6577  15.7252  15.2893  14.9776    0.07930000   0.00018659  23762.570    55.938275   0.511145   2.979157   -1840.306 1   0.406724   0.320586   0.119899   0.082302   0.063922   -19.5251   -21.3531   -22.0849   -22.4832   -22.7765     1.8280     2.5598     0.3983
  0.755005   0.060752  19.9688  18.3432  17.4966  16.9996  16.5934    0.08960000   0.00013307  26862.663    39.893382   0.515384   3.003862    1259.788 1   0.463061   0.414180   0.168693   0.090916   0.055481   -18.4534   -20.0302   -20.6313   -21.0505   -21.4213     1.5767     2.1778     0.4192
  1.242516   0.979988  17.8831  16.8950  16.4140  16.0635  15.9050    0.09490000   0.00005516  28439.692    16.536552   0.525647   3.063681    2836.816 1   0.160998   0.153422   0.107595  -0.038784  -0.097643   -20.3411   -21.3217   -21.7568   -21.9609   -22.0606     0.9805     1.4157     0.2041
  1.283302   0.959541  18.2710  17.1618  16.4998  16.1038  15.8354    0.08510000   0.00004964  25517.704    14.881698   0.527229   3.072901     -85.171 0   0.239537   0.278187   0.140114   0.026104  -0.065464   -19.8127   -20.9606   -21.4845   -21.7665   -21.9433     1.1479     1.6718     0.2820
  0.480882   0.546305  18.6409  17.1892  16.4448  16.0650  15.8278    0.08840000   0.00013379  26491.161    40.109233   0.531484   3.097703     888.285 1   0.264439   0.206048   0.104818   0.037329   0.012478   -19.5322   -20.9255   -21.5687   -21.8810   -22.0933     1.3933     2.0365     0.3123
  0.616943   0.139568  18.4249  17.2080  16.7208  16.4060  16.1953    0.08900000   0.00009653  26680.959    28.938966   0.539503   3.144442    1078.084 1   0.170008   0.077867   0.077512  -0.013954  -0.086456   -19.6659   -20.7907   -21.2775   -21.5008   -21.6390     1.1248     1.6116     0.2233
  0.671706   0.083245  19.1493  17.7539  17.2522  16.9766  16.8290    0.09000000   0.00018576  26995.891    55.689447   0.543680   3.168786    1393.016 1   0.101372   0.035055   0.039927   0.009597  -0.045509   -18.9210   -20.2500   -20.7566   -21.0019   -21.0944     1.3291     1.8357     0.2453
  1.335625   0.945518  20.0335  18.0674  17.1525  16.7524  16.4536    0.09840000   0.00014815  29486.657    44.414253   0.544733   3.174920    3883.781 1   0.338700   0.260206   0.093553   0.063734   0.060554   -18.4473   -20.3349   -21.0832   -21.4535   -21.7491     1.8876     2.6359     0.3703
  0.895915   1.045845  19.9548  17.6270  16.7976  16.3670  16.0554    0.07770000   0.00015218  23308.054    45.622416   0.549959   3.205383   -2294.821 1   0.222256   0.174453   0.063291   0.037699   0.045127   -17.9161   -20.1961   -20.9144   -21.3194   -21.6384     2.2800     2.9982     0.4050
  0.992158  -0.045636  18.5710  17.3097  16.7616  16.4613  16.2652    0.09140000   0.00018828  27398.752    56.444924   0.554020   3.229049    1795.877 1   0.111608   0.046404   0.043356   0.012092  -0.032403   -19.5406   -20.7367   -21.2817   -21.5508   -21.7024     1.1961     1.7411     0.2690
  0.665200   0.942673  17.6485  16.2135  15.5022  15.1212  14.8553    0.08070000   0.00013109  24186.746    39.299793   0.555392   3.237048   -1416.130 1   0.256900   0.201351   0.106288   0.033875   0.000207   -20.3156   -21.6951   -22.3113   -22.6199   -22.8521     1.3795     1.9957     0.3086
  1.323096   0.976615  20.2889  18.3739  17.4365  17.0301  16.7062    0.09800000   0.00015272  29376.423    45.784304   0.562967   3.281198    3773.548 1   0.381108   0.297660   0.110250   0.075372   0.062618   -18.2255   -20.0570   -20.8070   -21.1785   -21.4897     1.8316     2.5815     0.3715
  0.999441   1.072780  19.4680  17.7050  16.8202  16.3363  15.9972    0.09460000   0.00014186  28361.056    42.528558   0.564836   3.292088    2758.181 1   0.470423   0.406277   0.162984   0.093968   0.060251   -19.0799   -20.7787   -21.4202   -21.8351   -22.1405     1.6989     2.3404     0.4149
  0.878780   1.058948  20.1485  18.2772  17.3904  16.9720  16.7050    0.09420000   0.00014838  28243.777    44.483205   0.566531   3.301968    2640.902 1   0.323040   0.250978   0.095933   0.059870   0.055370   -18.2428   -20.0420   -20.7738   -21.1561   -21.4186     1.7992     2.5310     0.3823
  0.843703   1.057896  17.6969  15.7725  14.8471  14.4141  14.0883    0.07950000   0.00020883  23834.490    62.605659   0.574722   3.349712   -1768.386 1   0.388416   0.301461   0.109897   0.076791   0.064360   -20.3901   -22.2275   -22.9614   -23.3613   -23.6746     1.8374     2.5713     0.3999
  0.812071  -0.038259  19.1197  17.2988  16.3173  15.8169  15.4470    0.09050000   0.00015210  27118.776    45.598433   0.581413   3.388706    1515.901 1   0.593838   0.502055   0.187522   0.110221   0.080399   -19.4551   -21.1842   -21.8512   -22.2743   -22.6143     1.7291     2.3961     0.4231
  1.590634   0.435905  19.0591  18.0438  17.5918  17.2875  17.1860    0.09360000   0.00008410  28050.081    25.212546   0.584076   3.404231    2447.206 1   0.150254   0.129090   0.102695  -0.061191  -0.080973   -19.1455   -20.1396   -20.5652   -20.7056   -20.7873     0.9941     1.4197     0.1404
  0.887278   1.080553  18.9688  17.1368  16.1383  15.6122  15.1989    0.07930000   0.00015745  23765.208    47.202323   0.585708   3.413738   -1837.668 1   0.635058   0.514560   0.187792   0.115090   0.085899   -19.3565   -21.0680   -21.7397   -22.1931   -22.5772     1.7115     2.3832     0.4534
  0.861898   1.080711  19.8058  18.1463  17.3030  16.8927  16.6074    0.08310000   0.00014973  24898.933    44.887925   0.591741   3.448905    -703.943 1   0.344823   0.281808   0.120720   0.065623   0.044355   -18.3102   -19.9067   -20.5889   -20.9441   -21.2081     1.5965     2.2787     0.3552
  0.570426   0.909323  19.4644  18.0134  17.1821  16.7498  16.4119    0.09460000   0.00016984  28363.304    50.916751   0.595909   3.473195    2760.429 1   0.396759   0.353627   0.152527   0.076793   0.039233   -19.0098   -20.4177   -21.0479   -21.4045   -21.7048     1.4079     2.0381     0.3566
  1.525246   0.829172  19.1133  17.5573  16.7909  16.3870  16.1233    0.08070000   0.00014252  24198.738    42.726421   0.606243   3.533427   -1404.138 1   0.269186   0.206732   0.098448   0.040332   0.028626   -18.8631   -20.3566   -21.0147   -21.3605   -21.6125     1.4935     2.1517     0.3458
  0.864589   1.097756  20.0324  18.1772  17.3127  16.9120  16.6395    0.07940000   0.00016035  23802.682    48.071721   0.607598   3.541323   -1800.194 1   0.272321   0.208500   0.079567   0.046587   0.049997   -17.9146   -19.7059   -20.4415   -20.8092   -21.0851     1.7914     2.5269     0.3677
  0.666238   1.011283  19.3036  17.3240  16.4144  16.0186  15.6814    0.08690000   0.00014289  26038.924    42.837344   0.609990   3.555268     436.048 0   0.339462   0.260995   0.094101   0.063954   0.060492   -18.9284   -20.8295   -21.5722   -21.9379   -22.2716     1.9011     2.6438     0.3657
  1.610081   0.390672  19.3683  18.1385  17.6614  17.3766  17.2041    0.07780000   0.00006079  23331.528    18.224384   0.610442   3.557900   -2271.348 1   0.124869   0.042163   0.055586   0.003915  -0.060790   -18.4051   -19.5522   -20.0427   -20.2758   -20.3836     1.1471     1.6376     0.2331
