192.568338  13.008923  19.2270  17.2897  16.2724  15.8191  15.3918    0.08320000   0.00016790  24927.983    50.335154   0.047161   0.272546    -445.252 0   0.581304   0.462976   0.170878   0.111919   0.079742   -19.1308   -20.9498   -21.6750   -22.0693   -22.4645     1.8190     2.5442     0.3943
192.496193  12.936094  19.4920  17.4283  16.4895  16.0840  15.7706    0.08310000   0.00015433  24904.389    46.266970   0.055697   0.321876    -468.845 0   0.359342   0.277513   0.100755   0.069188   0.062068   -18.6385   -20.6204   -21.3824   -21.7563   -22.0626     1.9819     2.7439     0.3739
192.612878  12.991990  18.2666  16.5969  15.7610  15.3887  15.0782    0.08300000   0.00017610  24893.656    52.793452   0.072634   0.419755    -479.578 0   0.303384   0.238816   0.102974   0.053438   0.042879   -19.8081   -21.4132   -22.1133   -22.4360   -22.7360     1.6051     2.3052     0.3228
192.556379  13.042493  19.1794  17.6570  16.8174  16.4321  16.1368    0.08620000   0.00013535  25852.003    40.576909   0.074495   0.430507     478.769 0   0.350443   0.297392   0.132709   0.064930   0.034371   -19.0248   -20.4941   -21.1690   -21.4866   -21.7513     1.4693     2.1443     0.3175
192.527703  12.893733  18.9768  17.3711  16.6042  16.2370  15.9423    0.08630000   0.00016631  25880.064    49.858484   0.076867   0.444219     506.829 0   0.138828   0.100333   0.046375   0.023025   0.026683   -19.0395   -20.6067   -21.3196   -21.6635   -21.9618     1.5672     2.2801     0.3438
192.493447  12.902342  19.2566  17.9049  17.2322  16.8457  16.5967    0.08600000   0.00010259  25779.663    30.755708   0.082038   0.474101     406.429 0   0.245588   0.200367   0.110834   0.027146  -0.027491   -18.8561   -20.1626   -20.7458   -21.0486   -21.2430     1.3065     1.8896     0.3028
192.476736  12.910453  18.6846  16.8011  15.8779  15.4521  15.1260    0.08550000   0.00017921  25636.632    53.725806   0.086706   0.501078     263.398 0   0.414027   0.328091   0.123598   0.084281   0.063929   -19.5866   -21.3841   -22.1028   -22.4893   -22.7951     1.7976     2.5163     0.3865
192.607000  13.032226  20.3633  18.4639  17.5710  17.1700  16.8678    0.08480000   0.00014851  25418.953    44.522178   0.089228   0.515651      45.718 0   0.303558   0.233284   0.085681   0.054787   0.055525   -17.7583   -19.5874   -20.3327   -20.7028   -21.0058     1.8291     2.5744     0.3701
192.663262  12.965750  18.9008  16.9871  16.0910  15.7263  15.4117    0.08470000   0.00018264  25382.978    54.754095   0.118156   0.682826       9.743 0   0.278020   0.213346   0.078983   0.048392   0.052033   -19.1927   -21.0417   -21.8035   -22.1376   -22.4558     1.8490     2.6108     0.3341
192.651849  13.058312  19.8213  18.0451  17.1461  16.7206  16.4056    0.08390000   0.00016732  25163.769    50.161274   0.139159   0.804206    -209.465 0   0.423002   0.355955   0.145028   0.085507   0.055355   -18.3965   -20.1056   -20.7937   -21.1597   -21.4445     1.7092     2.3972     0.3660
192.560244  12.829342  20.1903  18.3055  17.4010  17.0321  16.7344    0.08430000   0.00014002  25269.446    41.976940   0.141089   0.815361    -103.788 0   0.299452   0.230585   0.087449   0.053483   0.053447   -17.9143   -19.7302   -20.4916   -20.8265   -21.1242     1.8159     2.5773     0.3349
192.804806  12.853153  18.7170  17.5699  16.9508  16.5100  16.2377    0.09550000   0.00004719  28644.270    14.147206   0.281155   1.624802    3271.036 1   0.243038   0.285101   0.142210   0.028203  -0.063072   -19.6241   -20.8133   -21.2895   -21.6163   -21.7973     1.1892     1.6654     0.3268
192.472969  12.692384  18.9108  17.2106  16.3985  15.9820  15.6834    0.08700000   0.00014863  26094.835    44.558153   0.285000   1.647025     721.600 1   0.237718   0.181138   0.070655   0.038594   0.044771   -19.2193   -20.8629   -21.5645   -21.9490   -22.2538     1.6436     2.3452     0.3844
192.476833  12.657901  19.6786  17.9113  17.0313  16.5640  16.1834    0.08790000   0.00018999  26355.954    56.957569   0.317836   1.836787     982.720 1   0.455074   0.390184   0.157599   0.091471   0.058308   -18.6728   -20.3752   -21.0226   -21.4238   -21.7712     1.7024     2.3498     0.4012
192.867210  13.107096  19.5244  17.6753  16.8023  16.4008  16.1187    0.08470000   0.00015093  25398.837    45.247676   0.345509   1.996706      25.602 1   0.297713   0.229320   0.087783   0.052940   0.052741   -18.5888   -20.3695   -21.1010   -21.4676   -21.7495     1.7807     2.5122     0.3667
192.171213  13.086288  19.1620  17.6111  16.8936  16.5213  16.2682    0.08450000   0.00014657  25318.492    43.940581   0.379853   2.195185     -54.742 1   0.195234   0.130524   0.068606   0.022998   0.023368   -18.8647   -20.3509   -21.0065   -21.3332   -21.5867     1.4862     2.1418     0.3267
192.433916  12.591402  19.6752  18.2968  17.5180  17.1415  16.8867    0.08760000   0.00018502  26248.329    55.467601   0.392334   2.267312     875.094 1   0.319222   0.307052   0.144867   0.054590  -0.003923   -18.5329   -19.8991   -20.5157   -20.8019   -20.9982     1.3662     1.9828     0.2862
192.100068  12.840920  19.1512  17.4686  16.6019  16.2125  15.8858    0.08540000   0.00017147  25597.509    51.405413   0.449455   2.597413     224.275 1   0.338693   0.270367   0.110644   0.064706   0.050496   -19.0421   -20.6563   -21.3633   -21.7068   -22.0193     1.6143     2.3213     0.3435
192.291591  13.352197  18.8497  16.9288  16.0237  15.5882  15.2414    0.08480000   0.00016567  25426.178    49.666617   0.454067   2.624069      52.943 1   0.397641   0.313756   0.117937   0.080104   0.062794   -19.3660   -21.2030   -21.9123   -22.3100   -22.6394     1.8370     2.5463     0.3977
192.253093  12.596257  19.5076  17.6414  16.7272  16.3558  16.0418    0.08640000   0.00015839  25900.180    47.484127   0.467411   2.701182     526.945 1   0.320012   0.246301   0.090021   0.059042   0.057643   -18.6924   -20.4849   -21.2428   -21.5832   -21.8958     1.7925     2.5504     0.3404
192.302746  13.411280  20.8411  18.3451  17.5217  17.1279  16.7348    0.08410000   0.00013141  25204.241    39.395727   0.499723   2.887916    -168.993 1   0.157474   0.130736   0.048238   0.029667   0.034990   -17.1348   -19.6041   -20.3450   -20.7202   -21.1186     2.4693     3.2102     0.3752
192.021982  12.778574  19.4455  17.4393  16.4971  16.0862  15.7510    0.08590000   0.00016587  25737.872    49.726575   0.541523   3.129481     364.638 1   0.385401   0.298619   0.108532   0.075926   0.064310   -18.8072   -20.7266   -21.4787   -21.8570   -22.1806     1.9194     2.6715     0.3783
192.030350  12.745729  19.3463  17.6587  16.8351  16.4348  16.1717    0.09530000   0.00014116  28567.523    42.318703   0.546495   3.158212    3194.289 1   0.273551   0.208878   0.088321   0.044665   0.043689   -18.9972   -20.6201   -21.3232   -21.6798   -21.9420     1.6229     2.3260     0.3566
192.016455  12.732873  18.5990  16.4454  15.2743  14.7110  14.2398    0.08560000   0.00018341  25660.346    54.984935   0.564144   3.260209     287.111 1   0.858719   0.925832   0.338778   0.187382   0.127653   -20.1167   -22.3374   -22.9215   -23.3334   -23.7448     2.2207     2.8048     0.4119
193.115202  12.885908  19.3349  17.6334  16.7225  16.3206  16.0198    0.09530000   0.00012902  28584.731    38.679223   0.564707   3.263463    3211.497 1   0.383944   0.311443   0.124583   0.077189   0.055730   -19.1190   -20.7480   -21.4721   -21.8266   -22.1059     1.6290     2.3530     0.3545
191.945910  13.041484  18.8000  16.9180  16.0320  15.6354  15.3168    0.08550000   0.00016570  25643.018    49.675610   0.585415   3.383135     269.783 1   0.280568   0.215432   0.078641   0.049163   0.052930   -19.3377   -21.1546   -21.9038   -22.2709   -22.5933     1.8169     2.5661     0.3671
