191.966598  55.007786  18.7434  17.4967  16.9693  16.6550  16.5721    0.08130000   0.00014550  24377.744    43.619803   0.009439   0.053788    -585.675 0   0.146259   0.062882   0.063115   0.006112  -0.057617   -19.1502   -20.3136   -20.8412   -21.0985   -21.1177     1.1633     1.6910     0.2573
191.923474  54.973631  19.5046  17.5699  16.6761  16.2736  15.9254    0.08330000   0.00014804  24966.296    44.381275   0.035629   0.203021       2.878 0   0.305052   0.234011   0.084018   0.055260   0.056703   -18.6008   -20.4644   -21.2082   -21.5820   -21.9316     1.8637     2.6075     0.3737
191.967685  54.952607  19.7613  17.7833  16.8776  16.4551  16.0907    0.08020000   0.00016647  24049.651    49.906450   0.053994   0.307674    -913.767 0   0.368618   0.285505   0.104134   0.071696   0.062625   -18.3221   -20.2170   -20.9414   -21.3314   -21.6868     1.8949     2.6192     0.3901
192.007900  54.958916  20.0488  18.2687  17.4188  16.9958  16.6773    0.08420000   0.00014400  25237.638    43.170114   0.057189   0.325875     274.220 0   0.246837   0.191394   0.069113   0.042035   0.048752   -18.0218   -19.7464   -20.4741   -20.8700   -21.1952     1.7247     2.4523     0.3959
191.850945  54.987029  18.0098  16.0191  15.0682  14.6635  14.3086    0.08330000   0.00020402  24971.992    61.163657   0.060094   0.342433       8.574 0   0.424099   0.331762   0.122034   0.086042   0.066642   -20.2146   -22.1130   -22.8542   -23.2229   -23.5584     1.8984     2.6395     0.3687
192.038845  55.044992  19.5117  17.5923  16.6338  16.2286  15.9393    0.08490000   0.00017671  25441.018    52.976325   0.064095   0.365232     477.599 0   0.389818   0.302415   0.110111   0.077109   0.064561   -18.6987   -20.5307   -21.2969   -21.6691   -21.9459     1.8320     2.5982     0.3722
191.963772  55.079940  18.9546  17.8504  17.3241  16.9757  16.7843    0.08110000   0.00009255  24298.868    27.745792   0.074628   0.425249    -664.550 0   0.179239   0.166883   0.109753  -0.017630  -0.103928   -18.9454   -20.0373   -20.5065   -20.7275   -20.8326     1.0918     1.5610     0.2210
192.047305  54.947088  19.4038  17.7191  16.8559  16.4400  16.1117    0.08380000   0.00015875  25121.529    47.592053   0.080712   0.459917     158.111 0   0.377663   0.311344   0.128974   0.075050   0.050666   -18.7661   -20.3844   -21.0653   -21.4273   -21.7312     1.6184     2.2992     0.3620
192.093808  55.006419  19.3190  17.2218  16.2441  15.7935  15.4359    0.08570000   0.00017819  25686.997    53.420018   0.082163   0.468188     723.579 0   0.509564   0.408748   0.153602   0.103494   0.072032   -19.0316   -21.0280   -21.7506   -22.1511   -22.4772     1.9964     2.7189     0.4005
191.788753  55.007442  19.6666  17.7337  16.8509  16.4734  16.1600    0.08210000   0.00016572  24625.582    49.681606   0.092804   0.528820    -337.836 0   0.290082   0.222776   0.082434   0.051367   0.053550   -18.3710   -20.2366   -20.9791   -21.3255   -21.6411     1.8656     2.6081     0.3464
191.799552  54.965018  19.4060  17.8483  17.1655  16.8465  16.4800    0.08000000   0.00009605  23968.827    28.795066   0.095674   0.545175    -994.591 0   0.002280   0.001450   0.000554   0.000416   0.000418   -18.3085   -19.8654   -20.5473   -20.8662   -21.2327     1.5569     2.2388     0.3189
191.782271  54.988375  18.3831  16.4025  15.4888  15.0718  14.7143    0.08300000   0.00018192  24877.887    54.538244   0.098047   0.558697     -85.531 0   0.373546   0.289139   0.105134   0.072897   0.063258   -19.7617   -21.6579   -22.3876   -22.7724   -23.1202     1.8962     2.6259     0.3848
192.078596  54.927691  19.0881  17.3083  16.4854  16.1002  15.7613    0.08720000   0.00013314  26132.339    39.914368   0.107136   0.610486    1168.921 0   0.141910   0.119873   0.044513   0.027936   0.032307   -18.9538   -20.7116   -21.4591   -21.8278   -22.1710     1.7578     2.5053     0.3686
191.765207  54.965402  19.3060  17.3323  16.3675  15.9562  15.6031    0.08360000   0.00018412  25055.335    55.197787   0.113673   0.647739      91.916 0   0.457210   0.359749   0.133099   0.093772   0.068930   -18.9355   -20.8117   -21.5498   -21.9218   -22.2501     1.8762     2.6144     0.3720
191.831351  55.096759  18.2933  16.6310  15.7477  15.3567  15.0695    0.08290000   0.00014963  24841.822    44.857945   0.113863   0.648818    -121.596 0   0.332942   0.264528   0.107952   0.062976   0.050506   -19.8083   -21.4022   -22.1289   -22.4749   -22.7497     1.5939     2.3206     0.3460
191.795409  55.077949  18.3526  16.5220  15.6076  15.2133  14.9106    0.08540000   0.00015597  25610.520    46.758630   0.114611   0.653085     647.102 0   0.339426   0.261655   0.095241   0.064048   0.059961   -19.8414   -21.5942   -22.3422   -22.7053   -23.0039     1.7528     2.5008     0.3631
191.740860  54.990432  19.8096  18.2198  17.4618  17.1301  16.8781    0.07980000   0.00014313  23928.864    42.909295   0.121219   0.690736   -1034.554 1   0.079011   0.054044   0.024640   0.014470   0.015174   -17.9550   -19.5198   -20.2484   -20.5700   -20.8227     1.5648     2.2934     0.3215
191.735594  55.010149  19.8743  17.9482  17.0080  16.6039  16.2425    0.08370000   0.00018325  25098.864    54.936968   0.123354   0.702904     135.446 0   0.381651   0.296388   0.108360   0.075143   0.063588   -18.3181   -20.1590   -20.9111   -21.2820   -21.6319     1.8408     2.5930     0.3709
191.762109  54.937261  21.3048  19.4510  18.5557  18.2215  17.8880    0.08300000   0.00015819  24881.605    47.424169   0.127915   0.728894     -81.813 0   0.280890   0.215387   0.084479   0.048278   0.049552   -16.7474   -18.5357   -19.3001   -19.5981   -19.9328     1.7883     2.5527     0.2980
192.182696  55.039143  19.7449  18.1197  17.1809  16.7518  16.5154    0.08750000   0.00017097  26241.943    51.255517   0.137273   0.782218    1278.525 1   0.476329   0.483209   0.194822   0.097312   0.052751   -18.6151   -20.2472   -20.8976   -21.2292   -21.4211     1.6321     2.2825     0.3316
192.192981  55.001787  19.4897  17.9620  17.1924  16.7611  16.4381    0.09650000   0.00016793  28918.730    50.344147   0.139090   0.792572    3955.312 1   0.321379   0.269792   0.125695   0.055674   0.024597   -18.9313   -20.4074   -21.0329   -21.3942   -21.6861     1.4761     2.1016     0.3613
192.178673  55.064579  19.9165  17.9391  16.9615  16.5318  16.2397    0.08510000   0.00017329  25502.685    51.951035   0.143468   0.817519     539.267 0   0.471698   0.378945   0.143582   0.097058   0.068111   -18.3994   -20.2841   -21.0263   -21.4095   -21.6726     1.8846     2.6269     0.3832
191.710889  55.051596  19.9085  18.1295  17.2629  16.8919  16.5923    0.08510000   0.00014590  25506.912    43.739720   0.144903   0.825693     543.494 0   0.282608   0.216939   0.088021   0.048017   0.047572   -18.2183   -19.9316   -20.6693   -21.0003   -21.2995     1.7133     2.4510     0.3310
191.721552  54.942282  19.8346  17.8408  16.9198  16.5264  16.1979    0.08370000   0.00015420  25106.089    46.227997   0.145837   0.831017     142.671 0   0.347656   0.267804   0.096859   0.066117   0.061141   -18.3238   -20.2378   -20.9878   -21.3505   -21.6740     1.9139     2.6640     0.3627
191.693247  54.985846  19.3334  17.2792  16.3416  15.9498  15.6207    0.08450000   0.00015509  25332.133    46.494812   0.148889   0.848407     368.715 0   0.355384   0.274186   0.099383   0.068142   0.061779   -18.8535   -20.8265   -21.5893   -21.9498   -22.2726     1.9730     2.7358     0.3606
192.147391  55.105381  19.4699  17.5082  16.5552  16.1613  15.8395    0.08240000   0.00016437  24715.910    49.276886   0.150601   0.858162    -247.509 0   0.385986   0.299800   0.109527   0.076237   0.064006   -18.6716   -20.5471   -21.3098   -21.6704   -21.9800     1.8755     2.6382     0.3606
192.213058  54.986263  19.7795  17.9037  17.0222  16.6179  16.3419    0.08510000   0.00014543  25507.871    43.598817   0.151799   0.864987     544.453 0   0.305490   0.235706   0.089454   0.055110   0.054047   -18.3702   -20.1762   -20.9115   -21.2814   -21.5564     1.8060     2.5413     0.3700
191.682598  55.020753  19.9649  18.0327  17.1280  16.7339  16.3581    0.08490000   0.00017825  25443.656    53.438006   0.154402   0.879823     480.238 0   0.327015   0.251321   0.090790   0.060807   0.059008   -18.1827   -20.0392   -20.7834   -21.1475   -21.5215     1.8565     2.6007     0.3641
192.212898  55.065981  19.9011  18.0990  17.1604  16.7629  16.4550    0.08620000   0.00015521  25851.104    46.530787   0.162084   0.923597     887.685 0   0.399438   0.318542   0.122075   0.080946   0.061276   -18.3521   -20.0733   -20.8154   -21.1718   -21.4600     1.7212     2.4633     0.3564
192.231527  55.028390  20.1305  18.2087  17.2918  16.8944  16.6076    0.08670000   0.00015599  25999.351    46.764626   0.162731   0.927281    1035.933 0   0.324841   0.250571   0.092324   0.060308   0.057759   -18.0607   -19.9082   -20.6669   -21.0322   -21.3165     1.8475     2.6062     0.3654
191.734029  54.884388  18.5811  17.4331  16.8166  16.4229  16.1705    0.07850000   0.00003703  23523.305    11.101315   0.173594   0.989182   -1440.113 1   0.225679   0.230855   0.125531   0.017946  -0.073792   -19.2944   -20.4475   -20.9587   -21.2448   -21.4055     1.1532     1.6644     0.2861
192.147362  55.147447  18.8666  17.6896  17.2366  16.9169  16.8188    0.08270000   0.00007597  24795.325    22.775233   0.181198   1.032511    -168.094 0   0.173834   0.082681   0.085580  -0.034321  -0.091675   -19.0679   -20.1537   -20.6096   -20.8094   -20.8501     1.0858     1.5417     0.1998
191.698027  54.887547  17.8678  15.8773  14.9329  14.5257  14.1791    0.08510000   0.00020226  25502.295    60.636023   0.186901   1.065011     538.877 0   0.393391   0.306508   0.112511   0.078289   0.064288   -20.3698   -22.2734   -23.0238   -23.3968   -23.7294     1.9036     2.6540     0.3730
191.655623  55.091727  19.5933  17.9778  17.0971  16.6710  16.4007    0.08350000   0.00113716  25022.807   340.911992   0.189758   1.081291      59.389 0   0.415910   0.377662   0.160405   0.081038   0.042226   -18.6070   -20.1842   -20.8477   -21.1944   -21.4259     1.5773     2.2407     0.3467
191.991039  55.196419  18.6917  17.7173  17.3089  16.9747  16.9138    0.08250000   0.00006979  24727.961    20.922516   0.192129   1.094797    -235.457 0   0.148752   0.114489   0.100110  -0.071769  -0.070643   -19.2364   -20.1765   -20.5705   -20.7328   -20.7949     0.9401     1.3342     0.1623
191.718559  55.181211  19.2447  18.1469  17.6684  17.3295  17.2256    0.08260000   0.00009056  24770.142    27.149205   0.220238   1.254973    -193.276 0   0.169800   0.123073   0.100036  -0.038039  -0.097385   -18.6859   -19.7369   -20.1924   -20.3932   -20.4378     1.0511     1.5065     0.2008
192.319120  55.082174  19.4091  17.5774  16.6766  16.2924  15.9547    0.08530000   0.00015078  25586.747    45.202707   0.224785   1.280879     623.328 0   0.326503   0.252014   0.093030   0.060743   0.057839   -18.7483   -20.5055   -21.2473   -21.5992   -21.9340     1.7572     2.4990     0.3519
191.888571  54.776036  20.1890  18.4957  17.6360  17.2629  17.0148    0.07830000   0.00016738  23484.212    50.179262   0.232397   1.324257   -1479.206 1   0.296758   0.230811   0.096502   0.051579   0.046075   -17.7491   -19.3764   -20.1018   -20.4300   -20.6726     1.6274     2.3527     0.3282
191.622561  55.167516  19.3210  17.9644  17.3213  16.9885  16.7775    0.08110000   0.00015437  24326.779    46.278962   0.248124   1.413872    -636.639 0   0.083328   0.042092   0.025526   0.011546   0.004318   -18.4831   -19.7985   -20.4250   -20.7439   -20.9476     1.3154     1.9419     0.3188
191.734877  54.789316  17.9748  16.5476  15.8270  15.4452  15.1702    0.08100000   0.00015861  24283.849    47.550082   0.249238   1.420220    -679.570 0   0.271014   0.220179   0.113365   0.037969   0.000647   -20.0355   -21.4119   -22.0257   -22.3321   -22.5698     1.3764     1.9902     0.3064
192.092349  55.247843  19.8671  17.9134  16.9705  16.4596  16.1141    0.08280000   0.00016260  24811.813    48.746254   0.255435   1.455532    -151.605 0   0.567456   0.475451   0.179493   0.107926   0.076746   -18.4876   -20.3493   -20.9962   -21.4355   -21.7499     1.8617     2.5086     0.4393
192.014814  55.259777  19.2803  18.2504  17.6877  17.3729  17.2442    0.08210000   0.00023411  24603.547    70.184412   0.256738   1.462956    -359.871 0   0.143176   0.222794   0.122963  -0.020272  -0.094871   -18.6104   -19.7199   -20.1828   -20.3543   -20.4084     1.1095     1.5724     0.1716
192.333589  55.147965  19.4211  18.0047  17.3382  17.0051  16.7023    0.08210000   0.00015354  24599.410    46.030134   0.261717   1.491329    -364.008 0   0.007796   0.004752   0.001835   0.001354   0.001351   -18.3342   -19.7476   -20.4112   -20.7438   -21.0466     1.4134     2.0769     0.3326
191.549418  54.865114  20.6016  18.4767  17.5715  17.1437  16.7553    0.08260000   0.00015808  24768.523    47.391192   0.269601   1.536254    -194.895 0   0.384942   0.299013   0.109285   0.075982   0.063889   -17.5441   -19.5831   -20.2985   -20.6930   -21.0693     2.0390     2.7544     0.3945
192.404482  55.105453  19.1467  17.9366  17.3380  16.9872  16.7495    0.08350000   0.00007908  25033.929    23.707588   0.278788   1.588601      70.511 0   0.204624   0.169516   0.106645   0.004843  -0.083672   -18.8423   -20.0173   -20.5530   -20.8020   -20.9512     1.1750     1.7107     0.2490
191.465646  55.085952  18.8486  17.4901  16.8333  16.4648  16.2435    0.08200000   0.00016973  24580.943    50.883774   0.289436   1.649278    -382.475 0   0.218196   0.155977   0.093973   0.015898  -0.026350   -19.1145   -20.4107   -21.0055   -21.2960   -21.4750     1.2963     1.8911     0.2904
192.286061  55.240906  18.2671  16.9949  16.2990  15.9252  15.6811    0.08300000   0.00013288  24872.461    39.836422   0.303885   1.731614     -90.957 0   0.265761   0.260288   0.132575   0.035111  -0.039485   -19.7700   -21.0367   -21.6049   -21.8812   -22.0507     1.2667     1.8349     0.2763
191.391464  54.935465  20.2973  18.4440  17.5532  17.1286  16.7121    0.08480000   0.00014342  25424.799    42.996234   0.328233   1.870351     461.381 0   0.364993   0.287179   0.109209   0.071627   0.059291   -17.8857   -19.6612   -20.3741   -20.7611   -21.1652     1.7755     2.4883     0.3870
192.501633  54.910046  18.5573  16.7405  15.8407  15.4278  15.0615    0.09340000   0.00014260  27992.341    42.750405   0.330203   1.881581    3028.923 1   0.376520   0.300902   0.117569   0.075162   0.057736   -19.8478   -21.5889   -22.3054   -22.6759   -23.0248     1.7412     2.4576     0.3705
192.191606  54.690293  19.3824  18.1527  17.6233  17.2938  17.1936    0.08310000   0.00015509  24920.008    46.494812   0.344374   1.962326     -43.410 0   0.170216   0.082150   0.075404  -0.005871  -0.077953   -18.5590   -19.7006   -20.2233   -20.4715   -20.4996     1.1416     1.6643     0.2482
192.520292  55.122938  19.0014  17.3225  16.4773  16.0159  15.6971    0.08290000   0.00015368  24850.127    46.072105   0.347143   1.978106    -113.292 0   0.396560   0.340760   0.144697   0.077659   0.045721   -19.1638   -20.7869   -21.4361   -21.8304   -22.1173     1.6231     2.2722     0.3944
192.445216  54.797579  18.2598  16.4198  15.5107  15.1001  14.7648    0.08400000   0.00018510  25170.755    55.491584   0.351844   2.004898     207.336 0   0.352840   0.273468   0.100608   0.067720   0.060638   -19.9116   -21.6722   -22.4085   -22.7862   -23.1144     1.7606     2.4969     0.3777
192.145360  54.663145  19.4058  17.7695  17.0102  16.6155  16.3442    0.08110000   0.00017321  24311.340    51.927052   0.360314   2.053157    -652.079 1   0.211827   0.150461   0.070786   0.028424   0.032320   -18.5268   -20.1018   -20.7814   -21.1337   -21.4089     1.5749     2.2546     0.3523
192.476404  54.783338  20.0667  18.0155  17.0748  16.6740  16.3343    0.08350000   0.00015180  25026.764    45.508495   0.374690   2.135079      63.346 0   0.378481   0.293398   0.106918   0.074231   0.063539   -18.0962   -20.0623   -20.8165   -21.1846   -21.5136     1.9661     2.7203     0.3681
192.550186  55.166287  19.6275  18.3710  17.7857  17.4725  17.2857    0.09630000   0.00008057  28870.523    24.154278   0.379538   2.162703    3907.105 1   0.122575   0.055242   0.048289   0.012846  -0.025747   -18.6113   -19.8005   -20.3788   -20.6566   -20.8048     1.1892     1.7675     0.2778
192.623589  55.023930  19.4216  17.5663  16.6212  16.2011  15.8555    0.08330000   0.00017382  24969.954    52.109925   0.386417   2.201902       6.535 0   0.439487   0.355088   0.136671   0.090614   0.063970   -18.8182   -20.5891   -21.3158   -21.6898   -22.0088     1.7709     2.4976     0.3740
191.898519  55.398711  18.0537  16.8102  16.3389  16.0176  15.8661    0.07680000   0.00008632  23031.346    25.878085   0.394143   2.245927   -1932.072 1   0.167804   0.072775   0.076299  -0.014861  -0.085531   -19.7132   -20.8617   -21.3365   -21.5666   -21.6474     1.1485     1.6233     0.2301
192.636378  54.955267  17.9315  16.4181  15.5736  15.1503  14.8086    0.08500000   0.00015912  25471.656    47.702976   0.396541   2.259589     508.238 0   0.388409   0.337205   0.145349   0.074906   0.041425   -20.3013   -21.7635   -22.4161   -22.7690   -23.0772     1.4622     2.1148     0.3529
192.472503  55.286270  18.6493  17.7526  17.2800  16.8913  16.7849    0.09620000   0.00003559  28832.240    10.669614   0.410274   2.337842    3868.822 1   0.123032   0.191763   0.113265  -0.047961  -0.084135   -19.5642   -20.5296   -20.9237   -21.1512   -21.2214     0.9654     1.3595     0.2275
191.206641  55.018791  19.3654  17.7249  16.9368  16.6174  16.3415    0.08560000   0.00013628  25652.281    40.855716   0.426826   2.432163     688.863 1   0.090756   0.066372   0.029419   0.017340   0.018653   -18.5823   -20.1985   -20.9496   -21.2569   -21.5341     1.6161     2.3673     0.3073
192.676236  54.890031  18.5018  16.7104  15.8517  15.4753  15.1378    0.08450000   0.00015110  25347.272    45.298640   0.431954   2.461384     383.854 0   0.191735   0.153229   0.056472   0.033270   0.040261   -19.5214   -21.2743   -22.0363   -22.3895   -22.7340     1.7529     2.5148     0.3532
191.192234  54.964885  18.4993  17.2743  16.7107  16.3349  16.0966    0.08320000   0.00008393  24943.722    25.161581   0.436799   2.488991     -19.696 0   0.201319   0.157420   0.102503   0.003578  -0.083095   -19.4785   -20.6597   -21.1683   -21.4452   -21.5968     1.1811     1.6898     0.2769
192.647675  55.196079  18.3032  16.6136  15.7902  15.4006  15.1195    0.08450000   0.00013494  25341.277    40.453994   0.442815   2.523267     377.858 0   0.264114   0.200256   0.084609   0.042387   0.043104   -19.7924   -21.4182   -22.1259   -22.4733   -22.7551     1.6257     2.3335     0.3474
192.083410  54.566982  18.8104  17.3364  16.5876  16.1250  15.7451    0.08120000   0.00010359  24353.820    31.055501   0.445285   2.537342    -609.598 1   0.362463   0.318513   0.142327   0.066816   0.030363   -19.2727   -20.7028   -21.2754   -21.6625   -22.0059     1.4301     2.0027     0.3871
192.222856  54.588382  19.4337  18.1644  17.6518  17.3642  17.2855    0.08500000   0.00009788  25478.462    29.343686   0.445581   2.539031     515.043 0   0.000489   0.000163   0.000099   0.000071  -0.000171   -18.4111   -19.6801   -20.1926   -20.4802   -20.5587     1.2690     1.7815     0.2876
192.720402  54.916273  19.0271  17.1845  16.2836  15.8748  15.5699    0.08390000   0.00021361  25138.917    64.038667   0.450474   2.566913     175.499 0   0.347904   0.268668   0.097957   0.066294   0.060703   -19.1156   -20.8790   -21.6091   -21.9863   -22.2856     1.7634     2.4936     0.3771
191.279774  54.745660  19.6685  17.7410  16.7907  16.3664  16.0527    0.08550000   0.00018757  25640.499    56.232071   0.464330   2.645868     677.081 0   0.405912   0.316825   0.116394   0.081511   0.065251   -18.5945   -20.4330   -21.1828   -21.5722   -21.8697     1.8384     2.5883     0.3894
191.268751  55.257063  18.2248  17.0740  16.6346  16.3369  16.2538    0.07780000   0.00020975  23327.511    62.881468   0.464833   2.648733   -1635.907 1   0.163354   0.056946   0.076229  -0.025705  -0.078083   -19.5871   -20.6315   -21.0902   -21.2859   -21.3166     1.0444     1.5031     0.1958
192.012159  55.474650  19.6547  18.0721  17.2226  16.7420  16.3804    0.07870000   0.00015369  23580.955    46.075103   0.470280   2.679772   -1382.463 1   0.442362   0.384304   0.157652   0.088311   0.054287   -18.4642   -19.9887   -20.6116   -21.0229   -21.3504     1.5245     2.1474     0.4113
191.102807  55.047370  19.2101  17.3593  16.4551  16.1109  15.7916    0.08360000   0.00014595  25060.791    43.754709   0.487957   2.780499      97.373 0   0.304791   0.235439   0.090341   0.054847   0.053330   -18.8789   -20.6604   -21.4195   -21.7282   -22.0460     1.7814     2.5405     0.3087
192.788388  55.095008  19.2578  17.9884  17.4240  17.1058  16.9175    0.08420000   0.00015109  25230.983    45.295642   0.488728   2.784892     267.565 0   0.158519   0.076839   0.066302   0.007546  -0.046094   -18.7245   -19.9122   -20.4661   -20.7255   -20.8602     1.1877     1.7416     0.2594
192.731174  54.806540  19.6415  18.0783  17.2164  16.8577  16.5568    0.08450000   0.00014856  25343.915    44.537168   0.489987   2.792068     380.497 0   0.315414   0.251516   0.108786   0.057285   0.042612   -18.5054   -20.0047   -20.7239   -21.0311   -21.3173     1.4993     2.2185     0.3072
191.063068  55.002221  18.6988  17.4159  16.7198  16.3687  16.0720    0.08370000   0.00015619  25107.498    46.824584   0.508976   2.900271     144.080 0   0.247889   0.243636   0.128185   0.027360  -0.053470   -19.3599   -20.6385   -21.2192   -21.4694   -21.6853     1.2786     1.8593     0.2503
192.892526  54.942898  19.2428  17.3697  16.4671  16.0796  15.7278    0.08340000   0.00015376  25001.432    46.096088   0.543859   3.099042      38.014 0   0.339738   0.263061   0.097269   0.064294   0.059069   -18.8787   -20.6751   -21.4119   -21.7665   -22.1130     1.7964     2.5332     0.3545
192.208047  54.467009  19.2189  17.3142  16.4405  16.0315  15.6967    0.07920000   0.00017334  23751.747    51.966025   0.558565   3.182842   -1211.671 1   0.263261   0.202994   0.072990   0.045351   0.051175   -18.7347   -20.5791   -21.3228   -21.7042   -22.0448     1.8444     2.5881     0.3814
192.927040  55.042886  20.2757  18.5397  17.6393  17.2709  17.0327    0.08330000   0.00013803  24962.579    41.380353   0.561248   3.198128      -0.839 0   0.308330   0.239040   0.093264   0.055675   0.052614   -17.8330   -19.4997   -20.2543   -20.5851   -20.8202     1.6667     2.4213     0.3308
192.567266  55.444214  18.0909  17.0858  16.7153  16.4420  16.3634    0.09630000   0.00005937  28884.254    17.798678   0.563373   3.210241    3920.836 1   0.163863   0.038220   0.080569  -0.051718  -0.044173   -20.1892   -21.0687   -21.4815   -21.6225   -21.7087     0.8795     1.2923     0.1410
192.943090  55.055698  20.0021  18.1672  17.2438  16.8565  16.5962    0.08530000   0.00015641  25586.657    46.890538   0.571411   3.256041     623.239 0   0.326382   0.252108   0.093414   0.060717   0.057620   -18.1551   -19.9158   -20.6805   -21.0351   -21.2923     1.7606     2.5253     0.3546
191.968096  54.433944  18.3870  16.6883  15.8794  15.4591  15.1361    0.08010000   0.00017510  24027.316    52.493659   0.571844   3.258508    -936.102 1   0.198060   0.152443   0.060025   0.032300   0.039283   -19.5260   -21.1791   -21.8956   -22.2882   -22.6182     1.6531     2.3696     0.3926
192.969840  55.050644  19.1156  18.0876  17.6449  17.3940  17.3588    0.08380000   0.00009185  25129.833    27.535937   0.586285   3.340800     166.415 0   0.094684   0.023644   0.038719   0.002391  -0.042021   -18.7713   -19.7282   -20.1860   -20.4006   -20.3914     0.9570     1.4147     0.2146
192.976458  54.961119  18.4182  16.4947  15.5472  15.1292  14.8280    0.08330000   0.00018227  24983.234    54.643171   0.590042   3.362204      19.816 0   0.390885   0.303762   0.110974   0.077492   0.064418   -19.7730   -21.6094   -22.3641   -22.7486   -23.0367     1.8364     2.5911     0.3845
192.979450  54.938397  18.4180  16.8971  16.1587  15.7875  15.5221    0.08290000   0.00014272  24848.897    42.786380   0.593897   3.384172    -114.521 0   0.213998   0.149369   0.074427   0.026758   0.027336   -19.5647   -21.0209   -21.6844   -22.0079   -22.2739     1.4563     2.1197     0.3235
192.544576  54.515109  19.7887  17.9824  17.0420  16.6329  16.3234    0.09180000   0.00016611  27527.273    49.798525   0.597274   3.403418    2563.855 1   0.407853   0.324571   0.123446   0.082947   0.062614   -18.6312   -20.3542   -21.0935   -21.4621   -21.7512     1.7230     2.4623     0.3686
192.920687  55.243287  18.8168  16.8960  15.9719  15.5595  15.2398    0.08290000   0.00017468  24847.638    52.367747   0.604977   3.447308    -115.780 0   0.367039   0.283884   0.103231   0.071211   0.062683   -19.3189   -21.1565   -21.9000   -22.2804   -22.5915     1.8376     2.5811     0.3804
190.994173  54.748991  19.8390  18.0298  17.0753  16.6592  16.3395    0.08430000   0.00015382  25286.894    46.114076   0.605577   3.450728     323.476 0   0.434597   0.349569   0.133929   0.089443   0.064054   -18.4008   -20.1249   -20.8638   -21.2354   -21.5297     1.7242     2.4630     0.3716
190.931286  54.817199  19.0451  17.1271  16.1670  15.7602  15.4431    0.08450000   0.00019862  25344.424    59.544778   0.614182   3.499762     381.006 0   0.427076   0.335344   0.124062   0.086943   0.066453   -19.2135   -21.0397   -21.7886   -22.1582   -22.4549     1.8263     2.5751     0.3697
192.294413  54.422621  19.7531  17.7838  16.8971  16.4908  16.1611    0.07910000   0.00015368  23720.449    46.072105   0.615524   3.507409   -1242.970 1   0.297887   0.228644   0.082612   0.053469   0.055544   -18.2324   -20.1324   -20.8731   -21.2503   -21.5820     1.9001     2.6407     0.3772
