179.967363  55.534857  17.0544  15.0377  14.1082  13.6535  13.3323    0.08080000   0.00021711  24237.950    65.087941   0.005382   0.029734     119.048 0   0.421912   0.329772   0.121161   0.085484   0.066545   -21.1014   -23.0260   -23.7469   -24.1659   -24.4682     1.9246     2.6454     0.4190
179.987294  55.564202  20.2291  18.2655  17.3689  16.9453  16.6290    0.07940000   0.00016869  23793.808    50.571990   0.035415   0.195659    -325.095 0   0.344646   0.265462   0.096100   0.065349   0.060790   -17.7902   -19.6746   -20.4018   -20.7947   -21.1064     1.8844     2.6117     0.3928
180.014795  55.494873  19.8855  17.9602  17.0401  16.6077  16.2675    0.08080000   0.00015963  24215.586    47.855870   0.042858   0.236778      96.683 0   0.386260   0.299928   0.109499   0.076286   0.064076   -18.2347   -20.0737   -20.8033   -21.2025   -21.5305     1.8390     2.5686     0.3992
179.895488  55.510973  19.7264  17.7923  16.8405  16.4373  16.1215    0.08050000   0.00017147  24146.754    51.405413   0.046928   0.259264      27.851 0   0.400449   0.311793   0.114125   0.079993   0.065076   -18.3999   -20.2453   -20.9994   -21.3685   -21.6694     1.8454     2.5996     0.3691
180.038141  55.494546  19.8843  18.0913  17.1805  16.7910  16.4841    0.08220000   0.00014886  24642.880    44.627105   0.051815   0.286265     523.977 0   0.350344   0.275131   0.105453   0.067643   0.057511   -18.2134   -19.9312   -20.6723   -21.0240   -21.3208     1.7178     2.4589     0.3517
180.024662  55.590070  19.7644  17.9244  17.0399  16.6142  16.3135    0.08230000   0.00017351  24660.628    52.016989   0.067267   0.371630     541.725 0   0.322504   0.249490   0.093530   0.059698   0.056545   -18.3109   -20.0779   -20.8065   -21.1983   -21.4959     1.7670     2.4955     0.3919
179.847035  55.516373  19.9130  17.9792  16.9973  16.5726  16.2534    0.08020000   0.00017640  24045.963    52.883390   0.071639   0.395783     -72.940 0   0.476511   0.375843   0.139322   0.097837   0.070362   -18.2783   -20.1115   -20.8569   -21.2401   -21.5318     1.8331     2.5785     0.3832
179.847717  55.504702  20.2120  18.3502  17.4436  17.0495  16.7492    0.07780000   0.00014550  23328.380    43.619803   0.074373   0.410890    -790.523 1   0.334451   0.259103   0.096429   0.062919   0.058162   -17.7710   -19.5574   -20.3014   -20.6619   -20.9575     1.7865     2.5304     0.3606
180.017442  55.602178  20.1358  18.2453  17.3435  16.9166  16.6075    0.08120000   0.00015050  24353.191    45.118765   0.076792   0.424252     234.288 0   0.338663   0.260318   0.093797   0.063743   0.060441   -17.9235   -19.7357   -20.4710   -20.8678   -21.1736     1.8122     2.5474     0.3968
179.870383  55.469737  20.0221  18.3794  17.5104  17.1578  16.8635    0.07980000   0.00016254  23915.793    48.728266   0.083006   0.458586    -203.109 0   0.303676   0.238026   0.100515   0.053706   0.045368   -17.9672   -19.5442   -20.2757   -20.5815   -20.8675     1.5770     2.3085     0.3058
179.805632  55.523876  18.5571  16.7025  15.7973  15.3775  15.0451    0.07920000   0.00018764  23750.008    56.253057   0.093969   0.519150    -368.895 0   0.354468   0.274766   0.101043   0.068142   0.060820   -19.4877   -21.2626   -21.9941   -22.3810   -22.7061     1.7749     2.5064     0.3869
180.087892  55.419993  19.8710  18.1559  17.3653  16.9799  16.7418    0.08030000   0.00014631  24071.446    43.862635   0.128244   0.708512     -47.457 0   0.225504   0.163558   0.074748   0.031682   0.034922   -18.0537   -19.7069   -20.4087   -20.7510   -20.9923     1.6532     2.3549     0.3423
180.143179  55.438788  18.5623  16.7054  15.7642  15.3456  15.0344    0.08210000   0.00016616  24613.141    49.813515   0.133320   0.736556     494.238 0   0.400885   0.312675   0.114823   0.080218   0.064873   -19.5861   -21.3548   -22.0981   -22.4821   -22.7780     1.7687     2.5120     0.3840
179.929174  55.391931  19.6279  18.3480  17.6593  17.2172  16.9992    0.07910000   0.00008133  23699.523    24.382121   0.140075   0.773875    -419.380 0   0.286962   0.309234   0.148251   0.044034  -0.031745   -18.3467   -19.6488   -20.1765   -20.5144   -20.6566     1.3022     1.8299     0.3379
180.194911  55.464584  19.2122  17.2803  16.3768  16.0957  15.6558    0.07950000   0.00017708  23822.258    53.087248   0.142440   0.786943    -296.645 0   0.300427   0.230582   0.083264   0.054100   0.055885   -18.7868   -20.6489   -21.4050   -21.6570   -22.0987     1.8621     2.6182     0.2519
180.144181  55.633553  19.8328  18.1813  17.3556  16.9703  16.6692    0.08240000   0.00014569  24706.946    43.676763   0.142492   0.787225     588.043 0   0.300780   0.236490   0.102634   0.052529   0.041997   -18.2235   -19.8107   -20.5025   -20.8377   -21.1283     1.5872     2.2791     0.3352
179.679647  55.558539  19.9161  18.1886  17.3138  16.8948  16.5961    0.07990000   0.00015420  23947.092    46.227997   0.167531   0.925561    -171.811 0   0.381446   0.312962   0.128082   0.076278   0.052641   -18.1537   -19.8127   -20.5026   -20.8698   -21.1449     1.6590     2.3489     0.3672
180.158193  55.378902  19.4477  17.7594  16.8837  16.4282  16.1066    0.08040000   0.00014313  24094.470    42.909295   0.184407   1.018798     -24.433 0   0.434780   0.375791   0.154710   0.086884   0.053403   -18.7102   -20.3395   -20.9941   -21.3818   -21.6699     1.6293     2.2839     0.3877
179.796261  55.337950  18.9942  17.0788  16.1383  15.7140  15.3704    0.08340000   0.00016097  24996.695    48.257592   0.216065   1.193700     877.792 1   0.423039   0.331767   0.122563   0.085930   0.066230   -19.2106   -21.0347   -21.7660   -22.1537   -22.4776     1.8241     2.5554     0.3877
179.674781  55.380672  19.8768  18.3949  17.6499  17.2725  17.0015    0.08020000   0.00015643  24037.359    46.896534   0.224619   1.240958     -81.544 0   0.267996   0.209357   0.105190   0.038848   0.015350   -18.1060   -19.5293   -20.1701   -20.4812   -20.7287     1.4233     2.0641     0.3111
180.401310  55.341488  18.6329  16.7803  15.8733  15.4593  15.1280    0.08120000   0.00017423  24344.347    52.232840   0.307815   1.700591     225.444 0   0.358345   0.277244   0.101218   0.069032   0.061638   -19.4461   -21.2176   -21.9486   -22.3304   -22.6543     1.7715     2.5025     0.3818
179.406732  55.507240  19.8765  17.9775  17.0990  16.7180  16.3867    0.08100000   0.00015088  24277.103    45.232686   0.320346   1.769818     158.200 0   0.286485   0.219926   0.081050   0.050497   0.053287   -18.1493   -19.9817   -20.7214   -21.0718   -21.4059     1.8324     2.5721     0.3504
179.530282  55.737062  20.0040  18.2881  17.3957  16.9441  16.6185    0.08120000   0.00015598  24346.535    46.761628   0.324341   1.791891     227.632 0   0.445260   0.386645   0.158227   0.088931   0.054934   -18.1619   -19.8192   -20.4832   -20.8655   -21.1571     1.6573     2.3213     0.3823
179.574413  55.291568  19.7167  17.4292  16.4515  15.9198  15.4605    0.08120000   0.00015313  24332.775    45.907219   0.327556   1.809651     213.872 0   0.623908   0.498173   0.181995   0.114909   0.084457   -18.6279   -20.7896   -21.4512   -21.9158   -22.3446     2.1618     2.8233     0.4646
179.994604  55.165615  19.8992  17.9826  17.0856  16.6831  16.3584    0.08140000   0.00014639  24393.842    43.886618   0.364584   2.014225     274.940 0   0.308245   0.236388   0.084697   0.056048   0.057188   -18.1591   -20.0038   -20.7491   -21.1230   -21.4488     1.8447     2.5901     0.3739
180.412480  55.821752  18.7259  16.8206  15.8621  15.4312  15.0394    0.08050000   0.00018365  24123.370    55.056885   0.384040   2.121712       4.467 0   0.472702   0.372804   0.138214   0.097109   0.070030   -19.4726   -21.2780   -22.0019   -22.3917   -22.7565     1.8054     2.5293     0.3898
179.497390  55.250213  19.6199  17.7666  16.9112  16.4867  16.1403    0.08230000   0.00014801  24661.107    44.372282   0.387564   2.141178     542.205 0   0.271345   0.208802   0.075403   0.047170   0.052115   -18.4043   -20.1950   -20.9170   -21.3133   -21.6646     1.7908     2.5128     0.3963
179.607249  55.201393  18.6949  16.8666  16.0237  15.6388  15.3296    0.08140000   0.00015728  24392.823    47.151358   0.387832   2.142661     273.920 0   0.192369   0.152651   0.056995   0.033029   0.040005   -19.2475   -21.0361   -21.7833   -22.1443   -22.4605     1.7886     2.5358     0.3609
180.564008  55.303888  19.9132  18.2839  17.5277  17.1855  16.9166    0.08110000   0.00013201  24305.434    39.575602   0.404520   2.234856     186.531 0   0.081521   0.057629   0.025794   0.015370   0.016252   -17.8891   -19.4945   -20.2189   -20.5507   -20.8205     1.6054     2.3298     0.3318
179.719936  55.910084  18.5122  16.6715  15.8423  15.4194  15.0992    0.06780000   0.00018509  20335.852    55.488586   0.405875   2.242346   -3783.051 1   0.218213   0.171173   0.062655   0.036859   0.044284   -19.0363   -20.8300   -21.5507   -21.9478   -22.2754     1.7937     2.5143     0.3971
180.686706  55.481537  19.5386  18.1850  17.4538  17.0691  16.8389    0.08170000   0.00017191  24504.076    51.537321   0.407780   2.252869     385.173 0   0.286934   0.275821   0.136302   0.042923  -0.022911   -18.4824   -19.8249   -20.4166   -20.7079   -20.8723     1.3425     1.9342     0.2913
179.681247  55.972038  18.9977  17.2783  16.4016  15.9998  15.6712    0.06810000   0.00016207  20428.008    48.587364   0.471576   2.605323   -3690.895 1   0.350514   0.282016   0.115444   0.068012   0.051060   -18.6894   -20.3403   -21.0504   -21.4048   -21.7165     1.6509     2.3610     0.3544
180.631712  55.817796  19.2946  17.4976  16.6613  16.2589  15.9303    0.08030000   0.00014558  24088.204    43.643786   0.471755   2.606309     -30.699 0   0.196358   0.156620   0.057444   0.033943   0.041067   -18.6010   -20.3582   -21.0954   -21.4743   -21.8100     1.7573     2.4944     0.3789
179.785974  56.008792  19.9195  18.0855  17.3335  17.0086  16.7452    0.06800000   0.00015076  20379.741    45.196711   0.490186   2.708140   -3739.161 1   0.077370   0.054893   0.024278   0.014762   0.015522   -17.4946   -19.3061   -20.0275   -20.3429   -20.6071     1.8115     2.5329     0.3154
180.537001  55.906950  19.9834  18.0528  17.1849  16.8058  16.4936    0.08150000   0.00014884  24420.254    44.621109   0.494598   2.732510     301.351 0   0.252807   0.194102   0.072630   0.042509   0.048333   -18.0009   -19.8728   -20.6193   -20.9682   -21.2863     1.8719     2.6183     0.3490
179.527137  55.097372  18.5004  17.2423  16.7196  16.3591  16.1479    0.08000000   0.00007526  23992.151    22.562380   0.500331   2.764187    -126.752 0   0.188077   0.131899   0.096133  -0.008263  -0.095225   -19.3999   -20.6018   -21.0888   -21.3449   -21.4691     1.2019     1.6889     0.2561
180.712844  55.833792  18.7273  18.0994  17.7597  17.4026  17.3253    0.08180000   0.00003501  24531.987    10.495734   0.518123   2.862480     413.084 0   0.135229   0.110422   0.098278  -0.089907  -0.056237   -19.1687   -19.7718   -20.0993   -20.2682   -20.3792     0.6031     0.9306     0.1689
180.784270  55.276371  19.5789  18.1355  17.4994  17.1256  16.8606    0.08510000   0.00014308  25509.130    42.894305   0.525369   2.902511    1390.228 1   0.203967   0.133386   0.082741   0.014776  -0.014308   -18.4693   -19.8421   -20.4276   -20.7334   -20.9693     1.3728     1.9583     0.3058
180.627201  55.907416  19.9646  17.7361  16.6794  16.1878  15.7569    0.08040000   0.00017850  24092.551    53.512954   0.529409   2.924833     -26.352 0   0.699414   0.562337   0.200141   0.120267   0.094035   -18.4579   -20.5493   -21.2439   -21.6556   -22.0602     2.0914     2.7859     0.4117
180.322289  56.028227  19.1363  17.2549  16.3867  15.9685  15.6120    0.06920000   0.00018171  20740.002    54.475288   0.536403   2.963471   -3378.901 1   0.296583   0.227634   0.082172   0.053149   0.055418   -18.5564   -20.3689   -21.0916   -21.4808   -21.8396     1.8125     2.5352     0.3892
179.829107  56.066912  18.2361  16.2774  15.4202  15.0156  14.6684    0.06890000   0.00018310  20650.274    54.891999   0.542949   2.999640   -3468.629 1   0.245358   0.190054   0.069094   0.041618   0.048325   -19.3747   -21.2781   -22.0143   -22.3914   -22.7453     1.9034     2.6396     0.3771
180.147628  56.083781  19.5724  18.2134  17.3865  16.9517  16.5285    0.09150000   0.00010887  27433.828    32.638405   0.562739   3.108969    3314.925 1   0.392385   0.350386   0.151884   0.075599   0.037595   -18.8037   -20.1207   -20.7491   -21.1076   -21.4928     1.3170     1.9454     0.3585
179.207668  55.160539  18.3973  16.5456  15.6715  15.2802  14.9548    0.07960000   0.00017662  23849.120    52.949344   0.568571   3.141190    -269.783 0   0.282772   0.217001   0.080149   0.049543   0.052734   -19.5868   -21.3727   -22.1100   -22.4707   -22.7993     1.7859     2.5232     0.3607
179.241157  55.139327  18.2801  16.4615  15.6728  15.2479  14.9453    0.07980000   0.00003802  23915.883    11.398109   0.568657   3.141667    -203.019 0   0.192295   0.149089   0.058297   0.031851   0.038710   -19.5978   -21.3732   -22.0711   -22.4695   -22.7790     1.7754     2.4733     0.3985
180.025036  56.105167  18.9195  17.4266  16.7835  16.4689  16.2543    0.09250000   0.00017157  27724.687    51.435392   0.576009   3.182284    3605.784 1   0.055583   0.027075   0.014314   0.007730   0.003202   -19.1435   -20.6079   -21.2383   -21.5463   -21.7563     1.4644     2.0947     0.3080
179.805505  56.102984  18.7412  16.9308  16.1026  15.7348  15.4295    0.06940000   0.00016228  20799.841    48.650320   0.580656   3.207960   -3319.062 1   0.155824   0.123997   0.049023   0.027982   0.033151   -18.7958   -20.5744   -21.3276   -21.6744   -21.9848     1.7786     2.5318     0.3468
180.117937  56.117045  18.4077  16.5731  15.7098  15.3113  14.9980    0.06770000   0.00019023  20303.294    57.029519   0.592921   3.275716   -3815.609 1   0.282457   0.216710   0.082596   0.049119   0.051251   -19.2231   -20.9920   -21.7212   -22.0862   -22.4016     1.7689     2.4980     0.3650
179.868743  56.120574  19.7469  17.8164  17.0007  16.6371  16.3560    0.06920000   0.00015691  20740.662    47.040435   0.593459   3.278691   -3378.241 1   0.149928   0.118825   0.047691   0.027075   0.031885   -17.7992   -19.6986   -20.4431   -20.7861   -21.0720     1.8994     2.6440     0.3430
180.347515  56.110380  17.8970  16.8798  16.4853  16.1868  15.9946    0.07050000   0.00007599  21148.199    22.781229   0.618241   3.415605   -2970.703 1   0.165730   0.085563   0.094163  -0.065089  -0.069900   -19.7022   -20.6392   -21.0423   -21.1816   -21.3690     0.9370     1.3401     0.1392
180.534187  54.978006  18.2449  17.1901  16.5680  16.1864  15.9813    0.08090000   0.00111756  24256.238   335.036059   0.637294   3.520866     137.335 0   0.201669   0.257878   0.134619   0.008742  -0.088776   -19.6934   -20.8044   -21.3032   -21.5590   -21.6665     1.1110     1.6099     0.2557
179.787307  56.166561  17.9512  16.9711  16.4863  16.0987  15.9504    0.08210000   0.00007648  24602.408    22.928127   0.645062   3.563782     483.505 1   0.142625   0.198871   0.117064  -0.036901  -0.093988   -19.9389   -20.9753   -21.3783   -21.6119   -21.7031     1.0363     1.4393     0.2336
180.369303  54.925411  20.0120  18.5814  17.6658  17.1654  16.8097    0.08180000   0.00021816  24532.377    65.402723   0.645151   3.564274     413.474 0   0.500377   0.455813   0.181005   0.097010   0.062310   -18.2491   -19.6352   -20.2759   -20.6924   -21.0134     1.3860     2.0268     0.4164
