170.434011  12.556846  20.2392  18.5781  17.7438  17.3414  17.0834    0.08590000   0.00014579  25741.530    43.706742   0.027182   0.154564     820.682 0   0.297250   0.232003   0.098762   0.051561   0.044225   -17.9254   -19.5212   -20.2223   -20.5775   -20.8281     1.5959     2.2969     0.3552
170.465270  12.495218  19.9171  18.2176  17.3853  16.9794  16.6088    0.08320000   0.00009841  24928.612    29.502576   0.076069   0.432548       7.765 0   0.197769   0.157240   0.057905   0.034012   0.041163   -18.0572   -19.7162   -20.4491   -20.8311   -21.2089     1.6590     2.3919     0.3820
170.355532  12.598305  18.0055  16.5953  15.8893  15.4944  15.2938    0.08560000   0.00015831  25665.772    47.460144   0.103523   0.588662     744.924 0   0.243705   0.182246   0.097479   0.028557   0.005383   -20.0952   -21.4439   -22.0652   -22.3911   -22.5686     1.3487     1.9700     0.3260
170.338287  12.578279  18.8509  17.4854  16.8903  16.5167  16.3496    0.08610000   0.00018027  25799.210    54.043586   0.116903   0.664745     878.362 0   0.190791   0.116960   0.082301   0.005802  -0.047411   -19.1911   -20.4828   -21.0432   -21.3403   -21.4542     1.2917     1.8521     0.2971
170.536677  12.482374  20.1687  18.4546  17.5851  17.1874  16.8805    0.08210000   0.00016247  24607.804    48.707281   0.117333   0.667186    -313.043 0   0.324642   0.255283   0.102366   0.060421   0.051760   -17.9035   -19.5482   -20.2648   -20.6205   -20.9188     1.6447     2.3613     0.3558
170.512267  12.449451  20.3925  18.3387  17.4159  17.0697  16.7594    0.08360000   0.00015047  25059.861    45.109771   0.132600   0.754003     139.014 0   0.305847   0.235339   0.087322   0.055310   0.055302   -17.6976   -19.6809   -20.4557   -20.7699   -21.0801     1.9833     2.7581     0.3142
170.553335  12.665408  18.9831  17.0321  16.1285  15.7095  15.4069    0.08480000   0.00017422  25437.390    52.229842   0.132720   0.754682     516.542 0   0.352359   0.271338   0.097879   0.067287   0.061756   -19.1873   -21.0573   -21.7874   -22.1758   -22.4729     1.8700     2.6001     0.3884
170.394603  12.452786  19.9478  18.0558  17.1667  16.7941  16.6099    0.08120000   0.00015360  24330.886    46.048122   0.133296   0.757959    -589.962 0   0.289894   0.223486   0.090176   0.050153   0.048585   -18.0628   -19.8884   -20.6441   -20.9767   -21.1594     1.8256     2.5814     0.3326
170.598151  12.528906  18.2262  16.8652  16.1499  15.7922  15.5418    0.08430000   0.00019212  25273.524    57.596127   0.143267   0.814654     352.676 0   0.261269   0.217886   0.115630   0.033089  -0.016922   -19.8402   -21.1578   -21.7709   -22.0460   -22.2464     1.3176     1.9307     0.2752
170.311670  12.613229  20.3038  18.5084  17.6954  17.3190  17.0842    0.07990000   0.00014359  23946.132    43.047199   0.148788   0.846053    -974.715 0   0.226148   0.165356   0.073649   0.032651   0.036778   -17.6107   -19.3453   -20.0666   -20.4020   -20.6409     1.7346     2.4559     0.3354
170.388537  12.433408  20.1049  18.0694  17.0997  16.5982  16.2095    0.08240000   0.00016225  24694.834    48.641326   0.153258   0.871471    -226.014 0   0.569020   0.474356   0.178760   0.108331   0.077053   -18.2196   -20.1604   -20.8345   -21.2656   -21.6230     1.9408     2.6149     0.4311
170.575783  12.674339  18.6818  16.6323  15.6759  15.2218  14.9212    0.07950000   0.00018997  23831.372    56.951573   0.154746   0.879932   -1089.476 0   0.456404   0.360337   0.133936   0.093724   0.068495   -19.4732   -21.4266   -22.1566   -22.5705   -22.8459     1.9534     2.6834     0.4139
170.480522  12.410811  21.0940  18.4532  17.6753  17.9869  17.1045    0.08410000   0.00018319  25209.428    54.918980   0.161654   0.919207     288.580 0   0.021118   0.004952   0.004619   0.002032  -0.009471   -16.7455   -19.3702   -20.1477   -19.8336   -20.7044     2.6246     3.4022    -0.3142
170.616871  12.519176  18.8333  17.6980  17.1949  16.8825  16.7196    0.08480000   0.00010272  25427.347    30.794681   0.163636   0.930481     506.499 0   0.171948   0.080684   0.079347  -0.016421  -0.088864   -19.1567   -20.2007   -20.7025   -20.9191   -21.0096     1.0440     1.5458     0.2166
170.592526  12.670475  20.2179  18.3836  17.5280  17.1226  16.8663    0.08060000   0.00014886  24153.529    44.627105   0.164900   0.937670    -767.319 0   0.282715   0.216940   0.085701   0.048606   0.049323   -17.7722   -19.5407   -20.2650   -20.6333   -20.8904     1.7685     2.4929     0.3683
170.331672  12.458377  20.0020  18.4055  17.7230  17.3934  17.1688    0.07910000   0.00015898  23711.245    47.661005   0.166826   0.948619   -1209.603 1   0.071328   0.040617   0.020657   0.011030   0.009772   -17.7569   -19.3227   -19.9852   -20.3052   -20.5286     1.5658     2.2283     0.3200
170.596871  12.460014  19.3142  18.1335  17.5002  17.1199  16.8626    0.08400000   0.00011728  25181.277    35.159659   0.175278   0.996678     260.430 0   0.228700   0.231974   0.125690   0.019208  -0.071001   -18.7331   -19.9170   -20.4441   -20.7179   -20.8850     1.1840     1.7110     0.2738
170.614609  12.689897  21.3056  18.4840  17.7220  17.3572  17.1098    0.07980000   0.00016068  23919.931    48.170652   0.193824   1.102138   -1000.917 1   0.021497   0.022013   0.007643   0.006597   0.005531   -16.4015   -19.2236   -19.9712   -20.3350   -20.5813     2.8221     3.5697     0.3638
170.297335  12.453939  18.5863  16.8219  16.0030  15.6098  15.3357    0.08400000   0.00015146  25193.419    45.406566   0.195515   1.111751     272.571 0   0.242926   0.181815   0.076570   0.037625   0.041611   -19.4752   -21.1785   -21.8921   -22.2464   -22.5245     1.7033     2.4169     0.3543
170.358370  12.392805  18.1915  17.4000  17.1007  16.7591  16.5644    0.08250000   0.00073147  24725.623   219.289189   0.202866   1.153552    -195.225 0   0.165508   0.064553   0.092032  -0.087255  -0.045315   -19.7533   -20.4439   -20.7706   -20.9329   -21.1696     0.6905     1.0173     0.1623
170.320807  12.730228  20.1524  18.5213  17.6838  17.2947  17.0471    0.07940000   0.00013832  23799.354    41.467293   0.207985   1.182659   -1121.494 1   0.282617   0.217764   0.093338   0.046930   0.042911   -17.8049   -19.3711   -20.0842   -20.4269   -20.6705     1.5662     2.2793     0.3427
170.248447  12.523238  18.2993  17.0066  16.3661  15.9598  15.7919    0.08000000   0.00009835  23984.566    29.484588   0.209852   1.193277    -936.282 1   0.236557   0.217967   0.120112   0.021291  -0.057865   -19.6495   -20.9236   -21.4663   -21.7737   -21.8625     1.2741     1.8168     0.3075
170.664818  12.512004  19.2389  17.3198  16.3982  15.9953  15.6684    0.08380000   0.00016560  25110.646    49.645631   0.210452   1.196687     189.799 0   0.357552   0.277344   0.102046   0.068961   0.061079   -18.9109   -20.7497   -21.4960   -21.8659   -22.1849     1.8389     2.5852     0.3698
170.677434  12.486322  19.7789  17.8096  16.9348  16.5561  16.2491    0.08460000   0.00016182  25351.589    48.512416   0.230442   1.310358     430.742 0   0.279662   0.214427   0.081660   0.048421   0.050965   -18.3321   -20.2362   -20.9782   -21.3237   -21.6332     1.9041     2.6461     0.3455
170.587023  12.772320  19.3408  18.0024  17.2569  16.9704  16.7097    0.07970000   0.00016137  23904.221    48.377509   0.237604   1.351084   -1016.626 1   0.052602   0.031614   0.014201   0.008756   0.008570   -18.4130   -19.7304   -20.4585   -20.7395   -21.0001     1.3174     2.0455     0.2811
170.261896  12.422990  19.1724  17.1765  16.2344  15.8089  15.4828    0.08280000   0.00014949  24830.160    44.815975   0.241782   1.374841     -90.687 0   0.410939   0.320645   0.117629   0.082730   0.065762   -19.0257   -20.9314   -21.6704   -22.0610   -22.3702     1.9056     2.6447     0.3906
170.303312  12.343319  20.0249  18.3695  17.6312  17.3438  17.1390    0.08330000   0.00013243  24976.669    39.701515   0.273046   1.552617      55.821 0   0.061569   0.037098   0.017378   0.010165   0.009917   -17.8370   -19.4679   -20.1865   -20.4667   -20.6712     1.6309     2.3495     0.2802
170.308974  12.860474  19.6411  17.8116  16.8539  16.3996  16.0854    0.08010000   0.00014634  24008.249    43.871628   0.323940   1.842017    -912.598 1   0.493097   0.417674   0.163892   0.098577   0.065700   -18.5670   -20.3210   -21.0250   -21.4139   -21.6953     1.7541     2.4580     0.3890
170.119077  12.576849  20.1010  18.2678  17.2870  16.8081  16.5196    0.08750000   0.00018911  26231.031    56.693752   0.330680   1.880340    1310.183 1   0.558280   0.495807   0.189507   0.106439   0.074196   -18.3410   -20.1117   -20.7862   -21.1821   -21.4383     1.7707     2.4452     0.3958
170.731861  12.373001  19.1184  18.0043  17.4775  17.1255  16.9874    0.08470000   0.00009679  25390.712    29.016912   0.332743   1.892071     469.865 0   0.173108   0.167040   0.110276  -0.023278  -0.103475   -18.8702   -19.9782   -20.4483   -20.6667   -20.7246     1.1080     1.5781     0.2184
170.235899  12.308559  20.0541  18.2604  17.3923  16.9982  16.7182    0.08480000   0.00014534  25420.332    43.571836   0.340238   1.934686     499.484 1   0.299572   0.231110   0.089205   0.053376   0.052443   -18.0635   -19.7888   -20.5150   -20.8732   -21.1523     1.7252     2.4514     0.3583
170.675484  12.291440  19.0547  17.9632  17.4917  17.1665  17.0384    0.08350000   0.00008166  25038.156    24.481052   0.351072   1.996292     117.309 0   0.171553   0.114661   0.097600  -0.037437  -0.096754   -18.9012   -19.9358   -20.3903   -20.5804   -20.6492     1.0346     1.4890     0.1902
170.564368  12.221844  19.9352  18.3709  17.5413  17.1873  16.9008    0.08400000   0.00015197  25192.040    45.559460   0.364254   2.071253     271.192 0   0.298386   0.237384   0.108471   0.051057   0.033785   -18.1817   -19.6850   -20.3857   -20.6823   -20.9515     1.5033     2.2040     0.2966
170.099255  12.443017  17.9539  16.2510  15.4053  14.9387  14.6152    0.07890000   0.00020005  23653.835    59.973481   0.372621   2.118826   -1267.013 1   0.416228   0.356471   0.148210   0.082870   0.050945   -20.1232   -21.7663   -22.4038   -22.8050   -23.0966     1.6431     2.2806     0.4013
170.711876  12.274347  19.2558  17.8144  17.0661  16.6707  16.4737    0.08380000   0.00016816  25127.225    50.413100   0.386589   2.198256     206.377 0   0.289530   0.255059   0.127395   0.042460  -0.007544   -18.8259   -20.2329   -20.8535   -21.1640   -21.3110     1.4069     2.0276     0.3105
170.062681  12.604365  19.6899  17.4985  16.4996  16.0451  15.7073    0.08670000   0.00014756  25978.485    44.237375   0.387117   2.201254    1057.638 1   0.557858   0.448125   0.167013   0.109400   0.076924   -18.7343   -20.8160   -21.5338   -21.9306   -22.2360     2.0817     2.7995     0.3969
170.064900  12.514154  19.1619  17.7440  17.0702  16.6744  16.4451    0.08030000   0.00016133  24083.377    48.365517   0.387686   2.204494    -837.470 1   0.232665   0.171708   0.096771   0.023170  -0.008856   -18.7700   -20.1269   -20.7258   -21.0480   -21.2453     1.3569     1.9558     0.3222
170.777227  12.324979  19.0112  16.9240  15.9662  15.5334  15.2323    0.08260000   0.00019038  24761.088    57.074488   0.397091   2.257972    -159.759 0   0.438155   0.344089   0.127155   0.089537   0.067441   -19.1877   -21.1808   -21.9217   -22.3169   -22.5959     1.9931     2.7340     0.3952
170.075158  12.419973  18.6465  17.5459  17.0635  16.7522  16.5699    0.07930000   0.00009011  23758.732    27.014298   0.402850   2.290720   -1162.115 1   0.173775   0.111204   0.095879  -0.033857  -0.098061   -19.2175   -20.2555   -20.7226   -20.9041   -21.0222     1.0380     1.5051     0.1816
170.805711  12.341120  18.9540  17.1496  16.2633  15.8509  15.5645    0.08430000   0.00016385  25280.029    49.120994   0.410010   2.331434     359.181 0   0.321818   0.249806   0.095302   0.059517   0.055387   -19.1730   -20.9054   -21.6372   -22.0138   -22.2960     1.7324     2.4642     0.3766
170.811670  12.348172  19.8097  17.8702  16.9509  16.5486  16.2186    0.08460000   0.00016226  25364.540    48.644324   0.410975   2.336921     443.693 0   0.337955   0.259591   0.093281   0.063543   0.060498   -18.3596   -20.2208   -20.9737   -21.3463   -21.6733     1.8611     2.6141     0.3726
170.740497  12.262223  20.5111  18.5843  17.6957  17.3143  17.0044    0.08300000   0.00014198  24879.866    42.564533   0.414034   2.354311     -40.982 0   0.306112   0.236089   0.089176   0.055305   0.054380   -17.5663   -19.4231   -20.1648   -20.5123   -20.8213     1.8568     2.5985     0.3475
170.862362  12.698027  18.9076  17.8169  17.3576  17.0703  16.9131    0.08230000   0.00008789  24680.954    26.348759   0.414788   2.358602    -239.894 0   0.153133   0.052196   0.070724  -0.012553  -0.075190   -18.9984   -19.9881   -20.4660   -20.6700   -20.7645     0.9898     1.4676     0.2040
170.125412  12.851877  19.7752  18.3962  17.5627  17.1181  16.7638    0.08460000   0.00020311  25349.911    60.890846   0.429173   2.440401     429.063 0   0.412106   0.377903   0.161245   0.079847   0.039919   -18.4683   -19.8131   -20.4299   -20.7931   -21.1075     1.3448     1.9616     0.3632
170.009602  12.730477  18.2225  17.2224  16.8277  16.4924  16.3548    0.06980000   0.00007172  20930.910    21.501115   0.465660   2.647874   -3989.938 1   0.159460   0.099483   0.097426  -0.066981  -0.071857   -19.3307   -20.2708   -20.6634   -20.8343   -20.9670     0.9401     1.3328     0.1709
169.986821  12.736086  18.4256  17.4225  16.9476  16.5728  16.4218    0.07000000   0.00009395  20996.774    28.165501   0.488477   2.777615   -3924.073 1   0.163450   0.157669   0.108485  -0.034953  -0.099623   -19.1590   -20.1564   -20.5821   -20.8134   -20.8998     0.9973     1.4230     0.2314
170.174021  12.141749  19.9462  18.1156  17.2041  16.8024  16.4752    0.08320000   0.00014848  24952.206    44.513184   0.510816   2.904645      31.358 0   0.356073   0.277465   0.103497   0.068816   0.060017   -18.1864   -19.9384   -20.6759   -21.0429   -21.3613     1.7520     2.4895     0.3670
170.858871  12.915229  19.3010  18.0685  17.5751  17.2252  17.0339    0.08210000   0.00009635  24602.108    28.885003   0.521301   2.964261    -318.739 0   0.179483   0.102564   0.087446  -0.018890  -0.095465   -18.6260   -19.7816   -20.2599   -20.5034   -20.6182     1.1556     1.6339     0.2436
170.101662  12.178753  18.9902  17.1932  16.2609  15.8782  15.5793    0.08330000   0.00017605  24961.200    52.778462   0.524073   2.980028      40.352 0   0.376168   0.296294   0.112121   0.074571   0.060570   -19.1863   -20.9034   -21.6516   -21.9967   -22.2816     1.7171     2.4653     0.3452
170.766345  12.118793  18.4397  17.3460  16.7618  16.3103  16.0154    0.07390000   0.00007952  22149.296    23.839496   0.543242   3.089028   -2771.551 1   0.223067   0.260230   0.134985   0.018642  -0.076991   -19.2984   -20.4293   -20.8882   -21.2234   -21.4227     1.1309     1.5898     0.3352
170.792793  12.123781  18.5993  17.3399  16.7616  16.3762  16.1256    0.07950000   0.00009075  23834.490    27.206166   0.553930   3.149802   -1086.358 1   0.210039   0.168510   0.105006   0.009139  -0.072743   -19.3093   -20.5272   -21.0420   -21.3315   -21.5002     1.2179     1.7327     0.2895
169.954898  12.837082  19.7845  17.8854  17.0356  16.5723  16.2783    0.07900000   0.00010561  23685.703    31.661081   0.558378   3.175095   -1235.145 1   0.292451   0.224419   0.080460   0.052151   0.055173   -18.1928   -20.0238   -20.7297   -21.1647   -21.4617     1.8311     2.5369     0.4350
169.905771  12.369918  18.7762  17.5065  17.0647  16.7890  16.6847    0.07110000   0.00009313  21311.496    27.919672   0.575096   3.270159   -3609.351 1   0.131027   0.040756   0.060663  -0.001762  -0.063823   -18.8100   -19.9894   -20.4511   -20.6644   -20.7067     1.1794     1.6411     0.2133
169.919977  12.839610  18.5812  16.7826  15.8943  15.4984  15.2029    0.08320000   0.00015976  24943.152    47.894843   0.589713   3.353274      22.305 0   0.313397   0.242701   0.092860   0.057195   0.054379   -19.5087   -21.2366   -21.9751   -22.3353   -22.6280     1.7279     2.4664     0.3602
169.886341  12.337757  19.0533  17.6259  17.0467  16.6703  16.4689    0.07120000   0.00017582  21355.896    52.709510   0.604563   3.437718   -3564.952 1   0.194791   0.124928   0.086661   0.004119  -0.055307   -18.5785   -19.9360   -20.4770   -20.7708   -20.9128     1.3575     1.8985     0.2939
169.887408  12.306035  18.7387  16.8767  15.9967  15.5725  15.2867    0.07060000   0.00017615  21167.926    52.808441   0.616553   3.505891   -3752.922 1   0.289107   0.221871   0.079440   0.051326   0.054799   -18.9690   -20.7637   -21.5013   -21.8974   -22.1866     1.7948     2.5323     0.3961
