220.162565   3.469721  16.4042  14.3423  13.4909  13.0429  12.7760    0.02670000   0.00017860   7992.107    53.542933   0.007565   0.014883     -73.509 0   0.263295   0.202809   0.073501   0.045270   0.050903   -19.1801   -21.1815   -21.9036   -22.3233   -22.5959     2.0014     2.7235     0.4198
220.154038   3.464703  18.3377  16.4853  15.6865  15.2862  14.9440    0.02300000   0.00017123   6881.136    51.333463   0.012873   0.025324   -1184.480 0   0.120829   0.105720   0.039102   0.025647   0.028685   -16.7697   -18.6070   -19.3392   -19.7260   -20.0713     1.8373     2.5695     0.3868
220.144002   3.470460  18.7118  16.8651  16.0722  15.6950  15.3822    0.02690000   0.00017138   8057.372    51.378431   0.016328   0.032121      -8.244 0   0.072479   0.068250   0.025008   0.018498   0.018441   -16.6896   -18.5321   -19.2818   -19.6525   -19.9652     1.8425     2.5921     0.3707
220.178484   3.465423  15.3726  13.3781  12.5473  12.1565  11.7837    0.02740000   0.00020549   8203.881    61.604352   0.022208   0.043689     138.264 0   0.207803   0.164451   0.060025   0.035432   0.042869   -20.1829   -22.1341   -22.8605   -23.2267   -23.6069     1.9511     2.6775     0.3662
220.130542   3.476078  19.6052  17.7077  16.9140  16.5286  16.2132    0.02790000   0.00016189   8373.953    48.533401   0.028608   0.056279     308.337 0   0.078187   0.074303   0.027017   0.019856   0.020091   -15.8682   -17.7618   -18.5082   -18.8865   -19.2021     1.8936     2.6400     0.3782
220.169583   3.511672  19.7171  18.1863  17.4706  17.1336  16.8421    0.02790000   0.00017445   8355.306    52.298794   0.036667   0.072133     289.689 0   0.056267   0.036968   0.016056   0.010255   0.010450   -15.7344   -17.2459   -17.9407   -18.2719   -18.5636     1.5115     2.2063     0.3312
220.132719   3.509284  17.7284  15.9004  15.1058  14.7284  14.4142    0.02740000   0.00015963   8210.386    47.855870   0.042113   0.082846     144.770 0   0.081882   0.074434   0.027840   0.019766   0.020320   -17.7012   -19.5218   -20.2698   -20.6391   -20.9539     1.8206     2.5686     0.3693
220.207157   3.467509  20.2080  18.4936  17.7418  17.3775  17.0995    0.02770000   0.00015584   8312.825    46.719657   0.048706   0.095815     247.209 0   0.104852   0.077954   0.034600   0.019663   0.021690   -15.2899   -16.9774   -17.6858   -18.0352   -18.3152     1.6875     2.3959     0.3494
220.210909   3.467204  19.4249  17.7048  16.9744  16.6245  16.3259    0.02620000   0.00014494   7857.800    43.451919   0.052445   0.103171    -207.816 0   0.035599   0.027571   0.010450   0.007982   0.007704   -15.8820   -17.5941   -18.3074   -18.6548   -18.9531     1.7121     2.4254     0.3474
220.122511   3.432748  17.0022  15.0971  14.2591  13.8307  13.4928    0.02450000   0.00017847   7358.586    53.503960   0.057056   0.112242    -707.031 0   0.240942   0.187166   0.067766   0.040822   0.047840   -18.3634   -20.2148   -20.9334   -21.3348   -21.6797     1.8513     2.5699     0.4015
220.151140   3.538696  19.2057  17.6212  16.9358  16.6091  16.3097    0.02750000   0.00018704   8249.509    56.073181   0.062714   0.123373     183.893 0   0.008079   0.005102   0.001949   0.001460   0.001466   -16.1795   -17.7611   -18.4433   -18.7695   -19.0689     1.5815     2.2638     0.3262
220.219545   3.418315  16.9724  15.0797  14.2428  13.8455  13.5465    0.02750000   0.00018197   8251.308    54.553234   0.083747   0.164751     185.691 0   0.180653   0.144879   0.054152   0.031718   0.038253   -18.5854   -20.4423   -21.1885   -21.5634   -21.8689     1.8569     2.6031     0.3749
220.241924   3.451563  17.3310  15.5427  14.7168  14.3277  14.0124    0.02710000   0.00018453   8128.243    55.320702   0.086255   0.169683      62.627 0   0.154104   0.126587   0.047802   0.028820   0.033921   -18.1468   -19.9076   -20.6547   -21.0248   -21.3452     1.7608     2.5079     0.3701
220.236024   3.528208  19.9398  19.3655  19.2904  19.0437  18.6731    0.03390000   0.00007598  10150.073    22.778231   0.092487   0.181944    2084.457 1   0.127744   0.017426   0.067428  -0.030458  -0.014839   -16.0289   -16.4928   -16.6179   -16.7668   -17.1530     0.4640     0.5891     0.1488
220.163426   3.380646  20.5860  18.8041  18.0900  17.7610  17.7919    0.03010000   0.00018126   9021.265    54.340381   0.095947   0.188751     955.648 0   0.085498   0.045763   0.026364   0.012262   0.007987   -15.0741   -16.8162   -17.5109   -17.8258   -17.7907     1.7422     2.4369     0.3149
220.157901   3.377023  16.1363  14.2497  13.3839  12.9441  12.5825    0.02640000   0.00021483   7923.035    64.404414   0.099485   0.195711    -142.581 0   0.346951   0.267583   0.097188   0.065992   0.060831   -19.4771   -21.2844   -21.9798   -22.3884   -22.7448     1.8072     2.5026     0.4086
220.068335   3.520132  17.8029  15.9817  15.1760  14.7876  14.4641    0.02740000   0.00016876   8209.337    50.592975   0.100647   0.197997     143.721 0   0.107418   0.095858   0.035484   0.023913   0.026082   -17.6522   -19.4619   -20.2072   -20.5840   -20.9097     1.8096     2.5550     0.3768
220.180633   3.374016  17.1572  15.2423  14.4083  14.0059  13.7003    0.03190000   0.00018701   9571.953    56.064188   0.104693   0.205956    1506.337 0   0.181711   0.146638   0.054074   0.032147   0.038754   -18.7045   -20.5844   -21.3258   -21.7063   -22.0185     1.8798     2.6213     0.3805
220.075918   3.544170  19.8605  18.1740  17.4967  17.1395  16.9481    0.02430000   0.00015294   7270.657    45.850259   0.107190   0.210867    -794.960 0   0.158625   0.095725   0.057928   0.018626   0.014149   -15.3834   -17.0070   -17.6465   -17.9644   -18.1513     1.6236     2.2631     0.3179
220.270733   3.463270  20.2556  18.5444  17.8054  17.4790  17.1506    0.02690000   0.00014572   8063.578    43.685757   0.112111   0.220548      -2.039 0   0.036629   0.027351   0.010523   0.007875   0.007720   -15.1100   -16.8119   -17.5341   -17.8578   -18.1861     1.7019     2.4241     0.3238
220.056621   3.527304  19.6982  17.9784  17.2251  16.8719  16.5808    0.02700000   0.00017138   8106.658    51.378431   0.114301   0.224858      41.042 0   0.060642   0.046241   0.018834   0.012873   0.013068   -15.6995   -17.4049   -18.1308   -18.4780   -18.7693     1.7054     2.4313     0.3472
220.159380   3.356426  19.8713  18.2780  17.5331  17.2164  16.9678    0.02390000   0.00016024   7167.588    48.038743   0.120074   0.236213    -898.028 0   0.091000   0.060834   0.029089   0.015879   0.016728   -15.2902   -16.8533   -17.5665   -17.8700   -18.1194     1.5631     2.2763     0.3035
220.081525   3.381842  20.1276  18.4573  17.7087  17.4192  17.2216    0.02580000   0.00019292   7739.322    57.835961   0.122358   0.240706    -326.294 0   0.054325   0.033384   0.014881   0.009247   0.009190   -15.1430   -16.7923   -17.5224   -17.8063   -18.0038     1.6494     2.3795     0.2839
220.133119   3.356550  18.3925  17.2139  16.7045  16.4521  16.2818    0.02440000   0.00017810   7315.296    53.393037   0.122742   0.241463    -750.321 0   0.091344   0.030420   0.034158   0.009370  -0.041468   -16.8237   -17.9414   -18.4545   -18.6821   -18.8016     1.1177     1.6308     0.2276
220.108300   3.598922  17.2543  15.3608  14.5294  14.1053  13.7563    0.02820000   0.00018946   8442.965    56.798679   0.132546   0.260749     377.349 0   0.226651   0.177313   0.064406   0.038354   0.045718   -18.3830   -20.2271   -20.9456   -21.3437   -21.7000     1.8442     2.5627     0.3980
220.076977   3.333533  18.0773  16.2351  15.4607  15.0952  14.8304    0.02760000   0.00014792   8268.846    44.345300   0.164849   0.324296     203.229 0   0.124424   0.094657   0.041143   0.022693   0.025888   -17.4322   -19.2447   -19.9655   -20.3126   -20.5806     1.8124     2.5333     0.3470
220.038821   3.361821  20.2108  18.5300  17.8169  17.4677  17.2951    0.02540000   0.00024384   7622.673    73.101393   0.166100   0.326757    -442.943 0   0.126543   0.079532   0.043793   0.018507   0.018616   -15.1193   -16.7531   -17.4304   -17.7544   -17.9271     1.6338     2.3112     0.3239
220.054251   3.344378  18.0506  17.1444  16.9424  16.8191  16.6689    0.02470000   0.00007623   7408.231    22.853179   0.168612   0.331700    -657.385 0   0.004343   0.000384   0.000961  -0.000403  -0.000183   -17.0962   -17.9985   -18.2010   -18.3230   -18.4734     0.9022     1.1048     0.1219
219.988413   3.489129  19.3172  17.6366  16.8707  16.5118  16.2479    0.02610000   0.00015568   7816.549    46.671690   0.170940   0.336279    -249.068 0   0.148071   0.105338   0.049589   0.023466   0.027377   -16.1023   -17.7402   -18.4504   -18.7831   -19.0509     1.6379     2.3480     0.3328
220.139020   3.647160  18.5525  16.7360  15.9627  15.5940  15.2960    0.02690000   0.00016391   8062.468    49.138982   0.171845   0.338059      -3.148 0   0.079866   0.067474   0.026550   0.018075   0.018725   -16.8563   -18.6604   -19.3928   -19.7530   -20.0517     1.8041     2.5365     0.3602
220.331575   3.398640  19.4970  17.9678  17.2257  16.8602  16.6338    0.02780000   0.00018920   8326.406    56.720733   0.188854   0.371521     260.789 0   0.212425   0.146854   0.074904   0.025649   0.024928   -16.1163   -17.5799   -18.2501   -18.5663   -18.7920     1.4636     2.1338     0.3162
220.338417   3.544155  18.4517  16.6713  15.8667  15.4979  15.1814    0.02790000   0.00015863   8361.541    47.556078   0.191253   0.376240     295.925 0   0.096142   0.083260   0.032110   0.021386   0.022897   -17.0397   -18.8072   -19.5606   -19.9187   -20.2367     1.7675     2.5210     0.3581
220.257673   3.312150  19.6619  18.3373  17.6164  17.2585  17.0755    0.02930000   0.00015388   8795.281    46.132063   0.191500   0.376726     729.665 0   0.266751   0.288096   0.142179   0.036935  -0.044928   -16.1206   -17.4665   -18.0415   -18.2941   -18.3953     1.3459     1.9209     0.2527
220.075959   3.303575  17.9893  16.4358  15.7136  15.3528  15.1615    0.02730000   0.00013502   8170.634    40.477978   0.191850   0.377415     105.017 0   0.193983   0.128039   0.068995   0.022021   0.020961   -17.5526   -19.0401   -19.7033   -20.0171   -20.2073     1.4876     2.1507     0.3138
220.085475   3.296960  19.3905  17.9531  17.2507  16.8825  16.6959    0.02810000   0.00016063   8431.963    48.155663   0.194036   0.381714     366.346 0   0.218529   0.150684   0.084551   0.021531   0.006263   -16.2309   -17.6004   -18.2367   -18.5419   -18.7132     1.3696     2.0058     0.3052
220.247396   3.303567  19.8656  18.3958  17.6919  17.3601  17.1197    0.02770000   0.00016213   8305.690    48.605351   0.194051   0.381744     240.074 0   0.076965   0.047131   0.023205   0.012645   0.012432   -15.6044   -17.0443   -17.7243   -18.0455   -18.2857     1.4400     2.1199     0.3212
220.135444   3.670405  18.0984  16.3550  15.5882  15.2100  14.9142    0.02740000   0.00015250   8216.142    45.718350   0.195350   0.384299     150.526 0   0.101629   0.080880   0.033613   0.020574   0.022510   -17.3510   -19.0736   -19.7931   -20.1583   -20.4560     1.7227     2.4422     0.3652
220.200050   3.282610  19.5068  17.9918  17.2767  16.9268  16.8281    0.02910000   0.00016484   8709.181    49.417789   0.198131   0.389771     643.564 0   0.182619   0.114084   0.066919   0.018838   0.013029   -16.1766   -17.6230   -18.2910   -18.5928   -18.6857     1.4465     2.1144     0.3018
220.359941   3.505429  20.0364  18.3140  17.6086  17.2860  17.0453    0.02940000   0.00021019   8813.778    63.013377   0.202449   0.398265     748.162 0   0.079615   0.047755   0.024161   0.012752   0.012195   -15.5449   -17.2354   -17.9173   -18.2284   -18.4686     1.6905     2.3723     0.3112
220.070258   3.659051  17.1545  15.3839  14.5994  14.2401  13.9127    0.02790000   0.00017098   8375.332    51.258514   0.202993   0.399336     309.716 0   0.068595   0.063074   0.023440   0.017291   0.017106   -18.3093   -20.0744   -20.8193   -21.1724   -21.4996     1.7651     2.5099     0.3532
220.261671   3.292124  18.9983  17.4087  16.6844  16.3392  16.0983    0.02970000   0.00017005   8906.804    50.979707   0.210847   0.414785     841.188 0   0.087713   0.057884   0.027740   0.015245   0.015901   -16.6133   -18.1731   -18.8672   -19.1999   -19.4415     1.5598     2.2539     0.3327
219.962424   3.558236  19.2766  17.6537  16.9499  16.6234  16.4147    0.02560000   0.00017048   7671.329    51.108618   0.212742   0.418513    -394.287 0   0.076635   0.044844   0.022862   0.012053   0.011130   -16.0079   -17.5990   -18.2808   -18.5965   -18.8043     1.5911     2.2729     0.3157
220.114591   3.685530  17.2158  15.4865  14.7752  14.4387  14.1761    0.02790000   0.00014710   8371.015    44.099471   0.213720   0.420438     305.399 0   0.038004   0.026442   0.010474   0.007537   0.007551   -18.2174   -19.9352   -20.6305   -20.9640   -21.2267     1.7177     2.4131     0.3336
219.954336   3.543638  18.8238  17.1567  16.4085  16.0524  15.7567    0.02620000   0.00016294   7856.541    48.848183   0.215227   0.423401    -209.075 0   0.060368   0.046806   0.018888   0.013048   0.013188   -16.5079   -18.1614   -18.8817   -19.2320   -19.5278     1.6535     2.3738     0.3503
220.275588   3.661112  17.9836  16.3055  15.5600  15.2031  14.9261    0.02630000   0.00014613   7880.464    43.808672   0.218124   0.429100    -185.152 0   0.109576   0.077190   0.036325   0.019173   0.021133   -17.3842   -19.0299   -19.7345   -20.0743   -20.3532     1.6457     2.3503     0.3397
220.181295   3.254065  16.9350  15.0945  14.2957  13.9071  13.6259    0.03060000   0.00017367   9183.123    52.064956   0.223526   0.439728    1117.506 0   0.162430   0.125576   0.051457   0.027810   0.033291   -18.8380   -20.6416   -21.3663   -21.7313   -22.0180     1.8036     2.5283     0.3650
219.954566   3.351515  18.2700  16.5797  15.8383  15.4864  15.2454    0.02650000   0.00015485   7943.661    46.422862   0.239462   0.471079    -121.956 0   0.119400   0.080223   0.040279   0.019288   0.021039   -17.1241   -18.7753   -19.4767   -19.8076   -20.0504     1.6511     2.3526     0.3309
220.383772   3.599220  17.0747  15.1831  14.3422  13.9190  13.6048    0.02560000   0.00019175   7675.766    57.485204   0.255553   0.502733    -389.850 0   0.243864   0.189242   0.068460   0.041415   0.048277   -18.3770   -20.2140   -20.9341   -21.3303   -21.6514     1.8370     2.5571     0.3962
220.319978   3.276754  18.4311  16.8371  16.1141  15.7559  15.5164    0.02770000   0.00015243   8299.454    45.697364   0.256228   0.504061     233.838 0   0.145751   0.095193   0.050718   0.020748   0.022333   -17.1077   -18.6511   -19.3296   -19.6578   -19.8989     1.5434     2.2220     0.3282
220.107090   3.733328  18.7664  17.7778  17.4717  17.2670  17.1140    0.02420000   0.00007824   7261.903    23.455762   0.262042   0.515498    -803.714 0   0.110121   0.014018   0.054362  -0.020406  -0.011836   -16.4200   -17.3125   -17.6589   -17.7889   -17.9504     0.8925     1.2389     0.1299
220.035151   3.242459  18.9073  17.1132  16.4060  16.0663  15.7868    0.02700000   0.00015798   8080.546    47.361213   0.264777   0.520879      14.930 0   0.020894   0.014971   0.005608   0.004340   0.004260   -16.4507   -18.2388   -18.9367   -19.2751   -19.5545     1.7882     2.4860     0.3384
220.092273   3.735755  17.3876  15.7314  14.9728  14.5882  14.3113    0.02590000   0.00010737   7776.227    32.188716   0.267723   0.526674    -289.390 0   0.182768   0.131110   0.059760   0.026792   0.032282   -18.0413   -19.6459   -20.3331   -20.6848   -20.9671     1.6045     2.2918     0.3516
220.324073   3.690698  18.0437  16.2996  15.5533  15.1739  14.8795    0.02760000   0.00015839   8271.064    47.484127   0.270118   0.531386     205.448 0   0.040676   0.034847   0.012968   0.010094   0.009469   -17.3821   -19.1203   -19.8448   -20.2213   -20.5151     1.7383     2.4627     0.3765
219.941329   3.306969  19.9715  17.9813  17.3254  17.0105  16.7914    0.02610000   0.00019144   7817.658    57.392268   0.275743   0.542451    -247.958 0   0.041034   0.022261   0.010015   0.006223   0.005320   -15.3410   -17.3124   -17.9561   -18.2672   -18.4854     1.9714     2.6151     0.3111
219.922326   3.625756  17.6512  15.8975  15.1353  14.7999  14.4436    0.02840000   0.00016540   8502.714    49.585673   0.279607   0.550053     437.097 0   0.025530   0.023403   0.008349   0.006947   0.006135   -17.8297   -19.5813   -20.3284   -20.6624   -21.0179     1.7516     2.4987     0.3340
220.445460   3.455415  17.7891  15.9494  15.1289  14.7487  14.4016    0.02800000   0.00016736   8391.761    50.173266   0.286510   0.563632     326.144 0   0.125182   0.108145   0.040267   0.026005   0.029320   -17.7312   -19.5538   -20.3064   -20.6724   -21.0228     1.8227     2.5753     0.3659
220.456548   3.443743  17.9340  15.9919  15.1893  14.8339  14.5487    0.02700000   0.00015957   8095.985    47.837883   0.298603   0.587423      30.369 0   0.097928   0.081978   0.032546   0.021002   0.022676   -17.5010   -19.4271   -20.1803   -20.5242   -20.8110     1.9261     2.6793     0.3439
220.088597   3.770249  19.3051  17.9105  17.4827  17.2412  17.2043    0.02650000   0.00016811   7935.956    50.398110   0.302084   0.594271    -129.660 0   0.107182   0.027608   0.046956   0.000412  -0.048014   -16.0768   -17.3918   -17.8390   -18.0340   -18.0224     1.3150     1.7622     0.1950
220.354360   3.240172  18.6919  16.9120  16.1484  15.7909  15.4940    0.02650000   0.00016076   7931.459    48.194636   0.306265   0.602495    -134.157 0   0.059358   0.048850   0.019090   0.013676   0.013576   -16.6422   -18.4116   -19.1454   -19.4975   -19.7943     1.7694     2.5032     0.3521
219.864797   3.581876  19.0728  17.4820  16.7951  16.4683  16.1845    0.02870000   0.00015430   8589.384    46.257976   0.312183   0.614138     523.767 0   0.045078   0.027493   0.011898   0.007668   0.007596   -16.4213   -17.9945   -18.6658   -18.9884   -19.2721     1.5732     2.2445     0.3226
220.469139   3.581799  19.0315  17.4482  16.7098  16.3657  16.1121    0.02820000   0.00014143   8458.434    42.399647   0.326797   0.642887     392.818 0   0.083787   0.056798   0.026386   0.015069   0.015843   -16.4629   -18.0192   -18.7272   -19.0600   -19.3144     1.5563     2.2643     0.3328
220.489308   3.518387  18.4751  17.3766  16.9565  16.7466  16.5354    0.03350000   0.00007734  10057.587    23.185949   0.332152   0.653421    1991.971 1   0.092519   0.020284   0.038091  -0.000426  -0.036023   -17.4110   -18.4373   -18.8752   -19.0466   -19.2222     1.0263     1.4642     0.1714
219.878893   3.670756  17.4486  15.7862  15.0652  14.7223  14.4418    0.02580000   0.00015779   7722.414    47.304252   0.340614   0.670068    -343.202 0   0.044753   0.031132   0.012659   0.008800   0.008885   -17.8124   -19.4612   -20.1637   -20.5027   -20.7833     1.6488     2.3513     0.3390
219.915731   3.720847  17.5259  15.7116  14.9289  14.5387  14.2262    0.02610000   0.00017021   7822.694    51.027674   0.344622   0.677953    -242.922 0   0.078212   0.072546   0.026804   0.019421   0.019714   -17.8238   -19.6324   -20.3694   -20.7522   -21.0650     1.8086     2.5456     0.3828
219.942896   3.206319  19.5215  17.8045  17.0848  16.7728  16.4826    0.02550000   0.00016232   7640.720    48.662312   0.345851   0.680370    -424.896 0   0.034731   0.022729   0.009069   0.006456   0.006493   -15.7254   -17.4304   -18.1364   -18.4458   -18.7360     1.7050     2.4110     0.3094
220.494721   3.389966  16.5822  14.7461  13.9643  13.5853  13.3046    0.02560000   0.00018064   7678.314    54.154510   0.345903   0.680472    -387.302 0   0.111713   0.089756   0.036858   0.022233   0.024759   -18.7374   -20.5515   -21.2804   -21.6448   -21.9280     1.8141     2.5430     0.3644
220.481988   3.339105  18.3356  16.6304  15.8724  15.5232  15.2710    0.02550000   0.00015229   7642.429    45.655393   0.350266   0.689056    -423.187 0   0.095635   0.068676   0.031149   0.017710   0.019181   -16.9722   -18.6504   -19.3709   -19.7067   -19.9603     1.6782     2.3987     0.3358
220.247089   3.137076  16.5056  14.6331  13.7716  13.3287  12.9786    0.02660000   0.00016972   7963.717    50.880776   0.350578   0.689668    -101.899 0   0.307586   0.236017   0.085059   0.055873   0.056859   -19.0850   -20.8859   -21.5964   -22.0101   -22.3612     1.8009     2.5115     0.4137
219.824791   3.368350  16.4927  14.6500  13.8539  13.4698  13.1859    0.02790000   0.00016380   8377.131    49.106005   0.350877   0.690257     311.514 0   0.170989   0.130416   0.054019   0.028317   0.034172   -19.0735   -20.8756   -21.5953   -21.9537   -22.2435     1.8021     2.5218     0.3584
220.372984   3.195164  18.6220  17.4360  16.9614  16.7122  16.5626    0.02400000   0.00008979   7196.248    26.918365   0.353109   0.694648    -869.368 0   0.088397   0.026415   0.033283   0.007519  -0.042244   -16.5245   -17.6486   -18.1300   -18.3535   -18.4533     1.1240     1.6055     0.2234
220.424088   3.224415  18.0740  16.3765  15.6237  15.2738  14.9702    0.02760000   0.00014558   8280.328    43.643786   0.365314   0.718659     214.711 0   0.051187   0.041494   0.016056   0.011800   0.011528   -17.3623   -19.0501   -19.7775   -20.1231   -20.4264     1.6878     2.4152     0.3456
219.888481   3.223486  17.7784  16.0626  15.2541  14.8421  14.4859    0.02810000   0.00009991   8429.804    29.952264   0.370183   0.728236     364.188 0   0.147696   0.124345   0.045833   0.028689   0.033419   -17.7722   -19.4646   -20.1946   -20.5894   -20.9504     1.6924     2.4224     0.3949
220.192142   3.098845  17.1673  15.3574  14.5499  14.1781  13.8905    0.02520000   0.00017006   7554.050    50.982705   0.379084   0.745747    -511.566 0   0.153757   0.120699   0.048869   0.027254   0.032274   -18.1727   -19.9496   -20.6852   -21.0354   -21.3281     1.7768     2.5125     0.3502
219.779276   3.578697  19.0407  17.7669  17.0583  16.7510  16.5163    0.02730000   0.00016489   8198.874    49.432778   0.392754   0.772639     133.258 0   0.058333   0.032273   0.015732   0.008891   0.007632   -16.3655   -17.6132   -18.3053   -18.6058   -18.8392     1.2477     1.9398     0.3005
220.526383   3.330747  16.6093  15.5287  15.0782  14.8539  14.6789    0.02530000   0.00009529   7577.314    28.567223   0.394425   0.775927    -488.302 0   0.093658   0.023532   0.037990   0.002739  -0.041825   -18.6793   -19.6898   -20.1547   -20.3438   -20.4742     1.0105     1.4754     0.1890
219.815307   3.677496  17.2747  15.5078  14.7269  14.3626  14.0666    0.02760000   0.00016595   8260.811    49.750558   0.397778   0.782522     195.195 0   0.099945   0.079936   0.033057   0.020408   0.022250   -18.2103   -19.9572   -20.6913   -21.0429   -21.3408     1.7469     2.4809     0.3517
220.544534   3.374647  19.9768  18.4955  17.8063  17.4849  17.2554    0.02650000   0.00014504   7949.477    43.481898   0.397883   0.782728    -116.140 0   0.049893   0.028705   0.013101   0.007954   0.007445   -15.3478   -16.8079   -17.4815   -17.7978   -18.0268     1.4601     2.1337     0.3163
219.753589   3.517470  18.4401  16.6081  15.8685  15.5034  15.2135    0.02810000   0.00016285   8416.493    48.821202   0.406932   0.800530     350.877 0   0.033822   0.027912   0.010331   0.008154   0.007634   -16.9966   -18.8227   -19.5447   -19.9076   -20.1970     1.8261     2.5481     0.3629
219.878896   3.170975  19.0044  18.0922  17.7557  17.5717  17.5889    0.02940000   0.00009483   8810.241    28.429319   0.414279   0.814984     744.625 0   0.078109   0.008435   0.031331  -0.010724  -0.005410   -16.5754   -17.4179   -17.7773   -17.9193   -17.9074     0.8425     1.2019     0.1419
219.907690   3.146672  16.1545  14.2387  13.3731  12.9519  12.6427    0.02950000   0.00012392   8831.976    37.150281   0.414502   0.815422     766.359 0   0.259803   0.200572   0.072120   0.044654   0.050698   -19.6144   -21.4710   -22.2081   -22.6019   -22.9171     1.8566     2.5937     0.3937
220.027483   3.873692  17.7473  16.4212  15.8546  15.5625  15.2348    0.02320000   0.00008382   6952.457    25.128604   0.418386   0.823064   -1113.159 0   0.152046   0.074991   0.062184   0.011118  -0.031416   -17.3888   -18.6378   -19.1916   -19.4326   -19.7178     1.2490     1.8028     0.2410
219.779834   3.657002  17.2443  15.7720  15.1229  14.8106  14.5752    0.02530000   0.00016691   7589.906    50.038359   0.419488   0.825232    -475.711 0   0.039097   0.019616   0.009107   0.005573   0.003557   -17.9897   -19.4425   -20.0811   -20.3899   -20.6233     1.4528     2.0914     0.3088
219.989606   3.083286  18.4901  16.7617  15.9915  15.6238  15.3403    0.02610000   0.00016461   7819.547    49.348837   0.428105   0.842183    -246.070 0   0.105566   0.082860   0.034890   0.020855   0.023017   -16.8869   -18.5926   -19.3149   -19.6685   -19.9542     1.7057     2.4279     0.3537
220.096936   3.039517  18.3843  16.7752  16.0638  15.7347  15.4875    0.02690000   0.00013881   8075.509    41.614191   0.441381   0.868300       9.893 0   0.078681   0.049268   0.023994   0.013174   0.013224   -17.0233   -18.6030   -19.2892   -19.6074   -19.8547     1.5797     2.2658     0.3183
220.159118   3.938043  24.0462  17.9744  17.6778  17.4877  17.3635    0.02840000   0.00007556   8501.125    22.652318   0.461543   0.907964     435.509 0   0.133766   0.029863   0.066546  -0.017543  -0.046615   -11.5429   -17.5108   -17.8441   -17.9501   -18.0452     5.9679     6.3012     0.1060
219.793445   3.181351  18.8620  17.1263  16.3611  15.9911  15.7497    0.02760000   0.00015264   8259.702    45.760321   0.469465   0.923549     194.086 0   0.201207   0.141437   0.067304   0.026940   0.031194   -16.7243   -18.4002   -19.0913   -19.4209   -19.6666     1.6759     2.3670     0.3296
220.554216   3.741245  17.8138  16.3415  15.7209  15.4239  15.1771    0.02540000   0.00014376   7606.484    43.098164   0.474925   0.934290    -459.132 0   0.000555   0.000269   0.000115   0.000078   0.000044   -17.3903   -18.8623   -19.4828   -19.7797   -20.0265     1.4720     2.0925     0.2970
220.588656   3.270837  17.2887  15.5284  14.7328  14.3155  13.9740    0.02420000   0.00008131   7252.849    24.376125   0.475449   0.935320    -812.767 0   0.134572   0.114852   0.042657   0.027124   0.031035   -17.9222   -19.6627   -20.3861   -20.7879   -21.1333     1.7406     2.4640     0.4018
220.575044   3.725620  17.9933  16.3253  15.6408  15.3093  15.0459    0.02580000   0.00014669   7742.200    43.976556   0.484098   0.952335    -323.416 0   0.027760   0.016739   0.006786   0.004726   0.004676   -17.2507   -18.9077   -19.5822   -19.9117   -20.1750     1.6570     2.3315     0.3294
220.377557   3.919419  24.6097  18.2627  17.5902  17.2614  17.0282    0.02900000   0.00014780   8704.654    44.309325   0.493642   0.971109     639.038 0   0.004604   0.003499   0.001277   0.001030   0.000981   -10.8958   -17.2417   -17.9120   -18.2405   -18.4737     6.3459     7.0162     0.3286
220.176358   3.981071  22.5729  17.9633  17.5218  17.2940  17.1780    0.02640000   0.00011981   7901.420    35.918134   0.504862   0.993182    -164.196 0   0.105271   0.033650   0.043436   0.007169  -0.050599   -12.7989   -17.3368   -17.7881   -17.9796   -18.0379     4.5380     4.9893     0.1915
219.921534   3.924033  23.6339  14.7140  13.8859  13.4801  13.1936    0.02800000   0.00050730   8386.424   152.084714   0.506521   0.996446     320.808 0   0.374417   0.290219   0.105855   0.073205   0.063128   -12.1356   -20.9713   -21.6150   -21.9882   -22.2646     8.8357     9.4794     0.3732
220.607102   3.231938  16.2222  14.3441  13.5336  13.1115  12.7572    0.02580000   0.00018625   7742.500    55.836345   0.509597   1.002497    -323.116 0   0.195905   0.156244   0.057367   0.033862   0.040972   -19.1899   -21.0284   -21.7400   -22.1386   -22.5000     1.8384     2.5501     0.3986
220.678145   3.489208  19.2666  17.5913  16.8433  16.4939  16.1561    0.02630000   0.00015893   7879.565    47.646015   0.518146   1.019315    -186.051 0   0.037098   0.031387   0.011642   0.009133   0.008540   -16.0287   -17.6983   -18.4265   -18.7734   -19.1106     1.6696     2.3978     0.3469
219.886784   3.925270  22.1683  17.7916  17.2514  16.9683  16.7223    0.03000000   0.00020348   8980.193    61.001769   0.524721   1.032249     914.577 0   0.083348   0.038058   0.026092   0.011145  -0.004830   -13.4823   -17.8138   -18.3420   -18.6101   -18.8402     4.3314     4.8596     0.2682
220.570357   3.812407  17.5888  15.9008  15.1771  14.8198  14.5236    0.02570000   0.00016435   7715.309    49.270890   0.530342   1.043306    -350.307 0   0.038139   0.029727   0.011343   0.008576   0.008304   -17.6571   -19.3367   -20.0420   -20.3965   -20.6924     1.6796     2.3849     0.3545
219.819769   3.068403  19.8234  18.2846  17.6123  17.2816  17.0274    0.02800000   0.00015075   8389.812    45.193713   0.530408   1.043438     324.196 0   0.043776   0.024924   0.011110   0.006940   0.006448   -15.6154   -17.1354   -17.7939   -18.1204   -18.3741     1.5199     2.1784     0.3265
220.672636   3.634108  18.3388  16.6167  15.8663  15.5611  15.2757    0.02730000   0.00014874   8188.621    44.591130   0.536179   1.054790     123.005 0   0.062704   0.043513   0.018770   0.012002   0.012367   -17.0718   -18.7747   -19.5003   -19.7988   -20.0845     1.7029     2.4286     0.2984
220.685633   3.619419  18.9126  17.4317  16.7797  16.4754  16.2323    0.02680000   0.00017967   8025.234    53.863711   0.544553   1.071264     -40.382 0   0.042812   0.021247   0.010262   0.006047   0.003445   -16.4510   -17.9104   -18.5514   -18.8515   -19.0920     1.4593     2.1004     0.3001
220.620058   3.130536  19.6154  18.0363  17.2971  16.9476  16.7336    0.02650000   0.00015656   7944.620    46.935507   0.575587   1.132315    -120.996 0   0.165814   0.107641   0.058172   0.021413   0.022466   -15.8252   -17.3461   -18.0358   -18.3486   -18.5636     1.5209     2.2107     0.3127
220.717357   3.629948  19.5980  18.3405  17.8670  17.6288  17.5217    0.02690000   0.00023488   8058.661    70.415253   0.577876   1.136817      -6.955 0   0.062901   0.017473   0.019835   0.006218  -0.029674   -15.7939   -17.0059   -17.4818   -17.7064   -17.7776     1.2121     1.6879     0.2246
219.614443   3.274910  17.3475  16.2758  15.9373  15.7381  15.6394    0.02790000   0.00007451   8351.199    22.337536   0.579920   1.140839     285.582 0   0.111775   0.015796   0.055020  -0.018897  -0.016756   -18.1595   -19.1352   -19.5129   -19.6382   -19.7391     0.9757     1.3534     0.1253
220.738554   3.557538  17.4724  15.6706  14.8876  14.5043  14.1778    0.02890000   0.00015594   8671.437    46.749636   0.583938   1.148744     605.821 0   0.061748   0.060617   0.021749   0.016873   0.016122   -18.0536   -19.8542   -20.5984   -20.9768   -21.3025     1.8007     2.5448     0.3784
219.575905   3.521464  17.3112  15.9647  15.3620  15.0468  14.8135    0.02880000   0.00010233   8620.232    30.677762   0.583955   1.148777     554.616 0   0.099167   0.045476   0.034172   0.012679  -0.009578   -18.2446   -19.5374   -20.1288   -20.4225   -20.6336     1.2928     1.8842     0.2937
220.533815   3.925763  24.8829  16.8157  16.1208  15.8227  15.6223    0.02710000   0.00019027   8109.626    57.041511   0.584515   1.149878      44.010 0   0.006009   0.004689   0.001701   0.001385   0.001302   -10.4468   -18.5127   -19.2046   -19.5024   -19.7027     8.0659     8.7578     0.2978
219.741363   3.891799  18.8158  17.7530  17.3461  17.1487  17.0335    0.02540000   0.00008948   7624.532    26.825429   0.588574   1.157863    -441.085 0   0.074170   0.013240   0.027285  -0.001661  -0.022371   -16.4619   -17.4638   -17.8847   -18.0532   -18.1477     1.0019     1.4228     0.1685
220.712992   3.681920  19.2351  18.0550  17.5663  17.2897  17.0651    0.02740000   0.00010276   8224.836    30.806673   0.589708   1.160094     159.220 0   0.125945   0.043956   0.055752   0.004813  -0.060537   -16.2386   -17.3367   -17.8372   -18.0628   -18.2221     1.0981     1.5986     0.2257
220.750797   3.605045  19.7167  18.3033  17.7592  17.4776  17.2977    0.02730000   0.00016610   8191.679    49.795527   0.604337   1.188873     126.063 0   0.098145   0.038071   0.036302   0.011485  -0.033094   -15.7293   -17.0826   -17.6250   -17.8818   -18.0171     1.3533     1.8957     0.2568
219.541280   3.340048  17.2717  15.4811  14.6897  14.3209  14.0242    0.02650000   0.00016864   7951.245    50.557000   0.631696   1.242695    -114.371 0   0.127288   0.102708   0.041454   0.024546   0.028007   -18.1303   -19.8963   -20.6265   -20.9784   -21.2785     1.7660     2.4962     0.3519
220.418790   4.063092  17.1782  15.7852  15.1485  14.8276  14.5907    0.02750000   0.00008431   8233.320    25.275502   0.641272   1.261533     167.704 0   0.008726   0.004525   0.001860   0.001287   0.001030   -18.2077   -19.5965   -20.2305   -20.5508   -20.7875     1.3888     2.0228     0.3203
219.803119   4.011481  19.1949  17.5736  16.8293  16.4394  16.1208    0.02860000   0.00010563   8573.225    31.667077   0.642286   1.263528     507.609 0   0.117778   0.087993   0.039081   0.021428   0.024177   -16.3857   -17.9773   -18.6727   -19.0449   -19.3662     1.5915     2.2869     0.3722
219.778663   3.999170  26.9468  15.9588  15.2216  14.8566  14.5767    0.02690000   0.00015705   8064.567    47.082406   0.646111   1.271053      -1.049 0   0.248494   0.192430   0.069673   0.042312   0.048896    -8.6307   -19.5626   -20.1770   -20.5147   -20.8012    10.9319    11.5464     0.3376
220.052919   2.795415  17.5586  16.5217  16.1511  15.9136  15.7369    0.02980000   0.00079994   8921.224   239.815979   0.689297   1.356009     855.608 0   0.121132   0.023649   0.059565  -0.014514  -0.036134   -18.1152   -19.0546   -19.4612   -19.6246   -19.7797     0.9394     1.3459     0.1634
220.645392   2.978115  19.6209  18.1528  17.4870  17.1299  16.8825    0.02760000   0.00017102   8280.478    51.270506   0.695630   1.368468     214.861 0   0.142259   0.082816   0.052049   0.017513   0.011834   -15.9065   -17.3151   -17.9501   -18.2727   -18.5144     1.4087     2.0437     0.3226
219.883416   4.118510  18.2697  16.9295  16.4106  16.1168  15.9022    0.02540000   0.00011325   7624.532    33.951496   0.698537   1.374186    -441.085 0   0.130631   0.053296   0.055694   0.009232  -0.050321   -17.0645   -18.3273   -18.8486   -19.0960   -19.2510     1.2629     1.7842     0.2473
220.659020   3.978335  16.6338  14.7857  13.9937  13.6102  13.3032    0.02840000   0.00016569   8503.223    49.672612   0.707630   1.392074     437.607 0   0.101564   0.091031   0.033857   0.023025   0.024818   -18.9231   -20.7607   -21.4955   -21.8682   -22.1770     1.8376     2.5724     0.3727
220.263893   4.194127  17.6360  15.9736  15.2659  14.9275  14.6681    0.02710000   0.00014707   8127.703    44.090477   0.725196   1.426631      62.087 0   0.052243   0.034301   0.014656   0.009570   0.009723   -17.7399   -19.3844   -20.0724   -20.4057   -20.6653     1.6445     2.3325     0.3333
219.439299   3.308615  17.6410  15.8606  15.0776  14.7186  14.4277    0.02780000   0.00016055   8336.449    48.131679   0.737928   1.451677     270.833 0   0.094171   0.075471   0.031098   0.019529   0.021052   -17.8541   -19.6158   -20.3544   -20.7018   -20.9942     1.7617     2.5003     0.3474
219.416108   3.537754  19.3143  17.7629  17.0035  16.6334  16.3410    0.02630000   0.00018112   7882.263    54.298410   0.744249   1.464113    -183.353 0   0.118939   0.087170   0.039582   0.021140   0.023852   -16.0628   -17.5825   -18.2943   -18.6459   -18.9410     1.5196     2.2314     0.3517
219.446844   3.234670  18.0273  16.9166  16.3472  16.0066  15.8112    0.02550000   0.00008865   7655.230    26.576601   0.751044   1.477480    -410.386 0   0.184845   0.184598   0.114168  -0.010552  -0.102054   -17.3697   -18.4801   -18.9791   -19.1950   -19.2989     1.1105     1.6094     0.2159
220.002363   4.213081  16.7051  15.5690  15.1854  14.9750  14.9459    0.02690000   0.00008411   8055.753    25.215544   0.753033   1.481393      -9.863 0   0.084376   0.014158   0.034069  -0.004810  -0.021946   -18.7082   -19.7741   -20.1776   -20.3492   -20.3611     1.0659     1.4694     0.1715
219.438978   3.807063  16.7040  14.9494  14.1904  13.8303  13.5405    0.02860000   0.00016792   8576.613    50.341150   0.791255   1.556584     510.996 0   0.075145   0.060519   0.024483   0.016387   0.016952   -18.8340   -20.5740   -21.2970   -21.6490   -21.9393     1.7400     2.4629     0.3520
219.404401   3.722441  18.7919  17.4891  16.8801  16.5983  16.3535    0.02470000   0.00009823   7419.084    29.448613   0.792536   1.559105    -646.532 0   0.023425   0.010198   0.004881   0.003186  -0.000414   -16.3740   -17.6636   -18.2673   -18.5474   -18.7886     1.2896     1.8933     0.2801
220.289291   2.686833  17.7120  16.3188  15.6754  15.3589  15.1379    0.02690000   0.00014751   8072.781    44.222385   0.800272   1.574323       7.165 0   0.056631   0.027949   0.014701   0.007926   0.003782   -17.6736   -19.0381   -19.6683   -19.9780   -20.1948     1.3645     1.9947     0.3097
220.931439   3.217061  19.0410  17.4827  16.7610  16.3984  16.1636    0.02600000   0.00014135   7799.071    42.375664   0.813307   1.599967    -266.545 0   0.179041   0.117098   0.062854   0.021874   0.022651   -16.3926   -17.8890   -18.5564   -18.8781   -19.1136     1.4964     2.1638     0.3216
219.347408   3.372652  19.6846  18.0458  17.3468  17.0745  16.8041    0.02800000   0.00016542   8383.007    49.591668   0.816926   1.607085     317.390 0   0.034248   0.018174   0.007979   0.005113   0.004202   -15.7447   -17.3674   -18.0562   -18.3257   -18.5952     1.6227     2.3115     0.2694
219.814683   2.728029  16.1744  14.2556  13.4585  13.0435  12.7594    0.02790000   0.00019964   8359.743    59.850566   0.823690   1.620391     294.126 0   0.116862   0.102519   0.038081   0.025078   0.027862   -19.3377   -21.2421   -21.9748   -22.3768   -22.6637     1.9045     2.6371     0.4020
220.885229   3.892836  22.2151  16.9111  16.2755  15.9634  15.7403    0.02760000   0.00017098   8285.064    51.258514   0.835773   1.644161     219.448 0   0.008346   0.005089   0.001965   0.001450   0.001447   -13.1783   -18.4791   -19.1116   -19.4232   -19.6462     5.3007     5.9332     0.3116
220.964518   3.714588  17.9146  16.5634  15.9841  15.6740  15.4129    0.02720000   0.00008232   8140.295    24.678915   0.838355   1.649241      74.678 0   0.136908   0.064506   0.055499   0.012472  -0.027636   -17.5540   -18.8328   -19.4031   -19.6702   -19.8912     1.2788     1.8491     0.2671
220.913090   3.097906  19.1549  18.1251  17.7068  17.5351  17.4072    0.02550000   0.00010577   7645.067    31.709048   0.842373   1.657146    -420.549 0   0.028602   0.004457   0.006974  -0.000064  -0.007663   -16.0858   -17.0915   -17.5123   -17.6770   -17.7973     1.0057     1.4265     0.1647
219.480768   3.984534  26.2877  15.5343  14.7759  14.3993  14.0997    0.02920000   0.00008287   8760.145    24.843801   0.846567   1.665396     694.529 0   0.185721   0.149408   0.054983   0.032600   0.039412    -9.4063   -20.1233   -20.7873   -21.1415   -21.4480    10.7171    11.3811     0.3542
220.945059   3.115189  18.3865  17.3383  16.8543  16.6417  16.5277    0.02520000   0.00010018   7539.810    30.033208   0.863625   1.698953    -525.806 0   0.002760   0.000695   0.000581   0.000311  -0.001281   -16.8025   -17.8487   -18.3326   -18.5449   -18.6573     1.0461     1.5300     0.2123
219.894148   2.650968  18.1233  17.0290  16.6342  16.4367  16.2631    0.02360000   0.00020559   7086.494    61.634331   0.866889   1.705375    -979.122 0   0.091937   0.017647   0.038425  -0.003481  -0.029694   -17.0115   -18.0315   -18.4471   -18.6027   -18.7501     1.0200     1.4356     0.1556
221.024618   3.577170  17.7810  16.2589  15.6273  15.3286  15.1209    0.02570000   0.00014408   7695.193    43.194097   0.869671   1.710848    -370.424 0   0.042923   0.020622   0.010223   0.005958   0.002429   -17.4697   -18.9695   -19.5907   -19.8851   -20.0893     1.4998     2.1210     0.2944
219.287215   3.493103  17.7363  16.8413  16.5550  16.3960  16.2666    0.03280000   0.00002734   9846.833     8.196326   0.870539   1.712555    1781.217 1   0.001502   0.000131   0.000333  -0.000143  -0.000055   -18.0128   -18.9064   -19.1929   -19.3515   -19.4810     0.8936     1.1801     0.1585
219.409175   3.945851  22.7344  16.2476  15.5708  15.2380  15.0065    0.02480000   0.00014938   7440.789    44.782997   0.883606   1.738260    -624.827 0   0.007428   0.007485   0.002590   0.002266   0.001874   -12.4028   -18.8897   -19.5616   -19.8941   -20.1252     6.4869     7.1588     0.3325
221.028991   3.680238  18.5746  16.9948  16.3025  15.9711  15.7026    0.02620000   0.00015139   7852.524    45.385580   0.891775   1.754332    -213.092 0   0.044542   0.027843   0.011876   0.007785   0.007801   -16.7413   -18.3044   -18.9807   -19.3080   -19.5765     1.5631     2.2394     0.3273
219.508070   4.104618  19.1477  17.7414  17.1083  16.7944  16.6020    0.02730000   0.00021377   8183.015    64.086634   0.903850   1.778085     117.399 0   0.049982   0.024080   0.012500   0.006929   0.002620   -16.2502   -17.6306   -18.2521   -18.5604   -18.7485     1.3804     2.0019     0.3083
221.022505   3.793943  18.9438  17.6136  17.0359  16.7447  16.4269    0.02720000   0.00019394   8150.428    58.141749   0.918328   1.806566      84.811 0   0.102745   0.045075   0.036876   0.012690  -0.017850   -16.4907   -17.7632   -18.3327   -18.5997   -18.8870     1.2725     1.8420     0.2670
219.237377   3.518484  17.2190  15.3243  14.5056  14.1024  13.7809    0.02450000   0.00018065   7350.012    54.157508   0.921084   1.811988    -715.605 0   0.168726   0.138100   0.050972   0.030808   0.036756   -18.0744   -19.9385   -20.6701   -21.0531   -21.3806     1.8641     2.5956     0.3830
219.237027   3.224991  17.6819  16.2184  15.5664  15.3797  14.8148    0.02600000   0.00015168   7792.955    45.472520   0.954218   1.877171    -272.661 0   0.005094   0.002722   0.001105   0.000772   0.000669   -17.5778   -19.0389   -19.6893   -19.8757   -20.4404     1.4611     2.1115     0.1864
219.204383   3.570678  17.6898  16.1924  15.5194  15.1971  14.9520    0.02670000   0.00017808   8018.189    53.387041   0.957702   1.884024     -47.427 0   0.044301   0.025006   0.011233   0.006960   0.006379   -17.6755   -19.1536   -19.8128   -20.1308   -20.3753     1.4781     2.1373     0.3180
219.713927   4.328174  17.4793  15.8299  15.1191  14.7668  14.5024    0.02540000   0.00016400   7606.214    49.165963   0.960670   1.889864    -459.402 0   0.053879   0.037000   0.015549   0.010343   0.010541   -17.7781   -19.4107   -20.1000   -20.4471   -20.7117     1.6325     2.3219     0.3471
219.644124   4.294269  18.0712  16.4225  15.6573  15.2981  15.0026    0.02870000   0.00015960   8601.315    47.846876   0.965958   1.900266     535.699 0   0.097450   0.073599   0.031995   0.018903   0.020595   -17.4753   -19.1001   -19.8237   -20.1698   -20.4670     1.6248     2.3484     0.3461
220.123886   2.502850  17.8284  16.0855  15.3160  14.9241  14.6464    0.02740000   0.00016531   8199.504    49.558691   0.974288   1.916653     133.887 0   0.180458   0.131259   0.058422   0.027247   0.033019   -17.6998   -19.3935   -20.0902   -20.4509   -20.7343     1.6937     2.3904     0.3607
221.042998   3.045971  18.0417  17.2821  17.0570  16.8980  16.8110    0.03050000   0.00008134   9132.967    24.385119   0.981622   1.931082    1067.351 1   0.007393   0.000632   0.001636  -0.000719  -0.000233   -17.5477   -18.3005   -18.5266   -18.6832   -18.7707     0.7528     0.9789     0.1566
221.062193   3.028291  16.8254  15.9555  15.5771  15.3383  15.1510    0.03030000   0.00007337   9071.000    21.995773   1.006623   1.980264    1005.384 1   0.134350   0.025707   0.068674  -0.024068  -0.035702   -18.8765   -19.6378   -20.0592   -20.2052   -20.3809     0.7613     1.1826     0.1461
220.980093   4.096971  18.0601  16.7732  16.2273  15.9520  15.9036    0.02540000   0.00018187   7625.311    54.523254   1.027799   2.021923    -440.305 0   0.003842   0.001379   0.000771   0.000550  -0.000991   -17.1473   -18.4317   -18.9770   -19.2521   -19.2990     1.2844     1.8297     0.2751
219.294110   4.065079  17.5129  15.9651  15.3232  15.0013  14.7825    0.02810000   0.00016817   8417.393    50.416098   1.045014   2.055788     351.776 0   0.048908   0.024618   0.012248   0.006949   0.004174   -17.9389   -19.4624   -20.0919   -20.4085   -20.6245     1.5235     2.1530     0.3166
220.635986   4.430458  16.2622  14.6835  13.9587  13.5767  13.2608    0.02730000   0.00015738   8169.794    47.181337   1.066079   2.097227     104.178 0   0.056139   0.044920   0.017687   0.012637   0.012553   -19.1418   -20.7093   -21.4069   -21.7838   -22.0996     1.5675     2.2650     0.3770
220.318241   2.416904  19.1957  17.4606  17.1481  16.9374  16.9524    0.02720000   0.00009853   8161.610    29.538551   1.071422   2.107739      95.994 0   0.135081   0.020997   0.071299  -0.032155  -0.021958   -16.2711   -17.8921   -18.2549   -18.3622   -18.3574     1.6210     1.9838     0.1072
219.096116   3.272089  19.2379  18.1010  17.7457  17.5814  17.6567    0.02620000   0.00023811   7848.447    71.383582   1.080636   2.125865    -217.170 0   0.075775   0.007941   0.029785  -0.010395  -0.004575   -16.1092   -17.1783   -17.5554   -17.6795   -17.6101     1.0691     1.4462     0.1241
220.881274   4.308994  17.6223  16.6337  16.2713  16.0612  15.9743    0.02550000   0.00008411   7641.410    25.215544   1.101145   2.166210    -424.206 0   0.101264   0.014792   0.046721  -0.013061  -0.017807   -17.6911   -18.5932   -18.9876   -19.1379   -19.2200     0.9021     1.2965     0.1503
219.042074   3.365923  17.4148  15.8840  15.1961  14.8440  14.5464    0.02710000   0.00016564   8135.048    49.657623   1.120539   2.204364      69.432 0   0.004158   0.002866   0.001070   0.000831   0.000824   -17.9130   -19.4425   -20.1286   -20.4805   -20.7781     1.5295     2.2156     0.3519
219.787860   4.551813  18.1591  17.2718  16.9099  16.7471  16.5819    0.01540000   0.00008759   4618.693    26.258821   1.137403   2.237538   -3446.924 1   0.064780   0.006837   0.023217  -0.007847  -0.004483   -16.0291   -16.8584   -17.2367   -17.3684   -17.5370     0.8294     1.2076     0.1317
219.028534   3.629687  18.5358  16.8599  16.1401  15.8000  15.5205    0.02910000   0.00015345   8718.324    46.003153   1.138934   2.240551     652.708 0   0.061269   0.042004   0.018166   0.011600   0.011930   -17.0262   -18.6828   -19.3788   -19.7123   -19.9922     1.6566     2.3526     0.3335
220.856900   4.379072  16.3191  14.5217  13.7350  13.3471  13.0628    0.02640000   0.00018499   7926.692    55.458607   1.140014   2.242675    -138.924 0   0.139078   0.110615   0.044873   0.025767   0.029933   -19.0865   -20.8554   -21.5764   -21.9451   -22.2336     1.7689     2.4899     0.3688
221.294832   3.332774  18.2074  16.5636  15.8657  15.5140  15.2326    0.02650000   0.00014719   7958.950    44.126452   1.142618   2.247798    -106.666 0   0.033269   0.022880   0.008944   0.006545   0.006543   -17.1006   -18.7340   -19.4180   -19.7673   -20.0487     1.6334     2.3174     0.3493
221.318117   3.403991  17.0499  15.2531  14.4668  14.0936  13.7896    0.02770000   0.00016393   8296.217    49.144978   1.159054   2.280132     230.600 0   0.093990   0.080127   0.031342   0.020701   0.022114   -18.4371   -20.2200   -20.9575   -21.3201   -21.6255     1.7829     2.5205     0.3626
221.061436   4.218553  16.5756  14.7880  14.0001  13.6136  13.2944    0.02560000   0.00018429   7670.850    55.248752   1.166910   2.295585    -394.767 0   0.072947   0.067200   0.024955   0.018218   0.018251   -18.7052   -20.4871   -21.2327   -21.6125   -21.9317     1.7819     2.5275     0.3798
220.351948   4.635364  19.0188  17.7152  17.0887  16.6894  16.3618    0.04020000   0.00008727  12048.569    26.162888   1.174726   2.310961    3982.953 1   0.235353   0.192643   0.109776   0.022407  -0.040785   -17.4288   -18.6897   -19.2333   -19.5453   -19.8097     1.2609     1.8045     0.3119
219.035439   3.113492  17.8004  16.1405  15.3984  15.0460  14.7728    0.02750000   0.00015690   8241.744    47.037437   1.178970   2.319311     176.128 0   0.091205   0.064533   0.029422   0.016837   0.018062   -17.6680   -19.3012   -20.0082   -20.3480   -20.6224     1.6332     2.3402     0.3398
220.711513   4.534298  18.3060  17.2817  16.8952  16.6975  16.6228    0.02860000   0.00007864   8562.762    23.575679   1.192838   2.346593     497.146 0   0.075026   0.011252   0.028353  -0.004865  -0.015979   -17.2319   -18.1924   -18.5960   -18.7605   -18.8241     0.9605     1.3641     0.1645
219.111279   2.866134  18.0163  16.2775  15.4912  15.1067  14.8156    0.02840000   0.00016143   8513.266    48.395496   1.211053   2.382425     447.650 0   0.168946   0.126122   0.054263   0.027222   0.032805   -17.6080   -19.3040   -20.0184   -20.3759   -20.6726     1.6960     2.4104     0.3575
221.258810   2.921039  19.4177  18.0007  17.5190  17.2543  17.1738    0.02750000   0.00018404   8242.734    55.173804   1.230135   2.419965     177.117 0   0.085215   0.027228   0.030888   0.008829  -0.039468   -16.0447   -17.4037   -17.8890   -18.1317   -18.1639     1.3590     1.8444     0.2426
219.000366   3.899916  17.2150  15.5936  14.8463  14.4753  14.1637    0.02850000   0.00008602   8541.747    25.788147   1.231763   2.423167     476.130 0   0.084474   0.066163   0.027572   0.017578   0.018610   -18.3247   -19.9278   -20.6365   -20.9975   -21.3101     1.6031     2.3118     0.3610
219.234344   4.293163  18.4153  17.5446  17.2936  17.1626  17.0624    0.02790000   0.00008012   8363.550    24.019372   1.232539   2.424694     297.934 0   0.008906   0.000782   0.001969  -0.000830  -0.000361   -16.9888   -17.8514   -18.1036   -18.2318   -18.3324     0.8626     1.1148     0.1282
221.405611   3.433411  17.6575  16.1343  15.4215  15.0608  14.7973    0.02770000   0.00014794   8289.411    44.351296   1.244863   2.448939     223.795 0   0.120338   0.076929   0.041035   0.018352   0.019002   -17.8558   -19.3356   -20.0125   -20.3506   -20.6147     1.4798     2.1567     0.3380
218.947522   3.833377  19.5042  18.0269  17.4859  17.1815  17.0043    0.02480000   0.00023267   7441.688    69.752711   1.261002   2.480686    -623.928 0   0.114799   0.047852   0.045317   0.011985  -0.034235   -15.7404   -17.1508   -17.6892   -17.9603   -18.0913     1.4104     1.9488     0.2711
219.023465   2.913727  18.5743  17.4451  16.9946  16.7419  16.5047    0.02700000   0.00008482   8108.846    25.428396   1.265647   2.489825      43.230 0   0.116017   0.034296   0.051652   0.002270  -0.055968   -16.8788   -17.9263   -18.3941   -18.5974   -18.7764     1.0475     1.5153     0.2033
218.898932   3.689242  17.0694  15.4542  14.6128  14.1700  13.8283    0.02770000   0.00011721   8317.262    35.138674   1.275811   2.509821     251.646 0   0.400368   0.343657   0.145252   0.078729   0.046891   -18.7240   -20.2825   -20.9255   -21.3017   -21.6116     1.5585     2.2015     0.3763
220.700978   4.633185  17.1469  16.2231  15.7882  15.5360  15.3394    0.02880000   0.00007395   8634.532    22.169652   1.276857   2.511878     568.916 0   0.117244   0.029957   0.054151  -0.003195  -0.051298   -18.4270   -19.2635   -19.7226   -19.9174   -20.0659     0.8365     1.2956     0.1949
219.008403   2.851605  16.9881  15.1414  14.3438  13.9622  13.6579    0.02880000   0.00017766   8629.616    53.261128   1.307653   2.572461     564.000 0   0.107800   0.094908   0.035596   0.023674   0.025878   -18.5763   -20.4101   -21.1484   -21.5181   -21.8246     1.8338     2.5721     0.3697
219.307076   2.476636  19.9266  18.3373  17.6504  17.3028  17.0360    0.02590000   0.00015010   7762.256    44.998848   1.312697   2.582383    -303.360 0   0.041692   0.026489   0.011067   0.007440   0.007486   -15.3613   -16.9353   -17.6068   -17.9508   -18.2176     1.5741     2.2456     0.3440
218.844581   3.573227  18.4926  17.0622  16.3796  16.0021  15.7070    0.03040000   0.00015578   9099.750    46.701669   1.315760   2.588409    1034.134 1   0.249414   0.196383   0.106755   0.030420  -0.011208   -17.3316   -18.7090   -19.3019   -19.6031   -19.8566     1.3774     1.9703     0.3012
218.859324   3.807994  17.7381  16.3820  15.7784  15.4446  15.2100    0.03030000   0.00017839   9078.015    53.479977   1.339162   2.634445    1012.399 1   0.159804   0.084611   0.063541   0.012805  -0.018237   -17.9893   -19.2702   -19.8527   -20.1358   -20.3393     1.2809     1.8634     0.2831
220.514246   4.780164  18.5536  17.7366  17.3940  17.1789  17.0759    0.03310000   0.00007436   9934.163    22.292567   1.350975   2.657686    1868.546 1   0.109780   0.014870   0.053710  -0.018763  -0.014680   -17.3383   -18.0604   -18.4419   -18.5845   -18.6916     0.7221     1.1035     0.1426
221.515380   3.454725  19.0033  17.8061  17.3003  17.0193  16.7911    0.02540000   0.00008797   7602.197    26.372743   1.353859   2.663359    -463.419 0   0.128808   0.049323   0.055908   0.007439  -0.056629   -16.3291   -17.4468   -17.9592   -18.1917   -18.3558     1.1177     1.6301     0.2325
218.813640   3.666371  17.6734  16.6388  16.3688  16.1843  16.0832    0.03020000   0.00007193   9062.876    21.564072   1.356439   2.668434     997.260 1   0.085787   0.009352   0.036629  -0.012948  -0.005771   -17.9801   -18.9383   -19.2355   -19.3705   -19.4787     0.9582     1.2554     0.1349
221.475713   3.137938  17.9829  16.8176  16.4691  16.2822  16.1634    0.03060000   0.00008012   9165.045    24.019372   1.357003   2.669543    1099.429 1   0.097517   0.014134   0.043951  -0.011798  -0.017142   -17.7252   -18.8071   -19.1854   -19.3166   -19.4300     1.0819     1.4602     0.1312
218.812422   3.700388  19.1430  18.0054  17.5449  17.3014  17.1545    0.02860000   0.00018598   8581.889    55.755401   1.362816   2.680980     516.273 0   0.092410   0.024987   0.036639   0.004763  -0.043319   -16.4123   -17.4825   -17.9546   -18.1662   -18.2651     1.0702     1.5423     0.2116
218.896075   4.054416  18.9257  17.4459  16.8068  16.4846  16.1652    0.02980000   0.00014446   8946.017    43.308018   1.386941   2.728438     880.401 1   0.008136   0.004355   0.001765   0.001235   0.001075   -16.6351   -18.1111   -18.7477   -19.0693   -19.3886     1.4760     2.1125     0.3217
218.790791   3.746203  18.9307  17.4691  16.8361  16.4898  16.1760    0.03170000   0.00008120   9500.633    24.343148   1.392263   2.738909    1435.017 1   0.002580   0.001458   0.000579   0.000413   0.000392   -16.7596   -18.2201   -18.8522   -19.1984   -19.5121     1.4605     2.0926     0.3461
221.466519   2.871681  19.6309  17.9031  17.3170  16.9862  16.7229    0.02740000   0.00015321   8208.707    45.931202   1.438265   2.829405     143.091 0   0.002896   0.001649   0.000653   0.000468   0.000447   -15.7197   -17.4463   -18.0314   -18.3620   -18.6253     1.7266     2.3117     0.3306
221.540982   3.057779  17.6438  15.9565  15.2011  14.8448  14.5722    0.02850000   0.00016003   8530.954    47.975787   1.441398   2.835568     465.338 0   0.100060   0.073969   0.032868   0.018878   0.020651   -17.9115   -19.5727   -20.2870   -20.6293   -20.9037     1.6612     2.3755     0.3423
218.710952   3.645158  16.7387  15.4895  14.8840  14.5652  14.2966    0.02820000   0.00100869   8442.126   302.397654   1.455388   2.863090     376.509 0   0.130229   0.064682   0.050195   0.014197  -0.011024   -18.8022   -19.9858   -20.5768   -20.8596   -21.1030     1.1837     1.7747     0.2828
221.591444   3.756607  20.0216  18.5960  17.9233  17.5864  17.3414    0.02820000   0.00017840   8459.394    53.482975   1.456791   2.865850     393.777 0   0.076537   0.043919   0.022744   0.011820   0.010506   -15.4656   -16.8585   -17.5101   -17.8361   -18.0797     1.3930     2.0445     0.3260
221.477790   4.101867  18.6549  17.4564  16.9753  16.7342  16.5931    0.02530000   0.00016656   7580.702    49.933432   1.457179   2.866613    -484.914 0   0.094921   0.028030   0.037559   0.006534  -0.045631   -16.6350   -17.7666   -18.2572   -18.4673   -18.5562     1.1316     1.6222     0.2101
220.034651   4.932452  17.5129  16.2541  15.6747  15.3650  15.1188    0.02530000   0.00007688   7570.329    23.048044   1.461250   2.874622    -495.287 0   0.151235   0.073502   0.062255   0.010618  -0.034725   -17.8333   -19.0143   -19.5825   -19.8405   -20.0414     1.1811     1.7492     0.2581
218.708983   3.265167  19.8723  18.1672  17.5489  17.2622  17.0761    0.02600000   0.00075456   7784.831   226.211397   1.462894   2.877855    -280.786 0   0.038142   0.016794   0.008565   0.005183  -0.000662   -15.4204   -17.1042   -17.7142   -17.9976   -18.1778     1.6838     2.2938     0.2833
219.175318   2.385696  16.5399  15.8280  15.6043  15.5037  15.4426    0.02260000   0.00008204   6786.132    24.594973   1.467760   2.887428   -1279.484 1   0.006013   0.000507   0.001332  -0.000597  -0.000165   -18.3929   -19.0992   -19.3238   -19.4224   -19.4840     0.7064     0.9309     0.0987
218.694503   3.341578  17.0222  15.1008  14.1762  13.6674  13.1985    0.02760000   0.00018084   8287.193    54.214468   1.468214   2.888323     221.577 0   0.551112   0.438608   0.162754   0.109103   0.076651   -18.9140   -20.7229   -21.3717   -21.8268   -22.2633     1.8089     2.4576     0.4551
220.914712   2.216508  19.1660  17.4904  16.6351  16.1618  15.7552    0.03220000   0.00010883   9658.414    32.626413   1.468428   2.888742    1592.797 1   0.432511   0.366955   0.149538   0.087179   0.055701   -16.9954   -18.6054   -19.2433   -19.6542   -20.0293     1.6100     2.2479     0.4109
218.690415   3.340260  17.9825  16.6736  16.0846  15.7858  15.5791    0.02760000   0.00009283   8262.940    27.829734   1.472399   2.896554     197.323 0   0.094785   0.041910   0.032283   0.012202  -0.012841   -17.4974   -18.7534   -19.3328   -19.6115   -19.7932     1.2560     1.8354     0.2787
219.212889   4.609306  18.4929  17.6860  17.4103  17.1914  16.8704    0.02470000   0.00008667   7395.790    25.983012   1.474945   2.901563    -669.826 0   0.117022   0.015295   0.059721  -0.023952  -0.013026   -16.7666   -17.4718   -17.7919   -17.9271   -18.2590     0.7052     1.0253     0.1352
221.620211   3.236748  18.9004  17.4396  16.8457  16.5570  16.3288    0.02620000   0.00014663   7863.466    43.958568   1.477899   2.907375    -202.150 0   0.055578   0.024032   0.014353   0.007534  -0.003566   -16.4265   -17.8558   -18.4400   -18.7219   -18.9390     1.4293     2.0135     0.2819
218.675470   3.297116  16.7132  15.6214  15.0427  14.7952  14.5679    0.02720000   0.00011089   8167.306    33.243986   1.491824   2.934768     101.690 0   0.060207   0.022419   0.017030   0.008243  -0.017113   -18.6787   -19.7327   -20.3061   -20.5448   -20.7467     1.0540     1.6273     0.2387
218.717151   3.886723  18.3467  16.7692  16.0242  15.6492  15.3309    0.02980000   0.00015448   8933.515    46.311939   1.496710   2.944380     867.899 1   0.094408   0.072292   0.030967   0.018705   0.020257   -17.3004   -18.8558   -19.5595   -19.9222   -20.2420     1.5554     2.2591     0.3627
221.260151   4.507150  16.8856  15.5978  15.1123  14.8529  14.7030    0.02750000   0.00014641   8252.627    43.892614   1.506611   2.963857     187.011 0   0.098012   0.031446   0.038718   0.008167  -0.046499   -18.5896   -19.8108   -20.3036   -20.5324   -20.6277     1.2212     1.7140     0.2288
218.660171   3.187123  18.3682  17.1850  16.6020  16.3485  16.2091    0.02900000   0.00018723   8707.412    56.130142   1.523996   2.998059     641.796 0   0.002911   0.001056   0.000583   0.000415  -0.000709   -17.1356   -18.3169   -18.8995   -19.1528   -19.2911     1.1813     1.7639     0.2533
218.735041   4.058095  19.0873  17.3475  16.6398  16.3256  16.0550    0.02950000   0.00015025   8848.704    45.043817   1.535912   3.021499     783.088 1   0.028183   0.018259   0.007215   0.005196   0.005223   -16.4500   -18.1799   -18.8765   -19.1887   -19.4593     1.7299     2.4265     0.3122
218.667877   3.086231  19.1563  17.9625  17.5930  17.3780  17.2203    0.02880000   0.00009646   8635.552    28.917980   1.538888   3.027354     569.935 0   0.102198   0.018642   0.046060  -0.007863  -0.029217   -16.4025   -17.5128   -17.9097   -18.0708   -18.2071     1.1102     1.5072     0.1611
218.620874   3.366721  19.6836  18.1036  17.3881  17.0617  16.7683    0.03020000   0.00019246   9064.615    57.698056   1.539414   3.028389     998.998 1   0.033027   0.021896   0.008670   0.006234   0.006265   -15.9171   -17.4860   -18.1883   -18.5123   -18.8057     1.5689     2.2711     0.3240
220.834663   2.089890  17.7002  16.7588  16.3755  16.1622  16.0521    0.02760000   0.00007456   8286.084    22.352526   1.541837   3.033155     220.467 0   0.085038   0.013312   0.034788  -0.006349  -0.019096   -17.7699   -18.6396   -19.0444   -19.2166   -19.3139     0.8697     1.2744     0.1722
218.625648   3.669519  18.8521  17.3400  16.6799  16.3546  16.1596    0.02600000   0.00013339   7800.570    39.989316   1.542851   3.035151    -265.047 0   0.075079   0.038925   0.021893   0.010700   0.006276   -16.4776   -17.9535   -18.5966   -18.9107   -19.1013     1.4759     2.1190     0.3141
220.269900   5.017406  17.5534  16.3889  15.9224  15.6489  15.4185    0.02560000   0.00008519   7677.685    25.539319   1.544862   3.039107    -387.931 0   0.125702   0.041634   0.056410   0.002904  -0.061538   -17.7802   -18.8606   -19.3419   -19.5619   -19.7278     1.0804     1.5617     0.2200
218.611078   3.709548  18.1035  16.4157  15.6676  15.2892  15.0343    0.03000000   0.00015626   9004.806    46.845569   1.562748   3.074292     939.190 1   0.186473   0.127369   0.063497   0.024378   0.027800   -17.6503   -19.2790   -19.9632   -20.3025   -20.5608     1.6287     2.3129     0.3393
218.602577   3.667795  18.8115  17.1995  16.4850  16.1425  15.8900    0.03350000   0.00015303  10057.198    45.877240   1.565490   3.079686    1991.581 1   0.068947   0.043901   0.020381   0.011952   0.012119   -17.0511   -18.6380   -19.3290   -19.6631   -19.9157     1.5870     2.2779     0.3341
218.571391   3.394037  18.4874  16.9464  16.2280  15.8687  15.5899    0.02880000   0.00016945   8644.875    50.799832   1.587031   3.122062     579.259 0   0.122072   0.080597   0.041477   0.019191   0.020675   -17.0913   -18.5908   -19.2701   -19.6071   -19.8874     1.4995     2.1788     0.3370
218.579227   3.664391  16.7328  14.7975  13.9557  13.5513  13.2409    0.03360000   0.00018464  10069.159    55.353679   1.588218   3.124398    2003.543 1   0.205046   0.162168   0.059589   0.034933   0.042280   -19.2657   -21.1581   -21.8974   -22.2771   -22.5949     1.8924     2.6316     0.3797
218.719468   4.165721  18.0700  16.8824  16.4128  16.1506  15.9918    0.03300000   0.00009088   9906.222    27.245139   1.593811   3.135400    1840.606 1   0.103498   0.031063   0.042926   0.005881  -0.050003   -17.8158   -18.9310   -19.4124   -19.6376   -19.7405     1.1152     1.5966     0.2252
218.696683   2.822492  17.5460  16.7466  16.4412  16.2639  16.1382    0.02840000   0.00008056   8505.142    24.151280   1.599631   3.146849     439.526 0   0.077452   0.008426   0.030857  -0.010418  -0.005618   -17.9868   -18.7172   -19.0450   -19.1810   -19.3115     0.7304     1.0582     0.1360
218.561592   3.671582  20.0554  18.3299  17.5696  17.2069  16.9841    0.02980000   0.00016723   8926.980    50.134293   1.606556   3.160473     861.364 1   0.188197   0.128005   0.064372   0.024167   0.027242   -15.6855   -17.3508   -18.0475   -18.3700   -18.5958     1.6653     2.3620     0.3225
219.883979   5.059810  18.4981  17.2139  16.7645  16.5030  16.3973    0.02760000   0.00017775   8281.797    53.288109   1.606965   3.161278     216.180 0   0.118818   0.034301   0.053807   0.000444  -0.056654   -17.0058   -18.2055   -18.6744   -18.8825   -18.9311     1.1997     1.6686     0.2081
218.686102   2.823358  18.2507  17.5041  17.4056  17.3559  17.2744    0.02810000   0.00008237   8432.023    24.693905   1.608922   3.165128     366.406 0   0.000305   0.000026   0.000068  -0.000030  -0.000010   -17.1525   -17.8988   -17.9973   -18.0469   -18.1285     0.7463     0.8449     0.0496
218.651986   2.900479  18.8947  17.2382  16.6057  16.1733  15.9007    0.02920000   0.00009176   8743.567    27.508956   1.610944   3.169106     677.951 1   0.219603   0.152011   0.085154   0.021711   0.006049   -16.8331   -18.4221   -18.9877   -19.3567   -19.6136     1.5889     2.1546     0.3690
219.177058   4.757514  18.8087  17.4324  16.7776  16.4442  16.2870    0.02760000   0.00016531   8268.966    49.558691   1.613087   3.173322     203.349 0   0.082669   0.042505   0.025193   0.011582   0.005573   -16.6591   -17.9952   -18.6327   -18.9525   -19.1037     1.3361     1.9736     0.3198
221.057162   2.134642  17.0086  15.7988  15.2514  14.9625  14.7326    0.02730000   0.00008955   8189.311    26.846415   1.613677   3.174482     123.694 0   0.116151   0.047490   0.046591   0.011564  -0.038252   -18.4554   -19.5966   -20.1431   -20.3969   -20.5770     1.1411     1.6876     0.2539
218.655372   2.882390  16.4461  15.2513  14.6523  14.3219  14.0771    0.02930000   0.00009159   8796.450    27.457991   1.614357   3.175820     730.834 1   0.203615   0.163576   0.104515   0.004588  -0.082446   -19.2732   -20.4280   -20.9679   -21.1984   -21.3562     1.1548     1.6947     0.2305
218.700986   2.774751  19.0535  17.8240  17.2005  16.8844  16.6347    0.02850000   0.00019378   8541.207    58.093783   1.615865   3.178786     475.591 0   0.006384   0.003077   0.001316   0.000896   0.000480   -16.4081   -17.6343   -18.2560   -18.5717   -18.8210     1.2262     1.8479     0.3157
219.343393   4.873299  19.3302  18.0440  17.5967  17.3568  17.2352    0.02860000   0.00010548   8577.242    31.622108   1.616830   3.180685     511.626 0   0.103148   0.027518   0.043812   0.002695  -0.047674   -16.2358   -17.4464   -17.9100   -18.1088   -18.1800     1.2106     1.6742     0.1988
218.537643   3.457084  18.7391  17.8471  17.5187  17.3401  17.1711    0.02710000   0.00008139   8130.731    24.400108   1.618689   3.184342      65.115 0   0.096550   0.011006   0.044333  -0.016181  -0.007332   -16.6811   -17.4876   -17.8493   -17.9674   -18.1452     0.8065     1.1682     0.1181
218.565131   3.831432  18.2617  17.0841  16.6063  16.3499  16.1395    0.02880000   0.00008918   8640.139    26.735491   1.630242   3.207069     574.522 0   0.122696   0.040216   0.054638   0.003542  -0.059979   -17.3176   -18.4128   -18.9050   -19.1103   -19.2572     1.0951     1.5873     0.2053
219.914465   5.101846  17.9691  17.0156  16.7041  16.5342  16.4622    0.02280000   0.00009390   6836.257    28.150512   1.643601   3.233349   -1229.359 1   0.074094   0.007753   0.028713  -0.009970  -0.004516   -17.0510   -17.9382   -18.2706   -18.4018   -18.4793     0.8872     1.2196     0.1312
218.522075   3.657545  18.5033  17.1446  16.4672  16.1256  15.8223    0.02870000   0.00010035   8616.005    30.084173   1.644111   3.234352     550.389 0   0.004202   0.002631   0.001009   0.000753   0.000755   -16.9499   -18.3071   -18.9828   -19.3242   -19.6275     1.3571     2.0329     0.3413
218.525627   3.773594  19.7065  17.9844  17.2586  16.9181  16.6369    0.02950000   0.00016703   8851.342    50.074334   1.657411   3.260517     785.726 1   0.050133   0.036393   0.014729   0.010277   0.010347   -15.8528   -17.5611   -18.2652   -18.6013   -18.8826     1.7084     2.4125     0.3360
218.763025   2.579261  19.5785  18.0033  17.2502  16.8851  16.6565    0.03810000   0.00016206  11428.448    48.584366   1.657460   3.260613    3362.832 1   0.203304   0.139142   0.070622   0.024819   0.026133   -16.7202   -18.2312   -18.9158   -19.2351   -19.4650     1.5110     2.1956     0.3193
218.516530   3.747627  16.9550  15.1857  14.4068  14.0358  13.7441    0.02430000   0.00017455   7297.998    52.328774   1.661912   3.269372    -767.619 1   0.130664   0.101350   0.042838   0.023966   0.027584   -18.2610   -20.0010   -20.7213   -21.0735   -21.3688     1.7400     2.4604     0.3521
218.518708   3.775707  18.8397  17.2864  16.5843  16.2704  16.0162    0.02790000   0.00016652   8365.888    49.921440   1.664585   3.274630     300.272 0   0.062710   0.037958   0.017819   0.010388   0.010170   -16.6182   -18.1468   -18.8287   -19.1352   -19.3892     1.5285     2.2105     0.3065
218.661142   2.720500  17.8541  16.2983  15.6120  15.2767  15.0605    0.02840000   0.00014878   8511.438    44.603122   1.675548   3.296196     445.821 0   0.084649   0.048592   0.026059   0.012894   0.011217   -17.6859   -19.2057   -19.8694   -20.1916   -20.4061     1.5197     2.1835     0.3221
218.534431   3.901567  17.4386  15.6747  14.9060  14.5460  14.2078    0.02860000   0.00016996   8587.915    50.952726   1.676559   3.298185     522.298 0   0.049787   0.046177   0.016893   0.013217   0.012323   -18.0741   -19.8343   -20.5738   -20.9301   -21.2674     1.7603     2.4997     0.3563
218.509617   3.810604  18.0451  16.4510  15.7488  15.4180  15.0891    0.02500000   0.00011072   7495.411    33.193021   1.680103   3.305156    -570.205 0   0.021069   0.014175   0.005401   0.004073   0.004071   -17.1322   -18.7194   -19.4128   -19.7423   -20.0712     1.5872     2.2806     0.3295
218.506134   3.797430  17.5204  15.6567  14.8283  14.4127  14.0421    0.02940000   0.00018344   8815.727    54.993928   1.680944   3.306813     750.111 1   0.204691   0.162096   0.059430   0.034948   0.042291   -18.1860   -20.0071   -20.7328   -21.1239   -21.5019     1.8211     2.5468     0.3911
218.646478   4.215644  18.5102  17.3169  16.8221  16.5784  16.3834    0.02760000   0.00019190   8268.426    57.530173   1.681145   3.307207     202.810 0   0.079607   0.024455   0.028062   0.008102  -0.037401   -16.9545   -18.0927   -18.5911   -18.8148   -18.9643     1.1381     1.6366     0.2237
219.461041   5.011263  16.3873  15.3211  14.9443  14.7538  14.6188    0.02520000   0.00008632   7548.294    25.878085   1.685565   3.315902    -517.322 0   0.094516   0.015225   0.041188  -0.008354  -0.021734   -18.8935   -19.8804   -20.2832   -20.4241   -20.5457     0.9869     1.3897     0.1410
218.492097   3.746705  16.8574  14.9726  14.0945  13.6629  13.3303    0.03340000   0.00018902  10014.267    56.666770   1.685830   3.316424    1948.651 1   0.323876   0.248758   0.089699   0.059998   0.058743   -19.2469   -21.0566   -21.7756   -22.1775   -22.5089     1.8097     2.5287     0.4019
218.466856   3.460960  19.3746  17.6600  16.9628  16.6308  16.3644    0.03140000   0.00014035   9410.665    42.075871   1.689302   3.323253    1345.049 1   0.032834   0.020557   0.008318   0.005813   0.005820   -16.3252   -18.0275   -18.7125   -19.0420   -19.3084     1.7023     2.3873     0.3295
221.854842   3.441100  17.3540  15.5422  14.7066  14.3101  13.9883    0.02740000   0.00019485   8217.671    58.414560   1.692891   3.330315     152.055 0   0.163004   0.134297   0.049608   0.030203   0.035858   -18.1567   -19.9398   -20.6907   -21.0678   -21.3953     1.7831     2.5340     0.3771
218.546208   2.951900  19.9333  18.1187  17.3749  17.0572  16.7845    0.02930000   0.00016559   8784.369    49.642633   1.693335   3.331187     718.752 1   0.047793   0.032906   0.013567   0.009262   0.009388   -15.6302   -17.4299   -18.1544   -18.4678   -18.7406     1.7997     2.5242     0.3134
221.633449   4.315227  17.1827  16.4620  16.3021  16.2019  16.1398    0.02790000   0.00007472   8374.642    22.400492   1.693777   3.332057     309.026 0   0.007780   0.000688   0.001720  -0.000719  -0.000330   -18.2203   -18.9339   -19.0948   -19.1926   -19.2551     0.7136     0.8745     0.0978
218.603308   2.798958  16.7122  14.8736  14.0259  13.5875  13.2832    0.02770000   0.00019843   8312.705    59.487817   1.694391   3.333266     247.089 0   0.232168   0.181106   0.065666   0.039251   0.046556   -18.9130   -20.7005   -21.4328   -21.8448   -22.1564     1.7875     2.5198     0.4120
218.491915   3.797318  18.9603  17.1583  16.4227  16.0727  15.7597    0.03000000   0.00015492   8983.791    46.443848   1.694857   3.334183     918.174 1   0.021863   0.018557   0.006702   0.005488   0.004998   -16.6289   -18.4276   -19.1513   -19.5001   -19.8126     1.7987     2.5224     0.3488
218.477169   3.713326  18.8269  17.0269  16.2838  15.9320  15.6846    0.02820000   0.00015156   8445.543    45.436545   1.695556   3.335558     379.927 0   0.096379   0.066807   0.031312   0.017187   0.018493   -16.6801   -18.4505   -19.1581   -19.4958   -19.7445     1.7704     2.4780     0.3377
218.465930   3.685006  19.3475  18.0943  17.5469  17.2314  17.0406    0.03300000   0.00007754   9893.211    23.245907   1.702967   3.350136    1827.595 1   0.138357   0.060577   0.058339   0.009667  -0.045632   -16.5732   -17.7486   -18.2937   -18.5606   -18.6961     1.1754     1.7206     0.2668
218.464258   3.679490  16.9800  15.0298  14.1788  13.7642  13.4609    0.02880000   0.00018979   8640.139    56.897611   1.703957   3.352084     574.522 0   0.239401   0.185954   0.067512   0.040465   0.047535   -18.7160   -20.6128   -21.3454   -21.7329   -22.0433     1.8968     2.6293     0.3876
218.481789   3.811732  19.0749  17.2649  16.4825  16.1098  15.8206    0.02790000   0.00015530   8362.561    46.557769   1.707554   3.359160     296.944 0   0.099666   0.081122   0.033020   0.020718   0.022529   -16.4200   -18.2114   -18.9457   -19.3061   -19.5971     1.7915     2.5258     0.3604
218.467664   3.761101  20.1680  18.4731  17.7111  17.3609  17.1072    0.02780000   0.00016925   8322.029    50.739874   1.712241   3.368380     256.412 0   0.090584   0.066808   0.029400   0.017461   0.018784   -15.3235   -16.9946   -17.7192   -18.0574   -18.3125     1.6711     2.3957     0.3383
218.447288   3.593493  18.7904  17.0436  16.2766  15.9175  15.6253    0.03060000   0.00015934   9173.679    47.768930   1.712762   3.369404    1108.063 1   0.078956   0.061638   0.025583   0.016553   0.017353   -16.8991   -18.6286   -19.3596   -19.7096   -20.0026     1.7295     2.4604     0.3501
218.480529   3.834129  17.6235  15.7628  14.9591  14.5834  14.2566    0.02910000   0.00016642   8723.871    49.891461   1.713322   3.370507     658.254 0   0.077317   0.073612   0.026743   0.019707   0.019889   -17.9546   -19.8116   -20.5684   -20.9370   -21.2640     1.8570     2.6138     0.3687
218.450269   3.671589  19.0518  17.3972  16.6884  16.3491  16.1144    0.03070000   0.00014746   9212.502    44.207396   1.716906   3.377557    1146.886 1   0.074202   0.046494   0.022246   0.012546   0.012601   -16.6473   -18.2742   -18.9588   -19.2884   -19.5231     1.6269     2.3114     0.3296
218.499876   3.947572  19.8404  17.9567  17.3191  17.0191  16.8965    0.02800000   0.00015329   8405.461    45.955186   1.721959   3.387497     339.845 0   0.064834   0.031716   0.017868   0.008997   0.003170   -15.6195   -17.4701   -18.0938   -18.3850   -18.5017     1.8506     2.4743     0.2911
218.462743   3.890398  20.3307  18.5053  17.7907  17.4571  17.1503    0.02990000   0.00017319   8949.614    51.921056   1.743185   3.429254     883.998 1   0.012856   0.009560   0.003498   0.002799   0.002693   -15.2422   -17.0643   -17.7728   -18.1057   -18.4124     1.8221     2.5306     0.3329
218.415066   3.639409  19.6794  18.1638  17.5427  17.2605  17.0659    0.02640000   0.00017873   7922.046    53.581906   1.748530   3.439769    -143.571 0   0.034814   0.014960   0.007717   0.004733  -0.001483   -15.6219   -17.1176   -17.7315   -18.0107   -18.1991     1.4957     2.1096     0.2792
221.845274   2.997120  17.4535  16.0907  15.5033  15.1971  15.0111    0.02840000   0.00016285   8524.748    48.821202   1.749913   3.442490     459.132 0   0.091987   0.040500   0.030780   0.011986  -0.012087   -18.0938   -19.4052   -19.9828   -20.2702   -20.4322     1.3113     1.8890     0.2874
220.741476   5.136719  16.9099  15.3543  14.6311  14.2272  13.8885    0.02690000   0.00016187   8074.670    48.527405   1.759013   3.460391       9.054 0   0.025309   0.023170   0.008267   0.006878   0.006076   -18.4444   -19.9978   -20.7061   -21.1086   -21.4465     1.5535     2.2618     0.4025
218.409394   3.696154  17.4646  15.7634  14.9696  14.5706  14.3176    0.03250000   0.00016844   9734.621    50.497042   1.760344   3.463010    1669.005 1   0.232095   0.170432   0.075725   0.033789   0.037310   -18.4951   -20.1346   -20.8337   -21.1908   -21.4473     1.6395     2.3386     0.3571
221.899497   3.788170  17.8272  16.1037  15.3098  14.9221  14.5821    0.02600000   0.00015565   7790.767    46.662696   1.764833   3.471840    -274.850 0   0.076583   0.072179   0.026403   0.019371   0.019536   -17.5040   -19.2231   -19.9712   -20.3519   -20.6920     1.7191     2.4672     0.3807
218.404088   3.241438  18.4282  17.3180  16.9261  16.6941  16.6175    0.02950000   0.00008924   8835.094    26.753479   1.767582   3.477249     769.477 1   0.110415   0.022208   0.051403  -0.008406  -0.036161   -17.1913   -18.2133   -18.6344   -18.8066   -18.8555     1.0220     1.4431     0.1722
218.451422   3.956872  16.5003  14.6909  13.8983  13.5119  13.1537    0.02930000   0.00018573   8786.797    55.680453   1.771027   3.484027     721.181 1   0.103119   0.093013   0.034302   0.023424   0.025311   -19.1185   -20.9178   -21.6517   -22.0272   -22.3873     1.7993     2.5332     0.3755
218.419702   3.827164  19.4072  17.3386  16.5416  16.0521  15.6788    0.02820000   0.00022937   8459.394    68.763396   1.771354   3.484669     393.777 0   0.249666   0.193446   0.069718   0.042627   0.049212   -16.2531   -18.2655   -18.9387   -19.4012   -19.7810     2.0124     2.6857     0.4624
218.389529   3.274665  18.0699  17.0292  16.6881  16.5184  16.3987    0.01440000   0.00010138   4309.607    30.392959   1.777908   3.497563   -3756.010 1   0.098157   0.011340   0.045523  -0.016653  -0.007815   -15.9688   -16.9227   -17.2979   -17.4055   -17.5340     0.9539     1.3292     0.1075
218.431968   3.983290  26.2365  15.8178  15.0861  14.7354  14.4480    0.02930000   0.00016356   8798.729    49.034054   1.796996   3.535114     733.112 1   0.337921   0.260086   0.094207   0.063602   0.060084    -9.6171   -19.9580   -20.5238   -20.8439   -21.1278    10.3409    10.9067     0.3201
