"ID" "ra" "dec" "zspec" "Vel"
"10442" 145 -0.19538317280664 -0.0120286173387401 0.0656239763850078 -1612.86598238053
"10431" 145 -0.0772589518739008 -0.249895851452464 0.0656395222775296 -1608.51597885249
"10478" 145 -0.330405360465511 -0.0239321305336655 0.0657590094037094 -1575.08146103975
"10487" 145 -0.324578655629323 0.241545571659637 0.0658808672903356 -1540.98356437685
"10467" 145 -0.0761164700065568 0.0200926102927592 0.065984149303212 -1512.08351121079
"10448" 145 -0.149310629755923 0.00355894919493652 0.0660167287178111 -1502.96724025703
"10482" 145 -0.0248471401719065 0.0661851289273116 0.0661137931643296 -1475.80696726475
"10436" 145 -0.12459263849892 0.0629747610371915 0.066275683887019 -1430.50720632369
"10451" 145 -0.0166771749545576 -0.0545178808320693 0.0663156155300526 -1419.3336575659
"10458" 145 -0.0660851329648722 0.00583374418254287 0.0664157274894472 -1391.32063895324
"10480" 145 -0.274297042455595 0.080078283316496 0.0664688496213622 -1376.45616842366
"10437" 145 -0.206243463326113 -0.28779666148995 0.0667268625689776 -1304.25978402001
"10494" 145 -0.0456320024092268 0.0218283283742427 0.0667786396515886 -1289.77168102348
"10433" 145 -0.132105842811996 -0.212177854773782 0.0668146658990083 -1279.69092797845
"10481" 145 -0.0486567185416767 -0.069296654125828 0.0670461373691767 -1214.92129764319
"10463" 145 -0.21271410735732 -0.284678434000403 0.0670925961498586 -1201.92134543134
"10439" 145 -0.0403848948486107 0.0980837760712419 0.0671368289241792 -1189.54426742961
"10469" 145 -0.143559011629821 -0.0149329749115253 0.0671428910490011 -1187.84798242534
"10466" 145 -0.222586805474448 0.148759105170223 0.0671712764195123 -1179.90527590691
"10473" 145 -0.0288338073210478 0.0046701249370054 0.067179633954354 -1177.56669637562
"10426" 145 -0.0900649840551593 0.0931020337508134 0.0672527364576403 -1157.11138017191
"10428" 145 -0.0214240352619447 0.00784571057679402 0.0675347158704685 -1078.20877365304
"10470" 145 -0.145040042814324 -0.01098751667006 0.0675537375412279 -1072.88618861675
"10489" 145 -0.117508387837785 0.119475959111073 0.0686596277651992 -763.439409081079
"10490" 145 -0.16685296197273 -0.0717914115360577 0.0688752580226392 -703.102417859976
"10427" 145 -0.0115796621699476 0.00881041931949439 0.0690726748661347 -647.861847754921
"10443" 145 -0.100204577321829 -0.152098487556208 0.0691112763389175 -637.060503119561
"10455" 145 -0.12274950899403 0.0961209563654822 0.0691831334056018 -616.953681130955
"10472" 145 -0.0225661861211973 -0.11324592714848 0.0696177844745579 -495.330964341586
"10492" 145 -0.0861101556442133 0.171637794815102 0.0697289858122041 -464.214950230253
"10450" 145 -0.0294148117426654 -0.0964045657472606 0.0697985323541863 -444.754652112258
"10493" 145 -0.0394915167136491 -0.0411906347526148 0.0698059949388068 -442.666494781836
"10486" 145 -0.00908018432452944 -0.0703178613286136 0.0700484777795116 -374.81569682533
"10444" 145 -0.0428459325866852 -0.103380220934503 0.0701616304497462 -343.153666868847
"10425" 145 -0.0351588235076143 -0.059762291021576 0.070564103440239 -230.534920397915
"10432" 145 -0.0373181801337642 -0.139403593863228 0.0706378772255175 -209.89176814488
"10435" 145 -0.0264175925921467 0.248824071310425 0.0708384826696882 -153.758973668207
"10479" 145 -0.0233432906882521 0.0114804150841561 0.0710060926569752 -106.858865809649
"10429" 145 0.00439951671465319 -0.124282596284805 0.0714624651830324 20.8418818738127
"10476" 145 0.0602702270941161 -0.157385240706217 0.0726310049020428 347.819049199516
"10484" 145 0.00567565115197209 -0.0350065723450809 0.0734087619459213 565.448617914867
"10430" 145 0.0868763240265709 0.0870337026193374 0.0735970299718655 618.129194210014
"10449" 145 0.0313154711198221 -0.0537526461589552 0.073668938827231 638.250507547088
"10488" 145 0.112736868298778 0.00312606669742485 0.0736736103911458 639.557690102362
"10477" 145 0.0155344357272366 -0.00297091961931145 0.0737558252581744 662.562799724003
"10438" 145 0.176489324684928 -0.0297025663449476 0.0740408964727656 742.33054464247
"10445" 145 0.0363862845576503 -0.178894023124329 0.0744001022090761 842.84238196831
"10452" 145 0.0402813259885612 -0.0283664669062112 0.0744983546214145 870.335067879352
"10454" 145 0.00622899913011717 0.0151472241557258 0.0747260181819344 934.039180722976
"10446" 145 0.0904509400327429 -0.145468284973296 0.074855133142701 970.167729409843
"10475" 145 0.0308989692905861 0.0162640139249342 0.0757218243718218 1212.68258657186
"10485" 145 0.153840538553309 0.0194275174098662 0.0759570528998491 1278.5035052084
"10460" 145 0.119920132184539 -0.273226468559585 0.0761736669547251 1339.115779583
"10459" 145 0.0508443867463575 0.0197097902074466 0.0763659780095208 1392.92766369747
"10453" 145 0.060127219141598 -0.00879018171078565 0.0764714341554336 1422.43607604039
"10440" 145 0.0845974640502688 -0.0251666513965241 0.0765201003777263 1436.05370773133
"10474" 145 0.0302640006431084 0.0743972720508059 0.0765903143937346 1455.70077636533
"10424" 145 0.359482061468695 -0.0106951329304162 0.0766334920298043 1467.78260884754
"10441" 145 0.240404583817418 0.174060597699512 0.076648308530206 1471.9285161301
"10491" 145 0.0633671959344501 0.0767440918618503 0.0766760921289426 1479.70283673319
"10464" 145 0.0498264455298918 0.344141832845498 0.0767095878448333 1489.07550427825
"10456" 145 0.0302043638005036 -0.189213122943097 0.0768571699740424 1530.37147887938
"10471" 145 0.0896978714220391 -0.0519299797730694 0.0768676803489471 1533.31245945367
"10462" 145 0.294413255092864 0.248774004533632 0.0768680919131889 1533.42762208593
"10468" 145 0.303023988790137 0.237761478757006 0.0768881064748802 1539.0280347896
"10457" 145 0.252652703923365 0.185303530615423 0.0769380236771697 1552.99571183121
"10447" 145 0.314956686621469 0.106054450950416 0.0770365453611271 1580.56374449324
"10434" 145 0.0691819095814807 -0.108185452147883 0.0770504580365651 1584.45674627198
"10465" 145 0.20751844297854 -0.120758611727647 0.0771278236823717 1606.10496182053
"10461" 145 0.136909313911204 0.0578607806520475 0.0771324176901872 1607.39044286814
"10483" 145 0.116500810198507 -0.0889378163222707 0.0771507036069442 1612.50715149677
