"ID" "ra" "dec" "zspec" "Vel"
"12593" 161 -0.109366517357568 -0.0238343225152042 0.111136743980977 -1771.62339208093
"12624" 161 -0.0701260599509806 -0.221697423706922 0.111279038684117 -1733.45816358917
"12616" 161 -0.0836549463900685 0.222402351321655 0.111393878328226 -1702.65672712923
"12652" 161 -0.169365127785884 0.107657973064648 0.111502755273165 -1673.45456155745
"12586" 161 -0.203106883863383 0.057053423764468 0.111527883980297 -1666.71472635467
"12623" 161 -0.0982821186935962 -0.0237382418633927 0.111578625566628 -1653.10519491281
"12631" 161 -0.0333124963705945 -0.0483524428556922 0.111713474524735 -1616.93700885615
"12632" 161 -0.107866969128057 -0.0688149778258822 0.11171764282674 -1615.81901784936
"12605" 161 -0.0487963149265356 0.0158820844771237 0.112250078599035 -1473.01304926113
"12599" 161 -0.161039231988551 -0.0570470746795059 0.112348648668304 -1446.57531733499
"12661" 161 -0.0297896251016388 -0.0140841895342431 0.112415494020555 -1428.64655339664
"12622" 161 -0.106130256958094 0.0214056003078707 0.11245980830714 -1416.7609045591
"12648" 161 -0.091617929732534 0.0675533741472239 0.112627808715878 -1371.70108262125
"12638" 161 -0.0941924097255733 0.0520475438406189 0.112632193902898 -1370.52492032627
"12649" 161 -0.0419459972951676 0.0111913653883053 0.112798997573085 -1325.78607871438
"12644" 161 -0.112971674771722 -0.00498049780485132 0.112945725972393 -1286.4316771642
"12600" 161 -0.0399150040250744 0.0491046615639877 0.113002209900385 -1271.28197748907
"12630" 161 -0.0322782308855362 0.0263513956374742 0.113118995023554 -1239.95873908432
"12585" 161 -0.123277821012056 -0.0276268983968378 0.113721953497062 -1078.23769532995
"12663" 161 -0.108740339424296 0.107619630585142 0.11423808854897 -939.803784902736
"12621" 161 -0.00917586790491331 0.00672361198217723 0.114283593134812 -927.598882838486
"12610" 161 -0.0515910179529 -0.0796837595062835 0.114322215812616 -917.239795038187
"12655" 161 -0.0947666668908875 -0.110779710576418 0.114376773375459 -902.606770716828
"12592" 161 -0.0555631901389375 0.169783492291156 0.115182513171976 -686.497226506973
"12625" 161 -0.0387687011147911 0.0575885213809322 0.11532438590714 -648.445175131662
"12619" 161 -0.0291476627273331 -0.0103954738953489 0.115358321782331 -639.343146720717
"12596" 161 -0.011115220233623 -0.00543007755373965 0.115536605214607 -591.525288578511
"12646" 161 -0.0420241684615601 -0.117240522480892 0.115596339359661 -575.503839821334
"12609" 161 -0.0300101210348818 0.0251910382091585 0.115730464061435 -539.529908419444
"12642" 161 -0.0334727409653399 -0.0282047516503522 0.115863520780697 -503.842423355446
"12641" 161 -0.0459177121897295 0.0244317762236283 0.115943956322352 -482.268599745708
"12620" 161 -0.0321254168795635 -0.0725352894772975 0.116045074617196 -455.147401681077
"12606" 161 -0.0259635039895862 0.0522344149038304 0.116214485170596 -409.70936121457
"12658" 161 -0.000545505031958671 0.00499275973625134 0.116227605899618 -406.19021672035
"12618" 161 -0.0282645811111188 0.018135060270836 0.116444970569296 -347.890279328074
"12615" 161 -0.0303357631565437 -0.0971575059930426 0.116650080318249 -292.877265758695
"12603" 161 -0.0136274607603626 0.084818271588087 0.116789723260142 -255.423272974463
"12647" 161 -0.00752883501691682 0.00882054222945331 0.117027273833162 -191.709222503124
"12601" 161 -0.00511910282663551 0.00512620447942501 0.117233386064168 -136.427330642605
"12587" 161 -0.00354191017105569 0.0463476921225377 0.117255529804132 -130.488101164856
"12662" 161 0.00389658622320103 0.0124764771657623 0.118269719433774 141.530309184935
"12651" 161 0.00739314642517862 0.109805491023812 0.11869144193813 254.641587284105
"12643" 161 0.0513016772146212 0.0318869981782835 0.119382663478921 440.035895439235
"12636" 161 0.0468646371918151 -0.186523980202901 0.119869211807577 570.534274688322
"12589" 161 0.0637398495320553 -0.082034782953054 0.119893362795143 577.01187321035
"12591" 161 0.0142222798982326 0.0021618085177902 0.120132196950271 641.070196541961
"12634" 161 0.0430914912254191 -0.158599308914125 0.120263164814771 676.197424495156
"12629" 161 0.0436668062969401 0.0538262332739163 0.1206474077278 779.256204959489
"12612" 161 0.0420742046488059 0.0840170058071762 0.120781323423757 815.174078373357
"12597" 161 0.0483030754269688 0.208741281173051 0.120802719536335 820.912784785972
"12657" 161 0.114717155098679 -0.0102908126477099 0.121148080956508 913.543059998557
"12588" 161 0.0284142154059136 -0.0504092760215123 0.12117621909745 921.090063187659
"12637" 161 0.0452942204759904 0.0275269302224806 0.12123452732271 936.729062327661
"12645" 161 0.061540036310394 -0.0645561881711202 0.121409010550433 983.527657827473
"12656" 161 0.0676319160649612 -0.0706329882638558 0.121773087779617 1081.17774833594
"12607" 161 0.0225827644050528 0.00447054471613528 0.121890719469643 1112.72804661608
"12639" 161 0.0971624327767384 -0.145648838528037 0.121917281636738 1119.85235380426
"12627" 161 0.0656010182776865 -0.0100963291326447 0.122268747755052 1214.11998581436
"12653" 161 0.00406897682634192 0.0243622110168784 0.122476038944293 1269.71808909693
"12590" 161 0.0612424776857073 0.178874252484274 0.122535188510485 1285.58274645291
"12628" 161 0.0604418999539948 -0.0509213471919907 0.122551768334163 1290.02966362595
"12660" 161 0.113994224424008 0.165458299508382 0.122597008307873 1302.16359338943
"12650" 161 0.0692915642970502 0.073466381644787 0.122602484372162 1303.63234268385
"12633" 161 0.0248046184743161 -0.0401924811550576 0.122785141822382 1352.62336743437
"12640" 161 0.123583429036954 0.123252611412626 0.122965411176388 1400.97387475402
"12598" 161 0.0223897067232326 0.0161479941444502 0.122975092846049 1403.57062028731
"12654" 161 0.187701271075639 0.0482080051056745 0.123008939654139 1412.64875978209
"12626" 161 0.129704267498942 0.115507595675753 0.123320170156452 1496.12469368756
"12635" 161 0.0340966002332154 -0.154318111978697 0.123410058740786 1520.23394219941
"12611" 161 0.226064712811683 0.0340446094672917 0.123432193293341 1526.17070749833
"12594" 161 0.0127484612101204 0.0376165407229844 0.123448802300426 1530.62545202796
"12617" 161 0.0353840915480675 0.0283081110792456 0.123665206663563 1588.66782313181
"12583" 161 0.0916776131869817 -0.0710424593518882 0.1236835072751 1593.57627724461
"12602" 161 0.121688171324033 0.0607477329429909 0.123713796415327 1601.70020548691
"12614" 161 0.0494093604533179 -0.017353016204464 0.1238009078461 1625.06458649591
"12604" 161 0.0830112453764478 -0.176323248539824 0.123992747763225 1676.51846432375
"12595" 161 0.0253707167578723 -0.0634496327874094 0.124036985250167 1688.38351453143
"12584" 161 0.128257663768457 -0.0167861479572418 0.124125039279428 1712.00071230648
"12613" 161 0.1398396969232 -0.117447698307741 0.1241323924668 1713.9729296133
"12659" 161 0.124986809645055 -0.114618398085445 0.124171344812348 1724.42043844744
"12608" 161 0.186763402236646 0.141684805398152 0.124190700726449 1729.61193797657
