"ra" "dec" "zspec" "Vel" "flag" "r"
"231" 247.800442 40.421803 0.0269 8073.471 0 15.601
"221" 247.733504 40.442058 0.027 8103.54 0 16.7055
"202" 247.424592 40.274807 0.0271 8122.217 0 17.5323
"150" 246.164757 41.019955 0.0272 8141.494 0 16.0628
"289" 245.846624 41.652776 0.0272 8146.86 0 17.3924
"222" 247.8444 40.550717 0.0272 8147.55 0 16.8342
"325" 245.912347 41.834056 0.0272 8155.044 0 16.249
"151" 246.161615 41.021451 0.0272 8163.019 0 16.8468
"379" 247.281082 39.627383 0.0273 8176.39 0 16.1218
"288" 245.845213 41.65121 0.0273 8176.989 0 14.3325
"229" 247.89388 40.565599 0.0273 8191.109 0 13.7804
"210" 246.702637 41.663665 0.0274 8207.658 0 17.8079
"435" 247.18523 39.51549 0.0274 8208.797 0 14.9903
"62" 247.349132 40.874953 0.0275 8236.618 0 14.0471
"423" 245.095762 40.757028 0.0275 8244.862 0 16.5666
"235" 247.86422 40.435316 0.0276 8280.627 0 17.0014
"112" 247.454342 40.656532 0.0276 8282.696 0 16.4771
"262" 247.432084 40.016491 0.0276 8286.383 0 15.9349
"449" 247.616091 39.561697 0.0277 8291 0 16.0806
"87" 247.319685 40.650524 0.0277 8300.923 0 17.1196
"136" 247.62901 41.016584 0.0277 8302.512 0 16.2857
"298" 245.865858 41.706392 0.0278 8320.32 0 13.9074
"205" 246.526312 41.612182 0.0278 8320.38 0 17.7131
"473" 247.33331 39.428995 0.0278 8322.269 0 14.0567
"369" 248.399406 40.258046 0.0278 8330.573 0 16.164
"179" 246.492762 40.346719 0.0278 8340.406 0 16.7765
"365" 247.687565 39.760027 0.0278 8343.464 0 16.8894
"214" 247.791389 41.313151 0.0279 8351.618 0 17.2054
"234" 246.392878 41.681442 0.0279 8353.897 0 14.6895
"152" 247.321799 40.422332 0.0279 8356.055 0 16.7651
"352" 247.249035 39.683852 0.0279 8361.751 0 14.9346
"169" 247.647633 40.623411 0.0279 8368.467 0 15.2431
"101" 247.256623 40.534842 0.0279 8368.736 0 14.0965
"388" 247.486484 39.66078 0.0279 8372.424 0 17.2718
"373" 247.646328 39.728096 0.028 8385.585 0 17.3732
"255" 248.082474 40.575055 0.028 8387.324 0 14.3827
"246" 247.644049 40.187318 0.028 8387.443 0 15.3172
"286" 245.726488 41.520571 0.028 8405.671 0 15.2113
"142" 247.546064 40.617923 0.0281 8411.157 0 16.0891
"86" 247.448658 40.871984 0.0281 8411.907 0 14.6014
"135" 246.442043 40.510124 0.0281 8413.855 0 16.8725
"282" 247.711786 40.024783 0.0281 8415.654 0 16.7482
"139" 247.567378 40.659771 0.0281 8417.962 0 14.5901
"484" 247.318749 39.401034 0.0281 8429.265 0 14.3524
"463" 246.766561 39.43341 0.0282 8449.62 0 15.7176
"353" 247.168429 39.671278 0.0282 8463.831 0 16.56
"197" 247.317313 40.260167 0.0282 8466.469 0 16.1235
"110" 247.535106 40.80881 0.0282 8468.118 0 16.3385
"355" 247.993942 39.947837 0.0283 8471.655 0 16.674
"60" 247.238786 41.134508 0.0283 8472.015 0 17.4142
"85" 247.443756 40.87486 0.0283 8474.084 0 15.5109
"485" 248.016052 39.608838 0.0283 8475.972 0 16.7343
"96" 247.180742 40.538574 0.0283 8478.101 0 17.3738
"314" 246.932825 39.743833 0.0283 8486.705 0 15.8175
"65" 247.116543 41.22048 0.0283 8490.362 0 16.1428
"167" 247.381411 40.412825 0.0283 8490.932 0 15.0065
"375" 248.022234 39.902205 0.0283 8492.461 0 16.6504
"359" 247.266363 39.66957 0.0283 8495.938 0 16.2102
"424" 247.15024 39.533751 0.0284 8510.358 0 14.9195
"434" 247.85394 39.692958 0.0284 8510.628 0 16.4155
"82" 247.362248 40.722418 0.0284 8510.748 0 14.6666
"254" 248.165821 40.858549 0.0284 8522.89 0 16.1797
"392" 247.394218 39.630197 0.0284 8526.517 0 17.224
"358" 248.507463 41.347916 0.0285 8529.485 0 14.7416
"220" 247.409709 40.235397 0.0285 8534.252 0 16.2079
"64" 246.475417 40.922633 0.0285 8535.241 0 17.0056
"317" 247.879336 39.991811 0.0285 8546.064 0 15.3122
"357" 247.44979 39.716219 0.0285 8548.402 0 15.6798
"414" 245.367303 40.203598 0.0285 8551.31 0 15.6724
"390" 246.788361 39.58664 0.0286 8560.903 0 15.9574
"153" 247.536898 40.569427 0.0286 8562.552 0 17.5041
"36" 246.749414 41.098866 0.0286 8566 0 15.5086
"84" 246.416143 40.80119 0.0286 8566.779 0 16.8512
"469" 247.711311 39.538047 0.0286 8579.97 0 17.2637
"186" 247.710717 40.594852 0.0287 8590.133 0 16.2003
"116" 246.259837 40.946644 0.0287 8597.508 0 13.7985
"364" 247.241658 39.647454 0.0287 8607.761 0 16.1387
"252" 247.47965 40.080691 0.0287 8609.14 0 17.6205
"68" 246.50731 40.74309 0.0288 8628.147 0 15.3358
"72" 246.720399 41.253775 0.0288 8628.627 0 14.2836
"367" 247.189024 39.636382 0.0288 8629.196 0 16.6517
"140" 247.107978 40.381229 0.0288 8633.483 0 17.1514
"396" 248.124298 39.930288 0.0289 8649.852 0 17.5686
"245" 245.744459 40.697655 0.0289 8651.95 0 15.8572
"129" 247.491933 40.628543 0.0289 8652.64 0 13.5694
"47" 247.119253 40.72079 0.0289 8653.06 0 15.5099
"348" 247.403 39.735264 0.0289 8654.319 0 16.6527
"100" 247.150446 40.497508 0.0289 8655.128 0 15.2797
"155" 247.574603 40.602605 0.0289 8658.786 0 17.3164
"67" 247.373981 40.858357 0.0289 8662.623 0 17.2866
"363" 247.761343 39.792512 0.0289 8665.051 0 13.4437
"447" 247.279957 39.495726 0.0289 8667.959 0 14.918
"451" 247.497316 39.528513 0.0289 8669.638 0 15.1944
"23" 247.050424 40.788635 0.0289 8671.617 0 17.1682
"381" 247.831559 39.790498 0.0289 8677.463 0 15.4465
"287" 246.46035 39.890434 0.029 8686.427 0 15.1955
"39" 247.011507 41.141804 0.029 8687.176 0 16.0796
"113" 246.27433 40.928767 0.029 8688.015 0 15.2348
"269" 245.847279 40.301481 0.029 8694.311 0 17.2814
"370" 246.822262 39.619529 0.029 8696.41 0 16.5928
"211" 246.671041 40.180685 0.029 8699.677 0 15.8341
"318" 247.801343 39.946595 0.029 8703.005 0 17.2337
"7" 247.023075 40.868528 0.029 8705.463 0 17.4372
"184" 246.455265 40.345198 0.029 8706.033 0 14.3409
"171" 246.257208 40.526115 0.0291 8713.468 0 15.6442
"301" 246.358704 39.8707 0.0291 8715.416 0 13.2332
"278" 246.854436 39.853781 0.0291 8715.626 0 16.9552
"74" 246.467159 41.057817 0.0291 8718.534 0 16.72
"163" 247.215736 40.351481 0.0291 8718.894 0 14.9583
"311" 248.465133 40.829534 0.0291 8719.913 0 16.5054
"204" 247.638482 41.438592 0.0291 8721.382 0 16.5453
"356" 246.533457 39.684965 0.0291 8726.509 0 17.2376
"95" 247.32392 40.620702 0.0291 8729.567 0 17.385
"92" 246.393426 40.787138 0.0291 8729.926 0 16.7249
"105" 246.301777 40.867138 0.0291 8735.652 0 17.3458
"15" 247.073526 40.967038 0.0291 8736.492 0 14.7339
"417" 248.427346 40.153102 0.0291 8737.271 0 14.9803
"29" 247.022463 40.754612 0.0291 8738.381 0 16.2237
"481" 246.927506 39.377314 0.0291 8738.86 0 15.6901
"19" 246.708562 40.917815 0.0292 8739.34 0 17.1989
"56" 246.688064 40.684218 0.0292 8741.348 0 14.3729
"377" 247.823595 39.793981 0.0292 8741.918 0 15.6957
"31" 246.649442 40.911712 0.0292 8744.496 0 16.9249
"404" 247.097106 39.570302 0.0292 8748.723 0 14.1363
"482" 247.603548 39.464654 0.0292 8748.723 0 17.2005
"20" 246.718798 40.970325 0.0292 8758.557 0 16.928
"14" 247.083805 40.933289 0.0292 8760.565 0 15.4295
"137" 246.458199 40.4887 0.0292 8762.664 0 13.1021
"244" 247.337354 40.063984 0.0292 8763.203 0 17.1274
"111" 247.553295 40.94279 0.0292 8763.773 0 17.0443
"162" 247.608189 40.614255 0.0292 8765.302 0 15.3347
"248" 245.773353 41.231863 0.0292 8766.411 0 15.6251
"321" 246.975463 39.736652 0.0292 8766.621 0 15.4479
"185" 246.062521 41.110615 0.0293 8769.439 0 15.8806
"233" 247.783529 40.388105 0.0293 8769.649 0 15.7952
"69" 246.84594 40.565908 0.0293 8782.78 0 16.2247
"149" 247.599692 40.665707 0.0293 8782.99 0 14.1629
"192" 247.423503 40.333399 0.0293 8783.679 0 15.7607
"212" 246.920784 40.155234 0.0293 8791.594 0 16.5654
"310" 247.684349 39.899908 0.0293 8797.29 0 17.1771
"341" 247.583882 39.804311 0.0294 8803.795 0 14.561
"249" 245.717731 41.071678 0.0294 8804.635 0 16.196
"88" 247.43698 40.81165 0.0294 8805.744 0 12.3227
"144" 247.66574 40.895057 0.0294 8810.121 0 17.7484
"455" 248.141911 39.777862 0.0294 8813.239 0 16.3143
"173" 246.130853 40.684449 0.0294 8820.764 0 16.9682
"238" 247.557662 40.1897 0.0294 8821.633 0 17.5569
"261" 247.18347 39.964479 0.0294 8828.078 0 17.1915
"75" 247.362382 40.771432 0.0295 8829.547 0 16.2952
"237" 248.06576 40.858537 0.0295 8830.237 0 17.3177
"164" 246.132153 40.765568 0.0295 8832.126 0 15.9059
"452" 246.693097 39.470199 0.0295 8833.864 0 16.5953
"439" 246.365777 39.552037 0.0295 8840.52 0 15.3321
"201" 247.313013 40.240957 0.0295 8843.488 0 15.8041
"117" 247.480384 40.659987 0.0295 8845.796 0 15.7742
"260" 245.729445 41.284655 0.0295 8846.546 0 15.817
"257" 245.662063 40.979784 0.0295 8846.815 0 16.8566
"52" 247.08014 41.17285 0.0295 8855 0 17.4121
"154" 247.359456 40.438681 0.0295 8855.839 0 16.8746
"44" 246.591298 40.911854 0.0295 8856.889 0 14.2183
"428" 246.230963 39.619411 0.0295 8858.208 0 17.0942
"131" 247.579365 41.102053 0.0296 8858.957 0 14.0277
"102" 246.4492 40.621676 0.0296 8862.255 0 17.5103
"477" 246.496279 39.420031 0.0296 8869.6 0 16.5308
"25" 246.709111 40.999851 0.0296 8871.129 0 16.7725
"401" 247.948534 39.814244 0.0296 8871.398 0 16.589
"172" 246.302756 41.355534 0.0296 8871.518 0 16.8954
"61" 246.521593 41.050015 0.0296 8875.955 0 15.2488
"300" 247.388079 39.84765 0.0296 8883.54 0 16.2409
"121" 247.20584 40.464146 0.0296 8883.6 0 17.4631
"76" 247.304102 41.15089 0.0296 8885.399 0 14.6523
"350" 247.882086 39.897668 0.0297 8889.986 0 14.1651
"108" 247.459532 40.676307 0.0297 8893.403 0 16.1022
"271" 247.803344 40.1345 0.0297 8895.951 0 16.633
"488" 246.281918 39.435755 0.0297 8897.36 0 16.4859
"119" 246.257438 40.921024 0.0297 8900.748 0 16.1468
"240" 245.762007 41.097455 0.0297 8904.436 0 17.1298
"70" 246.480325 40.779279 0.0297 8906.234 0 16.1921
"303" 247.572386 39.889426 0.0297 8908.063 0 14.3612
"349" 247.818027 39.875972 0.0298 8925.811 0 14.8264
"81" 246.931164 41.307553 0.0298 8927.19 0 15.8283
"308" 245.37596 40.900674 0.0298 8929.618 0 16.6382
"13" 247.051166 40.854129 0.0298 8938.432 0 16.2319
"394" 246.581041 39.603566 0.0298 8945.897 0 17.1852
"216" 247.611846 41.483973 0.0299 8951.623 0 13.8992
"444" 247.220923 39.496991 0.0299 8954.921 0 16.5799
"307" 245.575134 41.455248 0.0299 8955.31 0 16.298
"21" 247.132719 40.895629 0.0299 8955.67 0 16.3408
"329" 245.341937 40.810511 0.0299 8958.308 0 14.7845
"413" 246.424324 39.600085 0.0299 8958.458 0 13.7446
"189" 247.674485 40.529419 0.0299 8959.118 0 14.5383
"227" 246.012562 41.354753 0.0299 8964.214 0 16.7986
"80" 247.419583 40.840227 0.0299 8964.634 0 17.0808
"292" 247.173764 39.837449 0.0299 8964.964 0 17.5562
"293" 245.660636 41.478381 0.0299 8973.927 0 17.0836
"479" 246.819022 39.384537 0.0299 8974.557 0 15.3791
"128" 247.489689 40.630707 0.03 8987.808 0 13.6537
"170" 246.084274 40.865005 0.03 8988.917 0 16.7046
"45" 246.849422 40.677767 0.03 8991.226 0 15.3453
"78" 247.282645 40.665024 0.03 8995.513 0 14.6282
"258" 246.149504 41.692855 0.03 8997.311 0 15.7966
"130" 247.608446 40.85229 0.03 9004.326 0 16.2085
"431" 248.78281 40.991374 0.0301 9012.181 0 14.7523
"342" 248.080765 40.067737 0.0301 9014.669 0 16.38
"183" 247.641341 40.539445 0.0301 9016.888 0 13.5744
"43" 246.900063 41.163774 0.0301 9025.852 0 16.3016
"398" 245.174841 41.209111 0.0301 9026.661 0 15.987
"467" 244.933703 40.876815 0.0301 9028.22 0 17.3727
"143" 246.476356 40.464812 0.0301 9031.278 0 15.9683
"104" 246.330498 40.777355 0.0301 9032.597 0 16.9911
"103" 247.530355 40.880116 0.0301 9034.126 0 15.1132
"134" 247.566477 40.682986 0.0302 9045.458 0 16.2249
"441" 245.060425 41.228772 0.0302 9047.676 0 16.9938
"206" 245.974737 40.672874 0.0302 9051.844 0 15.6035
"195" 245.969506 40.934456 0.0302 9054.811 0 16.5254
"437" 246.414115 39.546119 0.0302 9063.026 0 15.0634
"194" 247.699733 40.532219 0.0302 9065.514 0 17.3275
"253" 247.907962 41.493647 0.0302 9065.724 0 14.0329
"187" 247.766158 41.156037 0.0302 9067.253 0 13.704
"198" 245.998462 41.138173 0.0303 9079.275 0 16.3863
"280" 245.555259 40.628482 0.0303 9083.711 0 16.2785
"30" 246.745351 41.071975 0.0303 9085.24 0 17.4363
"58" 247.157984 41.163946 0.0303 9087.879 0 14.4948
"416" 247.086094 39.55135 0.0303 9088.178 0 16.9346
"115" 247.254766 40.495048 0.0303 9088.928 0 15.4442
"40" 247.225614 40.86662 0.0303 9091.986 0 14.5959
"360" 247.192607 39.655882 0.0304 9102.958 0 16.0127
"114" 246.997029 41.408866 0.0304 9109.194 0 16.9502
"106" 246.303344 40.842079 0.0304 9111.292 0 15.1808
"426" 247.620004 39.626053 0.0304 9112.132 0 13.7748
"178" 247.56444 40.484486 0.0304 9116.569 0 16.852
"37" 246.887514 41.13851 0.0304 9117.828 0 16.69
"460" 248.387992 39.935433 0.0304 9118.517 0 17.1857
"177" 247.553636 41.360111 0.0304 9127.121 0 17.6998
"316" 247.438019 39.810542 0.0304 9128.441 0 14.6674
"209" 246.088067 40.487427 0.0305 9130.599 0 15.5457
"122" 246.279735 40.76608 0.0305 9132.758 0 16.869
"217" 247.424466 40.248209 0.0305 9133.027 0 15.2151
"436" 245.035373 40.887546 0.0305 9136.715 0 17.7829
"380" 247.205812 39.615767 0.0305 9139.083 0 15.2827
"427" 247.032206 39.523133 0.0305 9139.713 0 15.3917
"97" 247.392449 41.178654 0.0305 9142.201 0 17.38
"215" 247.709534 41.40255 0.0305 9144.479 0 16.0392
"464" 247.324328 39.459623 0.0305 9146.098 0 17.292
"22" 246.753304 40.810527 0.0305 9149.276 0 14.7376
"161" 247.517563 40.520557 0.0305 9150.385 0 16.3039
"99" 247.419919 40.686958 0.0305 9156.921 0 14.9081
"351" 247.764229 39.838464 0.0306 9161.508 0 13.9301
"124" 247.591629 40.924196 0.0306 9172.48 0 14.6566
"174" 246.25628 41.320429 0.0306 9176.317 0 16.2862
"190" 246.028087 40.744878 0.0306 9177.756 0 16.0895
"409" 247.904406 39.77697 0.0307 9195.774 0 17.895
"480" 248.718393 40.19479 0.0307 9196.583 0 14.4594
"38" 247.153459 41.064161 0.0307 9207.646 0 17.0424
"276" 245.551618 41.144525 0.0307 9209.504 0 16.4697
"83" 246.420598 41.028273 0.0308 9223.775 0 14.5499
"126" 247.594059 40.844104 0.0308 9226.203 0 17.7304
"403" 245.761808 41.955851 0.0308 9230.7 0 17.2891
"399" 247.160741 39.580024 0.0308 9232.379 0 16.3466
"199" 247.512944 41.493739 0.0308 9235.287 0 16.5059
"4" 246.81908 40.914569 0.0308 9235.496 0 16.1212
"156" 247.574042 40.598613 0.0308 9243.141 0 14.8624
"225" 247.459813 40.228404 0.0309 9253.844 0 17.6997
"470" 247.142446 39.418585 0.0309 9265.536 0 15.4388
"334" 247.129927 39.72797 0.0309 9265.895 0 15.1644
"32" 246.648808 40.893447 0.0309 9266.495 0 16.9112
"315" 247.549277 39.844275 0.0309 9272.281 0 16.8938
"462" 246.631415 39.447821 0.031 9278.876 0 16.2719
"408" 247.8303 39.744147 0.031 9280.615 0 14.531
"265" 245.724549 40.49638 0.031 9282.984 0 14.9476
"299" 246.668138 42.026792 0.031 9284.842 0 16.7774
"412" 246.94075 39.548739 0.031 9285.202 0 17.3105
"275" 246.695568 39.877592 0.031 9290.688 0 15.184
"223" 247.800586 40.486696 0.031 9290.958 0 14.9798
"309" 245.500797 40.44787 0.031 9298.213 0 14.3194
"450" 246.369725 39.522193 0.031 9299.592 0 16.2011
"132" 247.419412 40.545395 0.031 9307.866 0 17.4454
"387" 246.39146 39.650203 0.0311 9315.091 0 16.908
"232" 247.850207 41.379076 0.0311 9320.577 0 17.3855
"158" 247.682628 40.796509 0.0311 9327.533 0 15.8748
"241" 247.676025 40.233764 0.0311 9333.499 0 17.3351
"284" 246.267938 41.883737 0.0311 9335.567 0 16.1684
"313" 245.423217 40.591097 0.0312 9339.135 0 15.5844
"337" 247.869048 39.942814 0.0312 9345.73 0 16.6698
"324" 247.102807 39.741065 0.0312 9349.208 0 14.8814
"347" 247.238557 39.708285 0.0312 9349.567 0 15.0043
"400" 246.983331 39.568246 0.0312 9350.946 0 14.5635
"491" 246.504976 42.459349 0.0312 9356.493 0 16.7635
"368" 245.38003 41.503293 0.0313 9373.761 0 17.0886
"346" 247.155432 39.698914 0.0313 9374.51 0 14.9327
"247" 248.115049 40.772961 0.0313 9377.778 0 17.3912
"125" 247.40744 40.562547 0.0313 9378.048 0 17.6974
"478" 248.395434 41.971536 0.0313 9379.247 0 17.1869
"270" 245.742952 40.411141 0.0313 9393.577 0 15.4406
"3" 246.873381 40.965522 0.0314 9402.451 0 16.5406
"297" 247.698362 39.978342 0.0314 9413.033 0 15.6102
"259" 247.082338 39.959149 0.0314 9417.92 0 15.0833
"330" 248.501135 40.935305 0.0314 9424.216 0 17.7619
"273" 248.007728 40.265831 0.0314 9426.944 0 17.5353
"24" 247.137315 40.934896 0.0314 9427.573 0 17.7945
"374" 246.681599 39.618723 0.0315 9432.43 0 15.1824
"384" 246.365645 42.179855 0.0315 9432.91 0 16.8774
"326" 247.898595 39.987276 0.0315 9434.019 0 17.3828
"35" 246.653096 40.855766 0.0315 9440.794 0 17.0365
"283" 246.652723 39.858655 0.0315 9445.081 0 15.2953
"226" 247.456168 40.220782 0.0315 9445.381 0 15.2227
"440" 246.896722 39.483293 0.0315 9450.927 0 15.8674
"165" 247.558674 40.542755 0.0315 9453.026 0 16.1781
"340" 245.315104 40.746551 0.0315 9454.255 0 16.6275
"430" 247.698347 39.64148 0.0315 9456.294 0 16.4057
"327" 248.496318 40.884559 0.0316 9470.594 0 17.1497
"472" 247.245448 42.41968 0.0316 9475.69 0 15.743
"457" 246.35896 39.508135 0.0316 9481.866 0 15.9358
"109" 247.337531 40.562328 0.0316 9483.395 0 16.3976
"200" 246.035968 41.221085 0.0316 9486.812 0 17.1514
"6" 246.797199 40.906649 0.0317 9489.93 0 15.3163
"2" 246.948454 40.967038 0.0317 9490.29 0 16.5101
"354" 245.949426 41.954151 0.0317 9490.95 0 17.7962
"208" 247.526542 40.314731 0.0317 9491.129 0 15.8704
"90" 247.265239 40.604065 0.0317 9500.573 0 16.1809
"395" 247.130354 39.585265 0.0318 9520.209 0 17.8231
"27" 246.741624 40.798421 0.0318 9522.368 0 17.1806
"53" 247.114849 41.161 0.0318 9524.586 0 14.2096
"148" 246.435234 40.475615 0.0318 9537.507 0 14.5328
"107" 247.182266 40.49149 0.0318 9542.934 0 17.2521
"218" 247.247687 41.655179 0.0318 9547.161 0 16.7039
"343" 247.462682 39.766506 0.0319 9555.405 0 14.1138
"147" 247.630124 41.109804 0.0319 9563.799 0 16.7252
"453" 248.85497 40.92836 0.0319 9566.797 0 15.8213
"176" 247.778445 40.933065 0.0319 9567.157 0 15.6739
"243" 247.933781 40.426726 0.0319 9571.864 0 15.6678
"98" 247.251712 41.284276 0.0319 9575.761 0 13.5341
"250" 247.750601 40.247657 0.0319 9577.919 0 15.0178
"182" 246.816622 41.578379 0.032 9587.663 0 17.2667
"422" 245.11883 41.17927 0.032 9588.022 0 17.6163
"236" 247.685339 41.567539 0.032 9591.29 0 17.0048
"263" 246.23268 40.080342 0.032 9599.924 0 17.6209
"213" 247.48479 41.556757 0.032 9600.674 0 17.0369
"372" 247.509071 39.689623 0.0321 9620.31 0 17.7556
"120" 247.367216 40.547303 0.0321 9622.648 0 15.7354
"443" 245.731261 39.791629 0.0321 9627.475 0 13.5879
"483" 246.5802 39.393071 0.0321 9635.809 0 15.3668
"302" 247.278617 39.812931 0.0321 9637.278 0 16.2003
"272" 246.641844 39.895179 0.0322 9639.377 0 15.4169
"51" 246.952472 41.199754 0.0322 9641.805 0 16.9956
"89" 246.389378 41.013773 0.0322 9647.022 0 17.5495
"468" 247.763387 39.56219 0.0322 9648.131 0 14.5747
"382" 246.518598 39.628914 0.0322 9655.086 0 15.849
"322" 247.213394 39.755483 0.0323 9672.354 0 15.5493
"55" 247.173571 41.136999 0.0323 9684.376 0 14.1303
"429" 247.129656 39.523656 0.0323 9692.8 0 16.2433
"366" 245.818996 39.919843 0.0324 9702.273 0 13.1962
"28" 247.076013 40.784047 0.0324 9710.398 0 15.9954
"41" 247.041282 40.695562 0.0324 9711.117 0 14.5865
"228" 247.067033 40.115917 0.0324 9711.477 0 14.8269
"304" 247.24532 39.803063 0.0324 9714.805 0 15.1931
"344" 246.603995 42.123101 0.0325 9730.664 0 14.9889
"421" 247.14147 39.54889 0.0325 9731.503 0 15.8874
"203" 246.762186 41.661773 0.0325 9732.253 0 16.9724
"285" 248.158998 41.458547 0.0325 9733.152 0 16.772
"279" 245.963684 40.130883 0.0325 9733.662 0 14.2438
"332" 246.874343 39.720759 0.0325 9734.561 0 16.2765
"264" 246.559258 39.967175 0.0325 9738.038 0 14.1929
"445" 247.762264 39.623713 0.0325 9741.456 0 17.2127
"48" 246.943145 40.656492 0.0325 9744.514 0 16.5574
"328" 248.460627 40.659687 0.0325 9750.72 0 16.8005
"290" 246.66325 39.842169 0.0326 9758.994 0 17.602
"266" 246.439796 39.988491 0.0326 9765.829 0 17.2581
"242" 246.411143 40.098824 0.0326 9770.476 0 14.6712
"71" 246.922526 40.554465 0.0326 9770.686 0 17.3514
"274" 245.976661 40.143235 0.0326 9776.742 0 14.8456
"442" 247.146168 39.493015 0.0326 9781.628 0 16.074
"8" 246.80135 40.973664 0.0327 9789.903 0 17.3908
"79" 247.063057 40.557586 0.0327 9801.804 0 16.178
"306" 245.440146 41.181038 0.0327 9814.965 0 15.7486
"335" 246.932627 39.707905 0.0328 9818.323 0 17.4809
"180" 247.732461 41.152066 0.0328 9825.398 0 17.0325
"490" 247.100573 42.483411 0.0328 9826.297 0 16.7845
"362" 247.00356 39.626685 0.0328 9826.327 0 17.2994
"239" 246.380867 40.137219 0.0328 9832.023 0 15.2912
"94" 247.280306 40.590987 0.0328 9834.242 0 14.1976
"268" 246.93182 39.903662 0.0328 9842.396 0 15.6511
"5" 246.997057 40.968214 0.0329 9848.512 0 15.0985
"57" 247.296163 40.857417 0.0329 9855.347 0 14.5244
"256" 246.565504 40.008884 0.0329 9856.726 0 16.8192
"49" 246.970168 41.181063 0.0329 9857.356 0 17.3666
"168" 247.721062 40.802182 0.0329 9859.245 0 15.7832
"157" 246.966784 41.509755 0.0329 9863.981 0 17.0998
"10" 246.813726 40.992794 0.0329 9869.767 0 16.5122
"11" 246.831664 40.83172 0.0329 9869.887 0 17.5803
"59" 246.97876 40.606057 0.0329 9874.204 0 15.4271
"175" 246.916581 41.56442 0.0329 9875.403 0 17.7829
"407" 247.296786 39.587498 0.0329 9875.403 0 16.6981
"219" 245.918364 41.104522 0.033 9888.564 0 15.8225
"312" 246.269946 39.852325 0.033 9903.614 0 17.5771
"320" 247.261164 39.767684 0.033 9905.772 0 17.2605
"66" 247.026347 41.25084 0.033 9905.832 0 17.7085
"196" 247.130345 41.620257 0.0331 9919.743 0 17.1023
"133" 246.225689 41.050782 0.0331 9921.422 0 14.6648
"415" 245.300692 40.291199 0.0331 9922.471 0 16.4616
"465" 247.264578 39.447952 0.0331 9924.929 0 16.7264
"166" 247.058389 40.313849 0.0331 9932.034 0 14.1461
"160" 247.676289 41.100251 0.0332 9941.747 0 17.1594
"371" 245.550849 40.123023 0.0332 9942.947 0 15.7151
"63" 247.209185 40.669245 0.0332 9947.324 0 16.4737
"146" 246.220247 41.136409 0.0332 9954.998 0 16.9937
"138" 247.643992 40.990502 0.0332 9956.108 0 17.7296
"91" 247.245283 41.255286 0.0332 9959.315 0 15.7115
"386" 245.436126 40.204667 0.0332 9966.63 0 15.0374
"50" 247.164918 41.111043 0.0333 9977.273 0 14.1852
"181" 246.897259 40.2584 0.0333 9977.363 0 17.3407
"26" 247.153818 40.934263 0.0333 9981.26 0 16.8755
"393" 245.338709 40.309999 0.0333 9982.579 0 14.3483
"1" 246.920911 40.875423 0.0333 9984.738 0 14.9033
"18" 247.104689 40.858228 0.0333 9993.791 0 14.4813
"411" 247.278575 39.576284 0.0333 9995.47 0 17.6308
"17" 246.939946 41.072719 0.0333 9995.8 0 14.1969
"46" 246.903917 40.671055 0.0333 9997.269 0 14.6429
"402" 245.267288 40.389562 0.0333 9997.269 0 17.363
"191" 247.830891 41.002303 0.0334 10009.531 0 16.8117
"438" 245.027945 40.951657 0.0334 10009.531 0 16.4287
"391" 247.341611 39.620487 0.0334 10017.895 0 15.8934
"378" 246.916097 39.60071 0.0335 10035.822 0 17.4278
"123" 247.590464 40.913349 0.0335 10053.3 0 17.4602
"207" 245.94119 41.082334 0.0335 10055.639 0 15.2206
"230" 247.17609 40.123915 0.0336 10063.883 0 14.5921
"405" 245.36111 40.24206 0.0337 10090.145 0 17.5329
"93" 246.996769 40.497266 0.0337 10108.132 0 14.3235
"446" 247.185376 39.48458 0.0337 10113.978 0 15.7004
"425" 246.765074 39.527358 0.0338 10127.499 0 13.821
"73" 247.192735 40.617829 0.0338 10128.398 0 16.9962
"16" 247.08984 40.906797 0.0338 10135.713 0 14.8594
"345" 247.421922 39.748121 0.0338 10146.746 0 15.4562
"471" 245.224239 40.104126 0.0339 10149.234 0 13.5581
"145" 247.630805 41.094131 0.034 10200.678 0 17.1587
"410" 247.180448 39.56877 0.034 10201.608 0 17.3411
"224" 246.941659 40.119032 0.034 10203.137 0 16.3378
"461" 247.154902 39.445354 0.034 10206.674 0 17.5981
"277" 247.869219 40.141685 0.0341 10214.409 0 16.9885
"34" 247.009457 41.116234 0.0342 10257.219 0 17.305
"54" 247.288964 40.987603 0.0344 10305.396 0 14.2144
"42" 247.23909 40.899393 0.0346 10375.817 0 15.5107
"475" 246.920041 39.395929 0.0349 10459.339 0 16.083
"385" 246.705312 39.601384 0.0349 10461.438 0 17.795
"389" 247.235933 39.609483 0.0351 10537.405 0 16.9711
"466" 247.187794 39.437092 0.0352 10560.309 0 14.7107
"9" 247.026818 40.986812 0.0357 10706.728 0 17.5632
